1193875200 2593
1196467200 1316
1199145600 669
1201824000 674
1204329600 134
1207008000 76
1209600000 75
1212278400 108
1214870400 108
1217548800 83
1220227200 87
1222819200 289
1225497600 100
1228089600 82
1230768000 94
1233446400 121
1235865600 126
1238544000 226
1241136000 180
1243814400 218
1246406400 480
1249084800 301
1251763200 294
1254355200 329
1257033600 280
1259625600 193
1262304000 168
1264982400 163
1267401600 208
1270080000 240
1272672000 200
1275350400 235
1277942400 164
1280620800 169
1283299200 153
1285891200 162
1288569600 122
1291161600 132
1293840000 93
1296518400 107
1298937600 207
1301616000 247
1304208000 208
1306886400 217
1309478400 173
1312156800 129
1314835200 104
1317427200 145
1320105600 85
1322697600 94
1325376000 191
1328054400 102
1330560000 110
1333238400 143
1335830400 135
1338508800 131
1341100800 128
1343779200 112
1346457600 138
1349049600 129
1351728000 147
1354320000 134
1356998400 89
1359676800 150
1362096000 101
1364774400 105
1367366400 93
1370044800 139
1372636800 121
1375315200 165
1377993600 95
1380585600 101
1383264000 108
1385856000 84
1388534400 105
1391212800 126
1393632000 107
1396310400 98
1398902400 62
1401580800 76
1404172800 88
1406851200 90
1409529600 132
1412121600 78
1414800000 99
1417392000 75
1420070400 70
1422748800 81
1425168000 87
1427846400 67
1430438400 39
1433116800 96
1435708800 108
1438387200 96
1441065600 97
1443657600 73
1446336000 87
1448928000 86
1451606400 78
1454284800 90
1456790400 75
1459468800 70
1462060800 95
1464739200 144
1467331200 114
1470009600 114
1472688000 75
1475280000 143
1477958400 128
1480550400 66
1483228800 78
1485907200 122
1488326400 81
1491004800 153
1493596800 150
1496275200 143
1498867200 125
1501545600 108
1504224000 91
1506816000 94
1509494400 85
1512086400 72
1514764800 137
1517443200 200
1519862400 98
1522540800 91
1525132800 42
1527811200 97
1530403200 61
1533081600 101
1535760000 61
1538352000 68
1541030400 47
1543622400 49
1546300800 52
1548979200 49
1551398400 64
1554076800 63
1556668800 59
1559347200 73
1561939200 68
1564617600 74
1567296000 77
1569888000 38
1572566400 50
1575158400 57
1577836800 77
1580515200 33
1583020800 74
1585699200 92
1588291200 66
1590969600 41
1593561600 113
1596240000 167
1598918400 180
1601510400 68
1604188800 69
1606780800 86
1609459200 67
1612137600 51
1614556800 58
1617235200 58
1619827200 61
1622505600 59
1625097600 59
1627776000 81
1630454400 42
1633046400 42
1635724800 65
1638316800 47
1640995200 63
1643673600 46
1646092800 45
1648771200 42
1651363200 36
1654041600 37
1656633600 69
1659312000 24
1661990400 62
1664582400 60
1667260800 56
1669852800 50
1672531200 37
1675209600 30
1677628800 49
1680307200 26
1682899200 45
1685577600 54
1688169600 37
1690848000 47
1693526400 36
1696118400 46
1698796800 42
1701388800 33
1704067200 4
