1196035200 3607
1196640000 2185
1197244800 3510
1197849600 1622
1198454400 171
1199059200 131
1199664000 403
1200268800 85
1200873600 1245
1201478400 820
1202083200 808
1202688000 591
1203292800 250
1203897600 71
1204502400 53
1205107200 1686
1205712000 141
1206316800 52
1206921600 69
1207526400 41
1208131200 37
1208736000 50
1209340800 109
1209945600 43
1210550400 30
1211155200 30
1211760000 54
1212364800 38
1212969600 61
1213574400 108
1214179200 34
1214784000 48
1215388800 47
1215993600 47
1216598400 35
1217203200 55
1217808000 41
1218412800 18
1219017600 27
1219622400 70
1220227200 46
1220832000 79
1221436800 27
1222041600 36
1222646400 259
1223251200 89
1223856000 62
1224460800 91
1225065600 98
1225670400 37
1226275200 39
1226880000 96
1227484800 28
1228089600 31
1228694400 28
1229299200 59
1229904000 20
1230508800 25
1231113600 33
1231718400 28
1232323200 71
1232928000 55
1233532800 105
1234137600 105
1234742400 56
1235347200 56
1235952000 50
1236556800 83
1237161600 40
1237766400 49
1238371200 56
1238976000 69
1239580800 92
1240185600 78
1240790400 83
1241395200 113
1242000000 50
1242604800 44
1243209600 242
1243814400 85
1244419200 62
1245024000 106
1245628800 199
1246233600 166
1246838400 266
1247443200 714
1248048000 788
1248652800 581
1249257600 366
1249862400 245
1250467200 233
1251072000 614
1251676800 369
1252281600 291
1252886400 256
1253491200 301
1254096000 230
1254700800 319
1255305600 294
1255910400 235
1256515200 221
1257120000 255
1257724800 137
1258329600 352
1258934400 290
1259539200 290
1260144000 239
1260748800 208
1261353600 128
1261958400 213
1262563200 214
1263168000 133
1263772800 195
1264377600 131
1264982400 203
1265587200 303
1266192000 190
1266796800 337
1267401600 229
1268006400 252
1268611200 225
1269216000 252
1269820800 196
1270425600 167
1271030400 166
1271635200 242
1272240000 343
1272844800 268
1273449600 180
1274054400 311
1274659200 210
1275264000 169
1275868800 232
1276473600 252
1277078400 343
1277683200 224
1278288000 199
1278892800 208
1279497600 139
1280102400 234
1280707200 182
1281312000 206
1281916800 393
1282521600 229
1283126400 145
1283731200 178
1284336000 224
1284940800 104
1285545600 121
1286150400 335
1286755200 356
1287360000 182
1287964800 207
1288569600 195
1289174400 208
1289779200 158
1290384000 165
1290988800 312
1291593600 292
1292198400 217
1292803200 238
1293408000 187
1294012800 150
1294617600 118
1295222400 183
1295827200 262
1296432000 174
1297036800 168
1297641600 494
1298246400 411
1298851200 304
1299456000 220
1300060800 274
1300665600 266
1301270400 812
1301875200 233
1302480000 305
1303084800 375
1303689600 272
1304294400 226
1304899200 274
1305504000 254
1306108800 329
1306713600 219
1307318400 443
1307923200 256
1308528000 251
1309132800 175
1309737600 141
1310342400 217
1310947200 182
1311552000 193
1312156800 267
1312761600 112
1313366400 129
1313971200 175
1314576000 214
1315180800 129
1315785600 141
1316390400 146
1316995200 211
1317600000 196
1318204800 226
1318809600 149
1319414400 174
1320019200 147
1320624000 68
1321228800 186
1321833600 147
1322438400 206
1323043200 222
1323648000 107
1324252800 80
1324857600 110
1325462400 358
1326067200 145
1326672000 183
1327276800 112
1327881600 125
1328486400 123
1329091200 151
1329696000 137
1330300800 146
1330905600 213
1331510400 113
1332115200 78
1332720000 154
1333324800 167
1333929600 147
1334534400 194
1335139200 203
1335744000 172
1336348800 131
1336953600 163
1337558400 113
1338163200 202
1338768000 200
1339372800 94
1339977600 134
1340582400 204
1341187200 392
1341792000 136
1342396800 139
1343001600 151
1343606400 138
1344211200 130
1344816000 113
1345420800 162
1346025600 226
1346630400 177
1347235200 173
1347840000 193
1348444800 161
1349049600 156
1349654400 128
1350259200 74
1350864000 155
1351468800 130
1352073600 93
1352678400 322
1353283200 375
1353888000 326
1354492800 264
1355097600 232
1355702400 119
1356307200 108
1356912000 102
1357516800 101
1358121600 227
1358726400 111
1359331200 219
1359936000 139
1360540800 406
1361145600 328
1361750400 229
1362355200 134
1362960000 171
1363564800 228
1364169600 150
1364774400 213
1365379200 193
1365984000 176
1366588800 109
1367193600 133
1367798400 160
1368403200 224
1369008000 183
1369612800 125
1370217600 114
1370822400 197
1371427200 151
1372032000 136
1372636800 128
1373241600 192
1373846400 203
1374451200 168
1375056000 251
1375660800 173
1376265600 189
1376870400 210
1377475200 132
1378080000 162
1378684800 112
1379289600 91
1379894400 94
1380499200 53
1381104000 71
1381708800 326
1382313600 103
1382918400 167
1383523200 176
1384128000 98
1384732800 206
1385337600 120
1385942400 107
1386547200 155
1387152000 137
1387756800 60
1388361600 68
1388966400 166
1389571200 157
1390176000 143
1390780800 146
1391385600 168
1391990400 168
1392595200 146
1393200000 93
1393804800 110
1394409600 134
1395014400 177
1395619200 74
1396224000 146
1396828800 186
1397433600 170
1398038400 185
1398643200 53
1399248000 161
1399852800 83
1400457600 96
1401062400 124
1401667200 53
1402272000 123
1402876800 139
1403481600 102
1404086400 203
1404691200 101
1405296000 168
1405900800 147
1406505600 110
1407110400 91
1407715200 81
1408320000 139
1408924800 107
1409529600 148
1410134400 196
1410739200 272
1411344000 156
1411948800 210
1412553600 137
1413158400 146
1413763200 106
1414368000 145
1414972800 127
1415577600 74
1416182400 120
1416787200 203
1417392000 80
1417996800 119
1418601600 154
1419206400 98
1419811200 97
1420416000 118
1421020800 103
1421625600 131
1422230400 122
1422835200 171
1423440000 138
1424044800 132
1424649600 138
1425254400 115
1425859200 205
1426464000 83
1427068800 128
1427673600 111
1428278400 134
1428883200 99
1429488000 172
1430092800 156
1430697600 77
1431302400 93
1431907200 144
1432512000 160
1433116800 201
1433721600 84
1434326400 247
1434931200 91
1435536000 136
1436140800 66
1436745600 129
1437350400 176
1437955200 127
1438560000 122
1439164800 183
1439769600 78
1440374400 210
1440979200 101
1441584000 154
1442188800 149
1442793600 129
1443398400 130
1444003200 109
1444608000 69
1445212800 136
1445817600 87
1446422400 273
1447027200 84
1447632000 246
1448236800 151
1448841600 162
1449446400 304
1450051200 276
1450656000 151
1451260800 87
1451865600 94
1452470400 174
1453075200 221
1453680000 187
1454284800 94
1454889600 132
1455494400 172
1456099200 108
1456704000 367
1457308800 146
1457913600 131
1458518400 76
1459123200 122
1459728000 106
1460332800 103
1460937600 89
1461542400 97
1462147200 166
1462752000 189
1463356800 135
1463961600 164
1464566400 164
1465171200 189
1465776000 161
1466380800 162
1466985600 126
1467590400 168
1468195200 253
1468800000 152
1469404800 171
1470009600 220
1470614400 115
1471219200 180
1471824000 181
1472428800 154
1473033600 166
1473638400 244
1474243200 347
1474848000 184
1475452800 315
1476057600 315
1476662400 416
1477267200 360
1477872000 75
1478476800 245
1479081600 233
1479686400 175
1480291200 166
1480896000 161
1481500800 104
1482105600 124
1482710400 79
1483315200 386
1483920000 156
1484524800 215
1485129600 278
1485734400 247
1486339200 306
1486944000 180
1487548800 283
1488153600 292
1488758400 191
1489363200 186
1489968000 123
1490572800 144
1491177600 177
1491782400 122
1492387200 368
1492992000 250
1493596800 202
1494201600 246
1494806400 384
1495411200 274
1496016000 438
1496620800 584
1497225600 548
1497830400 460
1498435200 412
1499040000 329
1499644800 552
1500249600 391
1500854400 502
1501459200 315
1502064000 323
1502668800 465
1503273600 465
1503878400 223
1504483200 244
1505088000 197
1505692800 243
1506297600 315
1506902400 307
1507507200 248
1508112000 195
1508716800 414
1509321600 691
1509926400 597
1510531200 275
1511136000 312
1511740800 355
1512345600 275
1512950400 283
1513555200 330
1514160000 170
1514764800 235
1515369600 173
1515974400 334
1516579200 222
1517184000 268
1517788800 680
1518393600 715
1518998400 344
1519603200 463
1520208000 271
1520812800 202
1521417600 304
1522022400 147
1522627200 262
1523232000 222
1523836800 179
1524441600 194
1525046400 336
1525651200 127
1526256000 161
1526860800 134
1527465600 195
1528070400 387
1528675200 621
1529280000 214
1529884800 365
1530489600 233
1531094400 144
1531699200 253
1532304000 196
1532908800 201
1533513600 208
1534118400 623
1534723200 296
1535328000 538
1535932800 226
1536537600 252
1537142400 209
1537747200 89
1538352000 166
1538956800 159
1539561600 191
1540166400 154
1540771200 103
1541376000 204
1541980800 332
1542585600 100
1543190400 159
1543795200 304
1544400000 243
1545004800 147
1545609600 111
1546214400 109
1546819200 105
1547424000 148
1548028800 100
1548633600 389
1549238400 159
1549843200 176
1550448000 40
1551052800 153
1551657600 103
1552262400 115
1552867200 204
1553472000 65
1554076800 209
1554681600 168
1555286400 37
1555891200 160
1556496000 137
1557100800 107
1557705600 229
1558310400 124
1558915200 191
1559520000 165
1560124800 207
1560729600 287
1561334400 186
1561939200 202
1562544000 155
1563148800 186
1563753600 114
1564358400 120
1564963200 151
1565568000 208
1566172800 70
1566777600 226
1567382400 124
1567987200 189
1568592000 107
1569196800 177
1569801600 203
1570406400 86
1571011200 195
1571616000 241
1572220800 83
1572825600 217
1573430400 228
1574035200 167
1574640000 87
1575244800 45
1575849600 348
1576454400 264
1577059200 59
1577664000 54
1578268800 285
1578873600 114
1579478400 136
1580083200 452
1580688000 109
1581292800 162
1581897600 134
1582502400 110
1583107200 372
1583712000 243
1584316800 337
1584921600 352
1585526400 185
1586131200 167
1586736000 213
1587340800 204
1587945600 225
1588550400 156
1589155200 177
1589760000 71
1590364800 218
1590969600 85
1591574400 89
1592179200 199
1592784000 144
1593388800 113
1593993600 106
1594598400 101
1595203200 561
1595808000 215
1596412800 130
1597017600 864
1597622400 382
1598227200 247
1598832000 728
1599436800 264
1600041600 146
1600646400 87
1601251200 118
1601856000 64
1602460800 234
1603065600 277
1603670400 167
1604275200 348
1604880000 140
1605484800 220
1606089600 168
1606694400 209
1607299200 193
1607904000 116
1608508800 85
1609113600 54
1609718400 174
1610323200 233
1610928000 145
1611532800 60
1612137600 155
1612742400 165
1613347200 143
1613952000 190
1614556800 109
1615161600 68
1615766400 93
1616371200 74
1616976000 184
1617580800 68
1618185600 122
1618790400 189
1619395200 53
1620000000 138
1620604800 170
1621209600 245
1621814400 160
1622419200 110
1623024000 129
1623628800 354
1624233600 83
1624838400 88
1625443200 61
1626048000 158
1626652800 98
1627257600 160
1627862400 149
1628467200 105
1629072000 183
1629676800 172
1630281600 176
1630886400 137
1631491200 85
1632096000 97
1632700800 62
1633305600 144
1633910400 97
1634515200 65
1635120000 172
1635724800 168
1636329600 114
1636934400 124
1637539200 224
1638144000 84
1638748800 180
1639353600 271
1639958400 473
1640563200 125
1641168000 193
1641772800 186
1642377600 212
1642982400 229
1643587200 113
1644192000 81
1644796800 93
1645401600 270
1646006400 142
1646611200 105
1647216000 178
1647820800 152
1648425600 103
1649030400 38
1649635200 300
1650240000 234
1650844800 132
1651449600 198
1652054400 172
1652659200 86
1653264000 114
1653868800 60
1654473600 51
1655078400 199
1655683200 104
1656288000 145
1656892800 132
1657497600 1554
1658102400 131
1658707200 342
1659312000 112
1659916800 107
1660521600 151
1661126400 126
1661731200 86
1662336000 139
1662940800 161
1663545600 233
1664150400 230
1664755200 283
1665360000 129
1665964800 99
1666569600 249
1667174400 155
1667779200 204
1668384000 109
1668988800 171
1669593600 170
1670198400 223
1670803200 417
1671408000 175
1672012800 213
1672617600 185
1673222400 110
1673827200 226
1674432000 186
1675036800 102
1675641600 32
1676246400 276
1676851200 45
1677456000 189
1678060800 320
1678665600 243
1679270400 136
1679875200 157
1680480000 170
1681084800 49
1681689600 62
1682294400 17
1682899200 72
1683504000 107
1684108800 251
1684713600 210
1685318400 353
1685923200 104
1686528000 92
1687132800 74
1687737600 250
1688342400 246
1688947200 123
1689552000 75
1690156800 49
1690761600 123
1691366400 268
1691971200 271
1692576000 159
1693180800 219
1693785600 76
1694390400 83
1694995200 80
1695600000 105
1696204800 179
1696809600 62
1697414400 43
1698019200 106
1698624000 127
1699228800 144
1699833600 164
1700438400 162
1701043200 110
1701648000 244
1702252800 80
1702857600 16
1703462400 67
1704067200 38
