1196035200 2675
1196640000 561
1197244800 332
1197849600 270
1198454400 64
1199059200 63
1199664000 84
1200268800 23
1200873600 425
1201478400 280
1202083200 243
1202688000 113
1203292800 84
1203897600 36
1204502400 35
1205107200 54
1205712000 21
1206316800 18
1206921600 17
1207526400 8
1208131200 12
1208736000 22
1209340800 32
1209945600 22
1210550400 14
1211155200 11
1211760000 26
1212364800 14
1212969600 39
1213574400 35
1214179200 12
1214784000 13
1215388800 26
1215993600 18
1216598400 34
1217203200 20
1217808000 19
1218412800 6
1219017600 11
1219622400 44
1220227200 10
1220832000 18
1221436800 8
1222041600 19
1222646400 106
1223251200 65
1223856000 38
1224460800 54
1225065600 61
1225670400 34
1226275200 17
1226880000 32
1227484800 14
1228089600 10
1228694400 21
1229299200 34
1229904000 14
1230508800 5
1231113600 16
1231718400 10
1232323200 38
1232928000 28
1233532800 24
1234137600 45
1234742400 26
1235347200 29
1235952000 32
1236556800 47
1237161600 11
1237766400 22
1238371200 27
1238976000 60
1239580800 66
1240185600 46
1240790400 60
1241395200 57
1242000000 23
1242604800 18
1243209600 60
1243814400 63
1244419200 43
1245024000 66
1245628800 30
1246233600 42
1246838400 47
1247443200 140
1248048000 174
1248652800 115
1249257600 96
1249862400 56
1250467200 45
1251072000 77
1251676800 56
1252281600 80
1252886400 64
1253491200 86
1254096000 53
1254700800 91
1255305600 70
1255910400 62
1256515200 74
1257120000 47
1257724800 66
1258329600 72
1258934400 75
1259539200 66
1260144000 43
1260748800 25
1261353600 38
1261958400 39
1262563200 67
1263168000 18
1263772800 36
1264377600 41
1264982400 39
1265587200 54
1266192000 23
1266796800 47
1267401600 28
1268006400 30
1268611200 56
1269216000 65
1269820800 56
1270425600 27
1271030400 33
1271635200 68
1272240000 105
1272844800 39
1273449600 36
1274054400 53
1274659200 50
1275264000 41
1275868800 41
1276473600 78
1277078400 50
1277683200 50
1278288000 41
1278892800 38
1279497600 31
1280102400 33
1280707200 32
1281312000 43
1281916800 62
1282521600 20
1283126400 40
1283731200 21
1284336000 44
1284940800 35
1285545600 31
1286150400 68
1286755200 35
1287360000 30
1287964800 21
1288569600 25
1289174400 29
1289779200 43
1290384000 16
1290988800 30
1291593600 20
1292198400 20
1292803200 37
1293408000 41
1294012800 20
1294617600 24
1295222400 12
1295827200 27
1296432000 16
1297036800 22
1297641600 35
1298246400 30
1298851200 46
1299456000 25
1300060800 53
1300665600 69
1301270400 26
1301875200 37
1302480000 58
1303084800 75
1303689600 73
1304294400 59
1304899200 45
1305504000 43
1306108800 47
1306713600 49
1307318400 68
1307923200 32
1308528000 52
1309132800 44
1309737600 46
1310342400 37
1310947200 47
1311552000 28
1312156800 34
1312761600 17
1313366400 23
1313971200 26
1314576000 41
1315180800 23
1315785600 26
1316390400 18
1316995200 37
1317600000 33
1318204800 39
1318809600 38
1319414400 21
1320019200 14
1320624000 14
1321228800 21
1321833600 19
1322438400 36
1323043200 32
1323648000 25
1324252800 17
1324857600 4
1325462400 86
1326067200 22
1326672000 39
1327276800 21
1327881600 35
1328486400 24
1329091200 22
1329696000 32
1330300800 25
1330905600 37
1331510400 18
1332115200 10
1332720000 32
1333324800 49
1333929600 21
1334534400 36
1335139200 31
1335744000 33
1336348800 39
1336953600 16
1337558400 24
1338163200 54
1338768000 12
1339372800 21
1339977600 34
1340582400 39
1341187200 53
1341792000 24
1342396800 21
1343001600 25
1343606400 34
1344211200 31
1344816000 18
1345420800 16
1346025600 33
1346630400 44
1347235200 25
1347840000 32
1348444800 21
1349049600 26
1349654400 40
1350259200 12
1350864000 32
1351468800 25
1352073600 16
1352678400 45
1353283200 45
1353888000 49
1354492800 32
1355097600 45
1355702400 14
1356307200 28
1356912000 20
1357516800 10
1358121600 33
1358726400 13
1359331200 27
1359936000 33
1360540800 41
1361145600 52
1361750400 23
1362355200 15
1362960000 29
1363564800 23
1364169600 22
1364774400 24
1365379200 22
1365984000 26
1366588800 27
1367193600 15
1367798400 16
1368403200 18
1369008000 28
1369612800 31
1370217600 19
1370822400 49
1371427200 32
1372032000 30
1372636800 18
1373241600 28
1373846400 22
1374451200 27
1375056000 49
1375660800 41
1376265600 34
1376870400 45
1377475200 23
1378080000 28
1378684800 24
1379289600 13
1379894400 22
1380499200 17
1381104000 11
1381708800 36
1382313600 31
1382918400 21
1383523200 32
1384128000 27
1384732800 27
1385337600 15
1385942400 22
1386547200 25
1387152000 20
1387756800 15
1388361600 16
1388966400 27
1389571200 38
1390176000 15
1390780800 19
1391385600 34
1391990400 49
1392595200 15
1393200000 20
1393804800 24
1394409600 28
1395014400 35
1395619200 15
1396224000 22
1396828800 14
1397433600 22
1398038400 34
1398643200 18
1399248000 25
1399852800 8
1400457600 10
1401062400 16
1401667200 15
1402272000 26
1402876800 24
1403481600 5
1404086400 34
1404691200 15
1405296000 16
1405900800 21
1406505600 17
1407110400 21
1407715200 20
1408320000 19
1408924800 16
1409529600 16
1410134400 31
1410739200 39
1411344000 34
1411948800 23
1412553600 20
1413158400 19
1413763200 18
1414368000 12
1414972800 25
1415577600 20
1416182400 16
1416787200 36
1417392000 17
1417996800 18
1418601600 21
1419206400 9
1419811200 16
1420416000 14
1421020800 13
1421625600 22
1422230400 25
1422835200 15
1423440000 28
1424044800 18
1424649600 11
1425254400 15
1425859200 23
1426464000 16
1427068800 26
1427673600 15
1428278400 6
1428883200 24
1429488000 22
1430092800 7
1430697600 10
1431302400 3
1431907200 6
1432512000 19
1433116800 25
1433721600 21
1434326400 33
1434931200 13
1435536000 12
1436140800 23
1436745600 23
1437350400 26
1437955200 34
1438560000 8
1439164800 26
1439769600 28
1440374400 20
1440979200 33
1441584000 26
1442188800 23
1442793600 14
1443398400 24
1444003200 11
1444608000 8
1445212800 28
1445817600 11
1446422400 14
1447027200 13
1447632000 43
1448236800 12
1448841600 29
1449446400 36
1450051200 15
1450656000 7
1451260800 4
1451865600 14
1452470400 18
1453075200 26
1453680000 20
1454284800 22
1454889600 11
1455494400 38
1456099200 17
1456704000 15
1457308800 26
1457913600 15
1458518400 13
1459123200 12
1459728000 15
1460332800 10
1460937600 17
1461542400 31
1462147200 15
1462752000 21
1463356800 15
1463961600 24
1464566400 22
1465171200 52
1465776000 19
1466380800 34
1466985600 50
1467590400 19
1468195200 21
1468800000 29
1469404800 25
1470009600 31
1470614400 28
1471219200 24
1471824000 23
1472428800 15
1473033600 9
1473638400 19
1474243200 23
1474848000 20
1475452800 35
1476057600 42
1476662400 29
1477267200 32
1477872000 11
1478476800 26
1479081600 27
1479686400 42
1480291200 29
1480896000 13
1481500800 16
1482105600 19
1482710400 14
1483315200 29
1483920000 15
1484524800 10
1485129600 19
1485734400 24
1486339200 28
1486944000 17
1487548800 29
1488153600 41
1488758400 11
1489363200 24
1489968000 12
1490572800 23
1491177600 21
1491782400 24
1492387200 30
1492992000 76
1493596800 23
1494201600 48
1494806400 39
1495411200 17
1496016000 39
1496620800 42
1497225600 40
1497830400 28
1498435200 23
1499040000 18
1499644800 54
1500249600 17
1500854400 26
1501459200 27
1502064000 16
1502668800 31
1503273600 29
1503878400 11
1504483200 25
1505088000 15
1505692800 30
1506297600 22
1506902400 26
1507507200 21
1508112000 20
1508716800 20
1509321600 22
1509926400 25
1510531200 17
1511136000 14
1511740800 23
1512345600 13
1512950400 9
1513555200 34
1514160000 4
1514764800 42
1515369600 21
1515974400 23
1516579200 26
1517184000 34
1517788800 65
1518393600 70
1518998400 34
1519603200 28
1520208000 22
1520812800 10
1521417600 49
1522022400 12
1522627200 21
1523232000 28
1523836800 17
1524441600 23
1525046400 12
1525651200 12
1526256000 8
1526860800 7
1527465600 10
1528070400 27
1528675200 35
1529280000 19
1529884800 10
1530489600 24
1531094400 8
1531699200 13
1532304000 12
1532908800 5
1533513600 13
1534118400 39
1534723200 30
1535328000 19
1535932800 20
1536537600 15
1537142400 17
1537747200 8
1538352000 15
1538956800 7
1539561600 17
1540166400 17
1540771200 12
1541376000 17
1541980800 14
1542585600 13
1543190400 8
1543795200 14
1544400000 6
1545004800 15
1545609600 7
1546214400 12
1546819200 11
1547424000 7
1548028800 15
1548633600 16
1549238400 21
1549843200 12
1550448000 5
1551052800 8
1551657600 9
1552262400 19
1552867200 15
1553472000 17
1554076800 18
1554681600 21
1555286400 4
1555891200 20
1556496000 8
1557100800 18
1557705600 20
1558310400 6
1558915200 10
1559520000 18
1560124800 13
1560729600 13
1561334400 26
1561939200 16
1562544000 16
1563148800 15
1563753600 9
1564358400 18
1564963200 20
1565568000 28
1566172800 8
1566777600 36
1567382400 18
1567987200 10
1568592000 3
1569196800 20
1569801600 5
1570406400 3
1571011200 19
1571616000 7
1572220800 10
1572825600 13
1573430400 13
1574035200 17
1574640000 3
1575244800 3
1575849600 35
1576454400 15
1577059200 3
1577664000 4
1578268800 16
1578873600 7
1579478400 22
1580083200 32
1580688000 2
1581292800 12
1581897600 11
1582502400 6
1583107200 16
1583712000 13
1584316800 27
1584921600 16
1585526400 12
1586131200 20
1586736000 17
1587340800 30
1587945600 17
1588550400 6
1589155200 26
1589760000 10
1590364800 21
1590969600 14
1591574400 7
1592179200 8
1592784000 12
1593388800 7
1593993600 22
1594598400 22
1595203200 49
1595808000 13
1596412800 18
1597017600 78
1597622400 47
1598227200 24
1598832000 121
1599436800 29
1600041600 17
1600646400 8
1601251200 10
1601856000 12
1602460800 22
1603065600 11
1603670400 18
1604275200 16
1604880000 24
1605484800 20
1606089600 8
1606694400 30
1607299200 25
1607904000 19
1608508800 13
1609113600 4
1609718400 7
1610323200 29
1610928000 11
1611532800 16
1612137600 24
1612742400 15
1613347200 7
1613952000 5
1614556800 6
1615161600 16
1615766400 11
1616371200 21
1616976000 9
1617580800 17
1618185600 18
1618790400 9
1619395200 11
1620000000 15
1620604800 14
1621209600 14
1621814400 14
1622419200 9
1623024000 15
1623628800 26
1624233600 7
1624838400 5
1625443200 8
1626048000 12
1626652800 23
1627257600 17
1627862400 17
1628467200 14
1629072000 29
1629676800 19
1630281600 9
1630886400 12
1631491200 12
1632096000 7
1632700800 5
1633305600 8
1633910400 11
1634515200 6
1635120000 14
1635724800 14
1636329600 21
1636934400 13
1637539200 9
1638144000 12
1638748800 11
1639353600 15
1639958400 15
1640563200 12
1641168000 9
1641772800 13
1642377600 11
1642982400 20
1643587200 8
1644192000 12
1644796800 6
1645401600 12
1646006400 20
1646611200 13
1647216000 12
1647820800 7
1648425600 1
1649030400 5
1649635200 15
1650240000 13
1650844800 11
1651449600 6
1652054400 13
1652659200 3
1653264000 12
1653868800 5
1654473600 3
1655078400 22
1655683200 3
1656288000 9
1656892800 8
1657497600 36
1658102400 7
1658707200 13
1659312000 3
1659916800 6
1660521600 6
1661126400 6
1661731200 5
1662336000 9
1662940800 18
1663545600 14
1664150400 21
1664755200 20
1665360000 15
1665964800 15
1666569600 8
1667174400 13
1667779200 17
1668384000 13
1668988800 9
1669593600 7
1670198400 17
1670803200 21
1671408000 8
1672012800 1
1672617600 10
1673222400 3
1673827200 8
1674432000 11
1675036800 9
1675641600 5
1676246400 10
1676851200 6
1677456000 16
1678060800 9
1678665600 21
1679270400 6
1679875200 6
1680480000 8
1681084800 8
1681689600 3
1682294400 3
1682899200 8
1683504000 8
1684108800 19
1684713600 7
1685318400 24
1685923200 5
1686528000 13
1687132800 10
1687737600 7
1688342400 17
1688947200 6
1689552000 7
1690156800 5
1690761600 7
1691366400 9
1691971200 17
1692576000 14
1693180800 13
1693785600 7
1694390400 7
1694995200 8
1695600000 7
1696204800 13
1696809600 13
1697414400 4
1698019200 8
1698624000 5
1699228800 10
1699833600 8
1700438400 18
1701043200 7
1701648000 9
1702252800 8
1702857600 4
1703462400 8
1704067200 4
