1193875200 3267
1196467200 7411
1199145600 1953
1201824000 2180
1204329600 524
1207008000 210
1209600000 151
1212278400 186
1214870400 175
1217548800 119
1220227200 206
1222819200 392
1225497600 136
1228089600 127
1230768000 147
1233446400 279
1235865600 199
1238544000 268
1241136000 424
1243814400 281
1246406400 902
1249084800 689
1251763200 469
1254355200 495
1257033600 467
1259625600 449
1262304000 334
1264982400 343
1267401600 418
1270080000 421
1272672000 430
1275350400 432
1277942400 326
1280620800 482
1283299200 312
1285891200 383
1288569600 329
1291161600 375
1293840000 315
1296518400 445
1298937600 418
1301616000 1083
1304208000 501
1306886400 487
1309478400 352
1312156800 325
1314835200 216
1317427200 296
1320105600 257
1322697600 244
1325376000 384
1328054400 222
1330560000 207
1333238400 294
1335830400 255
1338508800 283
1341100800 353
1343779200 282
1346457600 352
1349049600 245
1351728000 419
1354320000 326
1356998400 243
1359676800 503
1362096000 349
1364774400 264
1367366400 327
1370044800 257
1372636800 403
1375315200 304
1377993600 155
1380585600 318
1383264000 237
1385856000 193
1388534400 277
1391212800 246
1393632000 234
1396310400 262
1398902400 148
1401580800 219
1404172800 302
1406851200 219
1409529600 320
1412121600 226
1414800000 239
1417392000 195
1420070400 174
1422748800 191
1425168000 207
1427846400 208
1430438400 157
1433116800 315
1435708800 196
1438387200 205
1441065600 195
1443657600 187
1446336000 187
1448928000 336
1451606400 255
1454284800 217
1456790400 481
1459468800 144
1462060800 255
1464739200 272
1467331200 295
1470009600 338
1472688000 293
1475280000 491
1477958400 294
1480550400 184
1483228800 513
1485907200 324
1488326400 263
1491004800 406
1493596800 301
1496275200 400
1498867200 405
1501545600 336
1504224000 229
1506816000 279
1509494400 379
1512086400 181
1514764800 244
1517443200 701
1519862400 274
1522540800 208
1525132800 160
1527811200 320
1530403200 169
1533081600 326
1535760000 176
1538352000 137
1541030400 168
1543622400 156
1546300800 158
1548979200 175
1551398400 168
1554076800 164
1556668800 122
1559347200 166
1561939200 165
1564617600 162
1567296000 135
1569888000 192
1572566400 122
1575158400 152
1577836800 231
1580515200 135
1583020800 238
1585699200 220
1588291200 172
1590969600 143
1593561600 610
1596240000 1243
1598918400 921
1601510400 209
1604188800 219
1606780800 235
1609459200 221
1612137600 140
1614556800 93
1617235200 109
1619827200 174
1622505600 168
1625097600 129
1627776000 114
1630454400 137
1633046400 131
1635724800 138
1638316800 181
1640995200 198
1643673600 103
1646092800 108
1648771200 148
1651363200 101
1654041600 108
1656633600 1756
1659312000 173
1661990400 206
1664582400 174
1667260800 153
1669852800 295
1672531200 206
1675209600 119
1677628800 218
1680307200 88
1682899200 145
1685577600 135
1688169600 124
1690848000 176
1693526400 101
1696118400 119
1698796800 155
1701388800 87
1704067200 6
