1196035200 2672
1196640000 557
1197244800 332
1197849600 270
1198454400 64
1199059200 63
1199664000 84
1200268800 23
1200873600 422
1201478400 280
1202083200 244
1202688000 113
1203292800 85
1203897600 36
1204502400 35
1205107200 54
1205712000 21
1206316800 18
1206921600 17
1207526400 7
1208131200 12
1208736000 22
1209340800 34
1209945600 22
1210550400 14
1211155200 11
1211760000 26
1212364800 14
1212969600 39
1213574400 35
1214179200 12
1214784000 13
1215388800 26
1215993600 18
1216598400 34
1217203200 20
1217808000 19
1218412800 6
1219017600 11
1219622400 44
1220227200 10
1220832000 18
1221436800 8
1222041600 19
1222646400 104
1223251200 65
1223856000 38
1224460800 54
1225065600 62
1225670400 34
1226275200 17
1226880000 32
1227484800 14
1228089600 10
1228694400 21
1229299200 35
1229904000 14
1230508800 5
1231113600 16
1231718400 10
1232323200 38
1232928000 28
1233532800 24
1234137600 45
1234742400 27
1235347200 28
1235952000 34
1236556800 47
1237161600 11
1237766400 22
1238371200 27
1238976000 60
1239580800 67
1240185600 46
1240790400 60
1241395200 56
1242000000 23
1242604800 18
1243209600 59
1243814400 65
1244419200 43
1245024000 68
1245628800 30
1246233600 46
1246838400 47
1247443200 140
1248048000 172
1248652800 115
1249257600 92
1249862400 56
1250467200 45
1251072000 81
1251676800 58
1252281600 80
1252886400 64
1253491200 85
1254096000 53
1254700800 88
1255305600 70
1255910400 66
1256515200 74
1257120000 47
1257724800 66
1258329600 77
1258934400 75
1259539200 65
1260144000 43
1260748800 25
1261353600 38
1261958400 38
1262563200 68
1263168000 22
1263772800 38
1264377600 40
1264982400 38
1265587200 53
1266192000 27
1266796800 48
1267401600 28
1268006400 33
1268611200 56
1269216000 64
1269820800 55
1270425600 27
1271030400 33
1271635200 68
1272240000 105
1272844800 39
1273449600 37
1274054400 52
1274659200 49
1275264000 41
1275868800 40
1276473600 78
1277078400 50
1277683200 52
1278288000 41
1278892800 38
1279497600 31
1280102400 33
1280707200 33
1281312000 41
1281916800 62
1282521600 20
1283126400 40
1283731200 21
1284336000 44
1284940800 35
1285545600 31
1286150400 67
1286755200 35
1287360000 30
1287964800 21
1288569600 24
1289174400 27
1289779200 43
1290384000 16
1290988800 32
1291593600 19
1292198400 19
1292803200 33
1293408000 41
1294012800 18
1294617600 24
1295222400 12
1295827200 27
1296432000 16
1297036800 21
1297641600 33
1298246400 30
1298851200 46
1299456000 24
1300060800 53
1300665600 67
1301270400 26
1301875200 38
1302480000 57
1303084800 76
1303689600 74
1304294400 59
1304899200 45
1305504000 43
1306108800 47
1306713600 48
1307318400 69
1307923200 32
1308528000 58
1309132800 44
1309737600 40
1310342400 39
1310947200 47
1311552000 27
1312156800 34
1312761600 17
1313366400 23
1313971200 25
1314576000 41
1315180800 25
1315785600 26
1316390400 18
1316995200 37
1317600000 31
1318204800 41
1318809600 39
1319414400 21
1320019200 14
1320624000 15
1321228800 22
1321833600 18
1322438400 39
1323043200 32
1323648000 25
1324252800 18
1324857600 4
1325462400 85
1326067200 22
1326672000 39
1327276800 21
1327881600 35
1328486400 24
1329091200 22
1329696000 32
1330300800 24
1330905600 37
1331510400 18
1332115200 10
1332720000 32
1333324800 49
1333929600 21
1334534400 36
1335139200 31
1335744000 33
1336348800 39
1336953600 16
1337558400 30
1338163200 53
1338768000 13
1339372800 21
1339977600 34
1340582400 39
1341187200 53
1341792000 25
1342396800 22
1343001600 26
1343606400 34
1344211200 31
1344816000 27
1345420800 16
1346025600 31
1346630400 44
1347235200 24
1347840000 32
1348444800 21
1349049600 26
1349654400 40
1350259200 11
1350864000 34
1351468800 24
1352073600 16
1352678400 44
1353283200 45
1353888000 51
1354492800 31
1355097600 48
1355702400 14
1356307200 28
1356912000 19
1357516800 10
1358121600 34
1358726400 11
1359331200 27
1359936000 33
1360540800 40
1361145600 51
1361750400 23
1362355200 14
1362960000 29
1363564800 20
1364169600 22
1364774400 26
1365379200 27
1365984000 28
1366588800 27
1367193600 15
1367798400 16
1368403200 18
1369008000 28
1369612800 31
1370217600 19
1370822400 52
1371427200 32
1372032000 30
1372636800 18
1373241600 28
1373846400 22
1374451200 27
1375056000 52
1375660800 48
1376265600 34
1376870400 44
1377475200 23
1378080000 27
1378684800 23
1379289600 13
1379894400 23
1380499200 17
1381104000 11
1381708800 37
1382313600 27
1382918400 21
1383523200 32
1384128000 28
1384732800 28
1385337600 16
1385942400 22
1386547200 25
1387152000 20
1387756800 15
1388361600 16
1388966400 27
1389571200 34
1390176000 15
1390780800 19
1391385600 34
1391990400 49
1392595200 15
1393200000 19
1393804800 26
1394409600 28
1395014400 35
1395619200 16
1396224000 21
1396828800 14
1397433600 22
1398038400 33
1398643200 17
1399248000 25
1399852800 6
1400457600 10
1401062400 16
1401667200 15
1402272000 26
1402876800 24
1403481600 5
1404086400 34
1404691200 20
1405296000 18
1405900800 21
1406505600 17
1407110400 22
1407715200 20
1408320000 19
1408924800 16
1409529600 16
1410134400 31
1410739200 40
1411344000 33
1411948800 22
1412553600 20
1413158400 19
1413763200 18
1414368000 12
1414972800 29
1415577600 19
1416182400 16
1416787200 35
1417392000 17
1417996800 18
1418601600 21
1419206400 8
1419811200 16
1420416000 17
1421020800 13
1421625600 22
1422230400 25
1422835200 23
1423440000 27
1424044800 18
1424649600 11
1425254400 15
1425859200 23
1426464000 16
1427068800 25
1427673600 15
1428278400 6
1428883200 24
1429488000 24
1430092800 7
1430697600 10
1431302400 3
1431907200 6
1432512000 19
1433116800 25
1433721600 21
1434326400 33
1434931200 16
1435536000 12
1436140800 23
1436745600 23
1437350400 26
1437955200 42
1438560000 8
1439164800 36
1439769600 28
1440374400 20
1440979200 33
1441584000 25
1442188800 23
1442793600 15
1443398400 24
1444003200 9
1444608000 8
1445212800 29
1445817600 12
1446422400 14
1447027200 13
1447632000 43
1448236800 13
1448841600 29
1449446400 39
1450051200 15
1450656000 7
1451260800 4
1451865600 13
1452470400 17
1453075200 26
1453680000 19
1454284800 22
1454889600 11
1455494400 38
1456099200 17
1456704000 14
1457308800 26
1457913600 16
1458518400 13
1459123200 12
1459728000 15
1460332800 10
1460937600 15
1461542400 31
1462147200 15
1462752000 20
1463356800 15
1463961600 18
1464566400 22
1465171200 52
1465776000 19
1466380800 33
1466985600 50
1467590400 19
1468195200 21
1468800000 29
1469404800 26
1470009600 34
1470614400 27
1471219200 24
1471824000 23
1472428800 15
1473033600 9
1473638400 18
1474243200 22
1474848000 20
1475452800 38
1476057600 41
1476662400 28
1477267200 32
1477872000 11
1478476800 26
1479081600 28
1479686400 42
1480291200 28
1480896000 14
1481500800 16
1482105600 19
1482710400 13
1483315200 30
1483920000 15
1484524800 10
1485129600 19
1485734400 23
1486339200 28
1486944000 18
1487548800 28
1488153600 41
1488758400 13
1489363200 24
1489968000 12
1490572800 23
1491177600 21
1491782400 24
1492387200 30
1492992000 76
1493596800 23
1494201600 48
1494806400 41
1495411200 17
1496016000 39
1496620800 42
1497225600 40
1497830400 27
1498435200 23
1499040000 18
1499644800 54
1500249600 17
1500854400 26
1501459200 31
1502064000 16
1502668800 30
1503273600 30
1503878400 11
1504483200 25
1505088000 15
1505692800 32
1506297600 22
1506902400 25
1507507200 21
1508112000 20
1508716800 20
1509321600 23
1509926400 25
1510531200 17
1511136000 13
1511740800 23
1512345600 17
1512950400 9
1513555200 34
1514160000 4
1514764800 49
1515369600 21
1515974400 23
1516579200 30
1517184000 37
1517788800 64
1518393600 68
1518998400 34
1519603200 28
1520208000 23
1520812800 14
1521417600 49
1522022400 12
1522627200 21
1523232000 28
1523836800 17
1524441600 23
1525046400 12
1525651200 12
1526256000 8
1526860800 7
1527465600 10
1528070400 27
1528675200 32
1529280000 20
1529884800 14
1530489600 24
1531094400 9
1531699200 13
1532304000 12
1532908800 6
1533513600 13
1534118400 39
1534723200 30
1535328000 21
1535932800 20
1536537600 15
1537142400 17
1537747200 8
1538352000 15
1538956800 7
1539561600 17
1540166400 19
1540771200 12
1541376000 17
1541980800 14
1542585600 13
1543190400 8
1543795200 14
1544400000 7
1545004800 15
1545609600 7
1546214400 12
1546819200 11
1547424000 7
1548028800 15
1548633600 16
1549238400 22
1549843200 12
1550448000 5
1551052800 8
1551657600 9
1552262400 19
1552867200 15
1553472000 17
1554076800 18
1554681600 20
1555286400 7
1555891200 20
1556496000 8
1557100800 18
1557705600 21
1558310400 3
1558915200 10
1559520000 18
1560124800 13
1560729600 13
1561334400 26
1561939200 16
1562544000 16
1563148800 15
1563753600 9
1564358400 18
1564963200 20
1565568000 28
1566172800 8
1566777600 36
1567382400 19
1567987200 10
1568592000 3
1569196800 21
1569801600 5
1570406400 4
1571011200 21
1571616000 7
1572220800 10
1572825600 13
1573430400 14
1574035200 17
1574640000 5
1575244800 3
1575849600 35
1576454400 15
1577059200 3
1577664000 4
1578268800 16
1578873600 7
1579478400 22
1580083200 33
1580688000 2
1581292800 12
1581897600 11
1582502400 6
1583107200 17
1583712000 13
1584316800 27
1584921600 16
1585526400 15
1586131200 18
1586736000 17
1587340800 30
1587945600 17
1588550400 6
1589155200 26
1589760000 10
1590364800 21
1590969600 14
1591574400 7
1592179200 8
1592784000 13
1593388800 7
1593993600 23
1594598400 22
1595203200 44
1595808000 12
1596412800 19
1597017600 80
1597622400 46
1598227200 22
1598832000 122
1599436800 28
1600041600 14
1600646400 10
1601251200 10
1601856000 13
1602460800 27
1603065600 10
1603670400 18
