1196035200 9371
1196640000 3918
1197244800 6469
1197849600 3106
1198454400 437
1199059200 257
1199664000 888
1200268800 153
1200873600 2228
1201478400 1533
1202083200 1350
1202688000 180
1203292800 481
1203897600 174
1204502400 74
1205107200 153
1205712000 78
1206316800 66
1206921600 98
1207526400 116
1208131200 69
1208736000 89
1209340800 132
1209945600 74
1210550400 41
1211155200 38
1211760000 65
1212364800 28
1212969600 135
1213574400 83
1214179200 97
1214784000 100
1215388800 152
1215993600 130
1216598400 132
1217203200 217
1217808000 79
1218412800 27
1219017600 29
1219622400 178
1220227200 57
1220832000 121
1221436800 22
1222041600 86
1222646400 708
1223251200 312
1223856000 151
1224460800 309
1225065600 322
1225670400 161
1226275200 99
1226880000 161
1227484800 56
1228089600 91
1228694400 81
1229299200 134
1229904000 69
1230508800 39
1231113600 46
1231718400 53
1232323200 197
1232928000 141
1233532800 160
1234137600 288
1234742400 88
1235347200 148
1235952000 117
1236556800 196
1237161600 71
1237766400 59
1238371200 116
1238976000 200
1239580800 278
1240185600 220
1240790400 298
1241395200 393
1242000000 143
1242604800 104
1243209600 627
1243814400 294
1244419200 269
1245024000 321
1245628800 104
1246233600 233
1246838400 527
1247443200 1268
1248048000 1216
1248652800 718
1249257600 725
1249862400 415
1250467200 336
1251072000 439
1251676800 698
1252281600 442
1252886400 416
1253491200 490
1254096000 269
1254700800 767
1255305600 497
1255910400 495
1256515200 518
1257120000 352
1257724800 290
1258329600 595
1258934400 471
1259539200 535
1260144000 332
1260748800 184
1261353600 241
1261958400 253
1262563200 469
1263168000 230
1263772800 287
1264377600 286
1264982400 408
1265587200 458
1266192000 193
1266796800 391
1267401600 227
1268006400 219
1268611200 418
1269216000 420
1269820800 362
1270425600 235
1271030400 245
1271635200 464
1272240000 778
1272844800 414
1273449600 326
1274054400 521
1274659200 460
1275264000 277
1275868800 280
1276473600 521
1277078400 457
1277683200 382
1278288000 347
1278892800 525
1279497600 189
1280102400 191
1280707200 217
1281312000 375
1281916800 792
1282521600 -315
1283126400 310
1283731200 285
1284336000 580
1284940800 251
1285545600 278
1286150400 522
1286755200 459
1287360000 212
1287964800 366
1288569600 340
1289174400 506
1289779200 303
1290384000 268
1290988800 357
1291593600 286
1292198400 291
1292803200 363
1293408000 388
1294012800 208
1294617600 177
1295222400 225
1295827200 401
1296432000 211
1297036800 219
1297641600 198
1298246400 112
1298851200 439
1299456000 220
1300060800 553
1300665600 448
1301270400 -2584
1301875200 58
1302480000 511
1303084800 742
1303689600 620
1304294400 341
1304899200 300
1305504000 449
1306108800 197
1306713600 452
1307318400 760
1307923200 406
1308528000 610
1309132800 313
1309737600 292
1310342400 310
1310947200 346
1311552000 357
1312156800 -67
1312761600 182
1313366400 201
1313971200 206
1314576000 286
1315180800 286
1315785600 245
1316390400 153
1316995200 312
1317600000 273
1318204800 286
1318809600 283
1319414400 229
1320019200 227
1320624000 122
1321228800 206
1321833600 205
1322438400 380
1323043200 310
1323648000 230
1324252800 163
1324857600 102
1325462400 1638
1326067200 424
1326672000 317
1327276800 225
1327881600 307
1328486400 295
1329091200 289
1329696000 323
1330300800 319
1330905600 377
1331510400 286
1332115200 124
1332720000 327
1333324800 577
1333929600 247
1334534400 296
1335139200 342
1335744000 269
1336348800 312
1336953600 124
1337558400 330
1338163200 503
1338768000 135
1339372800 183
1339977600 268
1340582400 307
1341187200 648
1341792000 193
1342396800 242
1343001600 294
1343606400 276
1344211200 262
1344816000 231
1345420800 169
1346025600 335
1346630400 44
1347235200 521
1347840000 342
1348444800 212
1349049600 372
1349654400 247
1350259200 101
1350864000 253
1351468800 244
1352073600 198
1352678400 514
1353283200 474
1353888000 541
1354492800 392
1355097600 364
1355702400 181
1356307200 243
1356912000 161
1357516800 146
1358121600 263
1358726400 158
1359331200 351
1359936000 278
1360540800 561
1361145600 566
1361750400 428
1362355200 139
1362960000 379
1363564800 306
1364169600 211
1364774400 266
1365379200 156
1365984000 216
1366588800 264
1367193600 205
1367798400 332
1368403200 172
1369008000 191
1369612800 232
1370217600 250
1370822400 362
1371427200 238
1372032000 234
1372636800 233
1373241600 311
1373846400 233
1374451200 283
1375056000 281
1375660800 264
1376265600 250
1376870400 439
1377475200 252
1378080000 271
1378684800 155
1379289600 85
1379894400 152
1380499200 73
1381104000 107
1381708800 473
1382313600 171
1382918400 297
1383523200 1065
1384128000 227
1384732800 297
1385337600 205
1385942400 198
1386547200 180
1387152000 173
1387756800 103
1388361600 436
1388966400 269
1389571200 282
1390176000 169
1390780800 206
1391385600 211
1391990400 297
1392595200 125
1393200000 206
1393804800 194
1394409600 188
1395014400 407
1395619200 109
1396224000 518
1396828800 307
1397433600 357
1398038400 344
1398643200 119
1399248000 224
1399852800 75
1400457600 87
1401062400 189
1401667200 87
1402272000 185
1402876800 321
1403481600 77
1404086400 319
1404691200 128
1405296000 182
1405900800 65
1406505600 212
1407110400 182
1407715200 132
1408320000 158
1408924800 39
1409529600 149
1410134400 145
1410739200 548
1411344000 251
1411948800 318
1412553600 229
1413158400 285
1413763200 187
1414368000 237
1414972800 179
1415577600 117
1416182400 129
1416787200 268
1417392000 166
1417996800 291
1418601600 177
1419206400 129
1419811200 149
1420416000 139
1421020800 144
1421625600 90
1422230400 279
1422835200 152
1423440000 214
1424044800 102
1424649600 175
1425254400 106
1425859200 324
1426464000 100
1427068800 187
1427673600 144
1428278400 131
1428883200 235
1429488000 386
1430092800 152
1430697600 115
1431302400 155
1431907200 94
1432512000 43
1433116800 568
1433721600 150
1434326400 397
1434931200 103
1435536000 213
1436140800 345
1436745600 229
1437350400 190
1437955200 331
1438560000 83
1439164800 224
1439769600 232
1440374400 177
1440979200 144
1441584000 167
1442188800 215
1442793600 148
1443398400 254
1444003200 189
1444608000 50
1445212800 222
1445817600 183
1446422400 140
1447027200 164
1447632000 330
1448236800 199
1448841600 225
1449446400 586
1450051200 757
1450656000 205
1451260800 79
1451865600 200
1452470400 294
1453075200 271
1453680000 344
1454284800 325
1454889600 219
1455494400 550
1456099200 176
1456704000 344
1457308800 388
1457913600 142
1458518400 76
1459123200 192
1459728000 83
1460332800 184
1460937600 159
1461542400 202
1462147200 234
1462752000 315
1463356800 322
1463961600 373
1464566400 386
1465171200 445
1465776000 275
1466380800 210
1466985600 308
1467590400 278
1468195200 210
1468800000 323
1469404800 317
1470009600 293
1470614400 215
1471219200 333
1471824000 315
1472428800 216
1473033600 236
1473638400 447
1474243200 333
1474848000 334
1475452800 1055
1476057600 534
1476662400 749
1477267200 760
1477872000 125
1478476800 395
1479081600 300
1479686400 368
1480291200 233
1480896000 249
1481500800 180
1482105600 149
1482710400 122
1483315200 705
1483920000 210
1484524800 405
1485129600 238
1485734400 372
1486339200 503
1486944000 207
1487548800 568
1488153600 571
1488758400 357
1489363200 577
1489968000 213
1490572800 213
1491177600 237
1491782400 185
1492387200 421
1492992000 1294
1493596800 257
1494201600 290
1494806400 465
1495411200 204
1496016000 348
1496620800 474
1497225600 603
1497830400 495
1498435200 634
1499040000 314
1499644800 424
1500249600 251
1500854400 268
1501459200 376
1502064000 645
1502668800 474
1503273600 389
1503878400 211
1504483200 244
1505088000 97
1505692800 403
1506297600 483
1506902400 426
1507507200 222
1508112000 176
1508716800 309
1509321600 406
1509926400 526
1510531200 191
1511136000 264
1511740800 203
1512345600 223
1512950400 98
1513555200 233
1514160000 59
1514764800 409
1515369600 204
1515974400 323
1516579200 208
1517184000 331
1517788800 736
1518393600 2282
1518998400 327
1519603200 436
1520208000 316
1520812800 233
1521417600 304
1522022400 183
1522627200 274
1523232000 253
1523836800 179
1524441600 218
1525046400 367
1525651200 134
1526256000 110
1526860800 117
1527465600 169
1528070400 226
1528675200 703
1529280000 178
1529884800 242
1530489600 313
1531094400 146
1531699200 133
1532304000 92
1532908800 137
1533513600 176
1534118400 580
1534723200 388
1535328000 409
1535932800 258
1536537600 157
1537142400 156
1537747200 73
1538352000 275
1538956800 107
1539561600 149
1540166400 301
1540771200 76
1541376000 149
1541980800 184
1542585600 182
1543190400 153
1543795200 358
1544400000 85
1545004800 192
1545609600 40
1546214400 98
1546819200 228
1547424000 101
1548028800 97
1548633600 292
1549238400 215
1549843200 209
1550448000 45
1551052800 32
1551657600 74
1552262400 155
1552867200 251
1553472000 84
1554076800 184
1554681600 175
1555286400 35
1555891200 178
1556496000 69
1557100800 97
1557705600 180
1558310400 58
1558915200 90
1559520000 141
1560124800 142
1560729600 149
1561334400 394
1561939200 142
1562544000 160
1563148800 195
1563753600 99
1564358400 50
1564963200 80
1565568000 253
1566172800 69
1566777600 221
1567382400 115
1567987200 306
1568592000 52
1569196800 140
1569801600 84
1570406400 89
1571011200 616
1571616000 203
1572220800 77
1572825600 38
1573430400 94
1574035200 98
1574640000 51
1575244800 34
1575849600 480
1576454400 231
1577059200 28
1577664000 40
1578268800 446
1578873600 64
1579478400 455
1580083200 668
1580688000 15
1581292800 164
1581897600 31
1582502400 94
1583107200 416
1583712000 238
1584316800 261
1584921600 293
1585526400 234
1586131200 127
1586736000 231
1587340800 177
1587945600 436
1588550400 98
1589155200 306
1589760000 118
1590364800 378
1590969600 219
1591574400 106
1592179200 77
1592784000 -121
1593388800 53
1593993600 135
1594598400 122
1595203200 1101
1595808000 209
1596412800 106
1597017600 2093
1597622400 954
1598227200 266
1598832000 1408
1599436800 550
1600041600 202
1600646400 74
1601251200 119
1601856000 97
1602460800 320
1603065600 201
1603670400 372
