1193875200 2787
1196467200 2167
1199145600 788
1201824000 603
1204329600 157
1207008000 64
1209600000 65
1212278400 66
1214870400 91
1217548800 65
1220227200 73
1222819200 154
1225497600 62
1228089600 42
1230768000 54
1233446400 70
1235865600 61
1238544000 108
1241136000 154
1243814400 120
1246406400 507
1249084800 366
1251763200 270
1254355200 308
1257033600 248
1259625600 183
1262304000 174
1264982400 206
1267401600 232
1270080000 208
1272672000 226
1275350400 248
1277942400 189
1280620800 213
1283299200 156
1285891200 212
1288569600 168
1291161600 213
1293840000 149
1296518400 110
1298937600 210
1301616000 252
1304208000 172
1306886400 223
1309478400 163
1312156800 133
1314835200 132
1317427200 174
1320105600 127
1322697600 130
1325376000 266
1328054400 140
1330560000 140
1333238400 166
1335830400 125
1338508800 145
1341100800 193
1343779200 155
1346457600 149
1349049600 140
1351728000 234
1354320000 140
1356998400 129
1359676800 211
1362096000 151
1364774400 141
1367366400 120
1370044800 128
1372636800 126
1375315200 175
1377993600 97
1380585600 99
1383264000 107
1385856000 80
1388534400 123
1391212800 113
1393632000 116
1396310400 147
1398902400 73
1401580800 93
1404172800 108
1406851200 93
1409529600 137
1412121600 115
1414800000 93
1417392000 85
1420070400 68
1422748800 85
1425168000 92
1427846400 92
1430438400 68
1433116800 111
1435708800 111
1438387200 105
1441065600 107
1443657600 112
1446336000 103
1448928000 151
1451606400 93
1454284800 125
1456790400 111
1459468800 80
1462060800 133
1464739200 126
1467331200 134
1470009600 150
1472688000 166
1475280000 312
1477958400 175
1480550400 107
1483228800 170
1485907200 217
1488326400 174
1491004800 184
1493596800 182
1496275200 269
1498867200 196
1501545600 209
1504224000 124
1506816000 175
1509494400 204
1512086400 95
1514764800 149
1517443200 299
1519862400 166
1522540800 127
1525132800 91
1527811200 216
1530403200 100
1533081600 200
1535760000 99
1538352000 90
1541030400 109
1543622400 100
1546300800 75
1548979200 89
1551398400 62
1554076800 81
1556668800 71
1559347200 101
1561939200 96
1564617600 78
1567296000 89
1569888000 104
1572566400 52
1575158400 86
1577836800 112
1580515200 90
1583020800 149
1585699200 128
1588291200 97
1590969600 47
1593561600 110
1596240000 175
1598918400 137
1601510400 122
1604188800 124
1606780800 69
1609459200 95
1612137600 84
1614556800 58
1617235200 70
1619827200 107
1622505600 73
1625097600 52
1627776000 72
1630454400 90
1633046400 54
1635724800 85
1638316800 109
1640995200 82
1643673600 69
1646092800 73
1648771200 83
1651363200 67
1654041600 46
1656633600 82
1659312000 50
1661990400 86
1664582400 100
1667260800 69
1669852800 137
1672531200 97
1675209600 50
1677628800 105
1680307200 45
1682899200 81
1685577600 73
1688169600 64
1690848000 126
1693526400 57
1696118400 71
1698796800 76
1701388800 53
1704067200 5
