1193875200 3267
1196467200 7415
1199145600 1953
1201824000 2181
1204329600 524
1207008000 211
1209600000 152
1212278400 187
1214870400 175
1217548800 119
1220227200 206
1222819200 393
1225497600 136
1228089600 129
1230768000 148
1233446400 280
1235865600 199
1238544000 272
1241136000 428
1243814400 289
1246406400 905
1249084800 702
1251763200 473
1254355200 513
1257033600 481
1259625600 454
1262304000 340
1264982400 353
1267401600 432
1270080000 426
1272672000 433
1275350400 439
1277942400 331
1280620800 484
1283299200 312
1285891200 383
1288569600 336
1291161600 387
1293840000 315
1296518400 447
1298937600 432
1301616000 1091
1304208000 507
1306886400 491
1309478400 356
1312156800 327
1314835200 218
1317427200 297
1320105600 260
1322697600 247
1325376000 383
1328054400 222
1330560000 206
1333238400 295
1335830400 262
1338508800 287
1341100800 366
1343779200 292
1346457600 366
1349049600 249
1351728000 426
1354320000 332
1356998400 248
1359676800 506
1362096000 363
1364774400 281
1367366400 327
1370044800 266
1372636800 407
1375315200 309
1377993600 158
1380585600 322
1383264000 237
1385856000 196
1388534400 278
1391212800 248
1393632000 243
1396310400 262
1398902400 149
1401580800 222
1404172800 315
1406851200 220
1409529600 323
1412121600 226
1414800000 243
1417392000 195
1420070400 178
1422748800 201
1425168000 208
1427846400 211
1430438400 157
1433116800 315
1435708800 205
1438387200 209
1441065600 196
1443657600 191
1446336000 189
1448928000 338
1451606400 266
1454284800 217
1456790400 488
1459468800 144
1462060800 254
1464739200 274
1467331200 309
1470009600 342
1472688000 294
1475280000 497
1477958400 295
1480550400 186
1483228800 516
1485907200 325
1488326400 265
1491004800 406
1493596800 305
1496275200 407
1498867200 404
1501545600 351
1504224000 233
1506816000 282
1509494400 385
1512086400 187
1514764800 253
1517443200 703
1519862400 289
1522540800 210
1525132800 162
1527811200 321
1530403200 170
1533081600 334
1535760000 179
1538352000 142
1541030400 171
1543622400 158
1546300800 160
1548979200 179
1551398400 169
1554076800 170
1556668800 123
1559347200 165
1561939200 166
1564617600 166
1567296000 137
1569888000 195
1572566400 130
1575158400 159
1577836800 236
1580515200 142
1583020800 270
1585699200 226
1588291200 175
1590969600 148
1593561600 617
1596240000 1247
1598918400 926
1601510400 227
1604188800 166
