1196035200 2922
1196640000 680
1197244800 675
1197849600 613
1198454400 62
1199059200 43
1199664000 127
1200268800 24
1200873600 526
1201478400 319
1202083200 180
1202688000 105
1203292800 48
1203897600 25
1204502400 15
1205107200 73
1205712000 48
1206316800 15
1206921600 22
1207526400 12
1208131200 8
1208736000 21
1209340800 30
1209945600 16
1210550400 7
1211155200 9
1211760000 9
1212364800 9
1212969600 25
1213574400 18
1214179200 12
1214784000 17
1215388800 19
1215993600 22
1216598400 14
1217203200 23
1217808000 13
1218412800 10
1219017600 9
1219622400 29
1220227200 10
1220832000 25
1221436800 8
1222041600 12
1222646400 68
1223251200 28
1223856000 22
1224460800 37
1225065600 19
1225670400 19
1226275200 14
1226880000 20
1227484800 7
1228089600 8
1228694400 12
1229299200 12
1229904000 7
1230508800 9
1231113600 5
1231718400 7
1232323200 20
1232928000 18
1233532800 18
1234137600 18
1234742400 16
1235347200 19
1235952000 16
1236556800 19
1237161600 6
1237766400 15
1238371200 14
1238976000 24
1239580800 26
1240185600 25
1240790400 33
1241395200 25
1242000000 18
1242604800 18
1243209600 85
1243814400 31
1244419200 30
1245024000 42
1245628800 9
1246233600 20
1246838400 57
1247443200 186
1248048000 163
1248652800 117
1249257600 94
1249862400 58
1250467200 69
1251072000 113
1251676800 106
1252281600 69
1252886400 50
1253491200 50
1254096000 38
1254700800 89
1255305600 63
1255910400 64
1256515200 68
1257120000 48
1257724800 39
1258329600 86
1258934400 59
1259539200 58
1260144000 47
1260748800 28
1261353600 35
1261958400 36
1262563200 52
1263168000 29
1263772800 50
1264377600 41
1264982400 37
1265587200 57
1266192000 39
1266796800 76
1267401600 41
1268006400 48
1268611200 54
1269216000 61
1269820800 59
1270425600 36
1271030400 35
1271635200 52
1272240000 77
1272844800 50
1273449600 47
1274054400 62
1274659200 50
1275264000 40
1275868800 49
1276473600 64
1277078400 64
1277683200 64
1278288000 37
1278892800 62
1279497600 30
1280102400 35
1280707200 40
1281312000 32
1281916800 79
1282521600 43
1283126400 33
1283731200 43
1284336000 45
1284940800 30
1285545600 40
1286150400 55
1286755200 59
1287360000 29
1287964800 49
1288569600 39
1289174400 55
1289779200 35
1290384000 29
1290988800 57
1291593600 48
1292198400 53
1292803200 52
1293408000 27
1294012800 28
1294617600 28
1295222400 31
1295827200 46
1296432000 18
1297036800 31
1297641600 28
1298246400 34
1298851200 47
1299456000 34
1300060800 56
1300665600 49
1301270400 88
1301875200 23
1302480000 64
1303084800 56
1303689600 51
1304294400 36
1304899200 33
1305504000 41
1306108800 48
1306713600 51
1307318400 65
1307923200 36
1308528000 55
1309132800 51
1309737600 33
1310342400 34
1310947200 43
1311552000 36
1312156800 20
1312761600 20
1313366400 24
1313971200 39
1314576000 45
1315180800 31
1315785600 31
1316390400 30
1316995200 43
1317600000 42
1318204800 43
1318809600 34
1319414400 39
1320019200 27
1320624000 20
1321228800 32
1321833600 22
1322438400 45
1323043200 43
1323648000 25
1324252800 25
1324857600 22
1325462400 122
1326067200 42
1326672000 44
1327276800 36
1327881600 36
1328486400 38
1329091200 40
1329696000 33
1330300800 26
1330905600 37
1331510400 36
1332115200 23
1332720000 33
1333324800 48
1333929600 28
1334534400 36
1335139200 50
1335744000 32
1336348800 31
1336953600 24
1337558400 30
1338163200 42
1338768000 23
1339372800 20
1339977600 38
1340582400 40
1341187200 87
1341792000 30
1342396800 17
1343001600 45
1343606400 43
1344211200 35
1344816000 29
1345420800 29
1346025600 53
1346630400 45
1347235200 29
1347840000 40
1348444800 27
1349049600 42
1349654400 27
1350259200 25
1350864000 27
1351468800 35
1352073600 19
1352678400 69
1353283200 83
1353888000 62
1354492800 46
1355097600 42
1355702400 27
1356307200 21
1356912000 17
1357516800 20
1358121600 40
1358726400 21
1359331200 53
1359936000 39
1360540800 56
1361145600 68
1361750400 50
1362355200 22
1362960000 49
1363564800 33
1364169600 26
1364774400 36
1365379200 42
1365984000 26
1366588800 25
1367193600 35
1367798400 24
1368403200 30
1369008000 26
1369612800 28
1370217600 22
1370822400 37
1371427200 33
1372032000 31
1372636800 32
1373241600 22
1373846400 35
1374451200 24
1375056000 35
1375660800 39
1376265600 46
1376870400 42
1377475200 32
1378080000 33
1378684800 27
1379289600 16
1379894400 17
1380499200 13
1381104000 12
1381708800 37
1382313600 24
1382918400 30
1383523200 25
1384128000 17
1384732800 35
1385337600 23
1385942400 24
1386547200 27
1387152000 16
1387756800 12
1388361600 19
1388966400 24
1389571200 29
1390176000 36
1390780800 21
1391385600 31
1391990400 32
1392595200 26
1393200000 18
1393804800 31
1394409600 24
1395014400 38
1395619200 19
1396224000 37
1396828800 35
1397433600 35
1398038400 39
1398643200 15
1399248000 22
1399852800 10
1400457600 12
1401062400 22
1401667200 11
1402272000 28
1402876800 36
1403481600 15
1404086400 33
1404691200 21
1405296000 26
1405900800 20
1406505600 24
1407110400 23
1407715200 21
1408320000 21
1408924800 16
1409529600 17
1410134400 36
1410739200 51
1411344000 23
1411948800 30
1412553600 27
1413158400 28
1413763200 22
1414368000 22
1414972800 22
1415577600 15
1416182400 22
1416787200 30
1417392000 17
1417996800 29
1418601600 19
1419206400 16
1419811200 11
1420416000 15
1421020800 13
1421625600 17
1422230400 25
1422835200 31
1423440000 26
1424044800 15
1424649600 12
1425254400 19
1425859200 37
1426464000 12
1427068800 19
1427673600 13
1428278400 19
1428883200 17
1429488000 22
1430092800 26
1430697600 12
1431302400 11
1431907200 16
1432512000 26
1433116800 34
1433721600 22
1434326400 34
1434931200 18
1435536000 22
1436140800 25
1436745600 21
1437350400 29
1437955200 33
1438560000 14
1439164800 37
1439769600 19
1440374400 28
1440979200 21
1441584000 23
1442188800 33
1442793600 23
1443398400 39
1444003200 24
1444608000 14
1445212800 30
1445817600 20
1446422400 25
1447027200 13
1447632000 35
1448236800 25
1448841600 24
1449446400 61
1450051200 50
1450656000 12
1451260800 16
1451865600 23
1452470400 20
1453075200 28
1453680000 19
1454284800 27
1454889600 30
1455494400 44
1456099200 23
1456704000 17
1457308800 40
1457913600 17
1458518400 12
1459123200 30
1459728000 15
1460332800 25
1460937600 23
1461542400 21
1462147200 28
1462752000 40
1463356800 18
1463961600 30
1464566400 39
1465171200 31
1465776000 21
1466380800 24
1466985600 30
1467590400 30
1468195200 29
1468800000 36
1469404800 30
1470009600 26
1470614400 28
1471219200 46
1471824000 36
1472428800 26
1473033600 35
1473638400 43
1474243200 52
1474848000 28
1475452800 87
1476057600 56
1476662400 91
1477267200 81
1477872000 15
1478476800 55
1479081600 43
1479686400 41
1480291200 32
1480896000 28
1481500800 24
1482105600 26
1482710400 23
1483315200 30
1483920000 27
1484524800 51
1485129600 46
1485734400 45
1486339200 68
1486944000 26
1487548800 61
1488153600 72
1488758400 44
1489363200 38
1489968000 27
1490572800 27
1491177600 32
1491782400 20
1492387200 39
1492992000 88
1493596800 31
1494201600 39
1494806400 50
1495411200 37
1496016000 46
1496620800 87
1497225600 66
1497830400 67
1498435200 57
1499040000 35
1499644800 59
1500249600 36
1500854400 35
1501459200 57
1502064000 59
1502668800 46
1503273600 50
1503878400 21
1504483200 26
1505088000 8
1505692800 43
1506297600 48
1506902400 48
1507507200 31
1508112000 21
1508716800 53
1509321600 62
1509926400 80
1510531200 31
1511136000 31
1511740800 29
1512345600 29
1512950400 18
1513555200 26
1514160000 13
1514764800 47
1515369600 25
1515974400 36
1516579200 29
1517184000 35
1517788800 83
1518393600 121
1518998400 48
1519603200 57
1520208000 30
1520812800 30
1521417600 65
1522022400 28
1522627200 39
1523232000 31
1523836800 22
1524441600 29
1525046400 40
1525651200 15
1526256000 18
1526860800 14
1527465600 27
1528070400 48
1528675200 82
1529280000 29
1529884800 46
1530489600 38
1531094400 13
1531699200 21
1532304000 20
1532908800 24
1533513600 32
1534118400 58
1534723200 46
1535328000 55
1535932800 30
1536537600 29
1537142400 27
1537747200 9
1538352000 34
1538956800 15
1539561600 14
1540166400 16
1540771200 17
1541376000 28
1541980800 40
1542585600 17
1543190400 31
1543795200 47
1544400000 20
1545004800 19
1545609600 7
1546214400 10
1546819200 12
1547424000 12
1548028800 27
1548633600 38
1549238400 33
1549843200 25
1550448000 6
1551052800 9
1551657600 12
1552262400 16
1552867200 23
1553472000 9
1554076800 28
1554681600 32
1555286400 4
1555891200 19
1556496000 9
1557100800 13
1557705600 28
1558310400 7
1558915200 20
1559520000 19
1560124800 30
1560729600 20
1561334400 32
1561939200 32
1562544000 23
1563148800 23
1563753600 14
1564358400 11
1564963200 15
1565568000 34
1566172800 6
1566777600 33
1567382400 13
1567987200 23
1568592000 7
1569196800 29
1569801600 14
1570406400 11
1571011200 48
1571616000 27
1572220800 12
1572825600 25
1573430400 11
1574035200 13
1574640000 6
1575244800 10
1575849600 41
1576454400 33
1577059200 5
1577664000 5
1578268800 32
1578873600 9
1579478400 27
1580083200 48
1580688000 16
1581292800 37
1581897600 15
1582502400 15
1583107200 49
1583712000 34
1584316800 30
1584921600 36
1585526400 26
1586131200 18
1586736000 27
1587340800 23
1587945600 42
1588550400 19
1589155200 28
1589760000 12
1590364800 35
1590969600 18
1591574400 13
1592179200 9
1592784000 8
1593388800 13
1593993600 17
1594598400 14
1595203200 38
1595808000 24
1596412800 28
1597017600 97
1597622400 20
1598227200 22
1598832000 45
1599436800 42
1600041600 23
1600646400 11
1601251200 19
1601856000 7
1602460800 51
1603065600 52
1603670400 25
1604275200 43
1604880000 38
1605484800 13
