1577836800 7740 16 357 357
1580515200 20025 48 651 366
1583020800 151335 198 2100 1464
1585699200 93669 116 1507 225
1588291200 46282 36 999 66
1590969600 15725 5 604 17
1593561600 16248 13 607 24
1596240000 24759 20 679 48
1598918400 33131 21 750 54
1601510400 57098 28 1098 114
1604188800 36246 25 902 46
1606780800 35115 43 758 36
1609459200 49627 40 894 59
1612137600 30796 22 705 24
1614556800 49197 31 919 50
1617235200 34086 11 792 30
1619827200 26955 18 757 58
1622505600 16465 17 608 27
1625097600 54056 54 1093 127
1627776000 37671 61 905 70
1630454400 16428 36 631 26
1633046400 4497 8 373 4
