1577836800 7740 16 357 357
1580515200 20025 48 651 366
1583020800 151335 198 2099 1463
1585699200 93669 116 1506 225
1588291200 46282 36 997 65
1590969600 15725 5 604 17
1593561600 16248 13 606 24
1596240000 24696 20 677 46
1598918400 32609 21 747 54
1601510400 56659 28 1096 114
1604188800 35969 25 898 45
1606780800 34658 43 754 36
1609459200 49627 40 892 59
1612137600 30796 22 704 24
1614556800 49180 31 916 50
1617235200 34040 11 790 30
1619827200 26911 18 755 58
1622505600 16190 17 605 27
1625097600 54034 54 1091 127
1627776000 37666 61 903 69
1630454400 16428 36 630 26
1633046400 9393 9 469 4
1635724800 5634 12 368 7
