1577836800 7740 16 357 357
1580515200 20025 48 651 366
1583020800 151335 198 2100 1464
1585699200 93669 116 1507 225
1588291200 46282 36 999 66
1590969600 15725 5 604 17
1593561600 16248 13 607 24
1596240000 24696 20 678 47
1598918400 32609 21 749 54
1601510400 56659 28 1097 114
1604188800 35969 25 901 46
1606780800 34658 43 757 36
1609459200 49627 40 894 59
1612137600 30796 22 705 24
1614556800 49180 31 918 50
1617235200 34040 11 791 30
1619827200 26911 18 756 58
1622505600 16190 17 607 27
1625097600 54034 54 1092 127
1627776000 37671 61 905 70
1630454400 16428 36 631 26
1633046400 9230 8 464 4
