1579478400 2089 2 231 231
1580083200 6794 17 316 150
1580688000 3472 8 258 55
1581292800 3136 8 231 35
1581897600 2240 5 216 28
1582502400 12025 25 574 254
1583107200 20967 25 757 254
1583712000 39111 28 1246 500
1584316800 45986 84 1548 487
1584921600 34786 54 1241 162
1585526400 26501 25 1083 73
1586131200 24586 26 977 62
1586736000 23651 40 953 64
1587340800 16281 24 761 34
1587945600 16727 11 745 24
1588550400 15693 13 694 22
1589155200 10096 10 602 14
1589760000 6492 4 463 11
1590364800 7794 5 447 11
1590969600 5378 3 353 4
1591574400 3030 0 306 1
1592179200 2962 2 297 2
1592784000 3715 0 336 8
1593388800 1957 2 246 3
1593993600 3236 3 307 4
1594598400 4622 5 354 5
1595203200 3880 2 349 7
1595808000 4248 1 323 7
1596412800 4830 6 337 8
1597017600 5427 6 365 10
1597622400 6134 6 372 11
1598227200 6343 2 403 14
1598832000 5032 3 375 14
1599436800 8381 6 433 12
1600041600 7727 7 395 9
1600646400 9308 3 475 15
1601251200 6284 4 413 9
1601856000 7054 4 413 9
1602460800 12795 7 554 25
1603065600 10859 4 538 19
1603670400 24545 11 871 61
1604275200 9800 9 594 14
1604880000 10278 2 547 14
1605484800 6757 9 435 9
1606089600 5867 5 417 2
1606694400 6121 2 365 10
1607299200 7671 9 422 10
1607904000 7544 16 424 10
1608508800 6959 11 422 5
1609113600 10695 10 471 13
1609718400 9626 7 491 13
1610323200 10941 9 537 14
1610928000 11030 10 511 11
1611532800 13947 9 584 12
1612137600 8460 6 474 7
1612742400 6964 7 415 8
1613347200 6287 4 382 6
1613952000 9073 5 419 3
1614556800 8401 8 427 8
1615161600 7498 7 405 11
1615766400 14729 6 614 17
1616371200 11120 9 511 6
1616976000 12629 2 625 13
1617580800 8288 3 468 10
1618185600 7528 2 423 7
1618790400 6372 0 393 3
1619395200 7941 9 445 8
1620000000 7156 9 451 9
1620604800 6925 2 423 22
1621209600 6062 0 414 16
1621814400 4472 3 354 7
1622419200 3029 1 343 6
1623024000 3660 6 300 6
1623628800 4003 3 334 5
1624233600 3216 0 320 8
1624838400 5880 10 358 9
1625443200 7741 8 459 15
1626048000 17642 17 774 65
1626652800 14725 13 624 29
1627257600 10892 14 581 16
1627862400 10147 24 558 19
1628467200 9279 13 506 16
1629072000 7599 6 495 11
1629676800 6840 13 437 12
1630281600 5175 5 427 9
1630886400 4122 7 364 6
1631491200 3818 11 374 9
1632096000 3116 14 309 7
1632700800 2120 6 266 2
1633305600 1823 2 251 1
1633910400 2435 3 265 2
1634515200 2123 0 236 0
1635120000 2376 1 240 0
1635724800 2039 0 231 2
1636329600 3653 12 306 5
1636934400 4626 6 321 4
1637539200 8912 20 524 9
1638144000 6951 23 492 10
1638748800 5791 13 420 5
1639353600 8181 37 500 15
1639958400 8876 20 516 20
