1579611316 1
1579611555 2
1579611751 3
1579613366 4
1579617811 5
1579621979 6
1579622150 7
1579627499 8
1579629367 9
1579630675 10
1579630765 11
1579631666 12
1579636944 13
1579639995 14
1579640280 15
1579640775 16
1579646008 17
1579678473 18
1579693339 19
1579724250 20
1579727123 21
1579727177 22
1579727975 23
1579730378 24
1579730809 25
1579733220 26
1579734009 27
1579734215 28
1579734792 29
1579735590 30
1579737627 31
1579738363 32
1579742068 33
1579760592 34
1579772175 35
1579775467 36
1579776449 37
1579777951 38
1579778672 39
1579778830 40
1579784057 41
1579784270 42
1579784502 43
1579787783 44
1579791432 45
1579792908 46
1579792912 47
1579793285 48
1579793640 49
1579793677 50
1579802143 51
1579805056 52
1579806529 53
1579811179 54
1579821659 55
1579822944 56
1579823091 57
1579826431 58
1579827367 59
1579840018 60
1579844499 61
1579849146 62
1579849340 63
1579852403 64
1579853947 65
1579854262 66
1579858552 67
1579858590 68
1579858604 69
1579861015 70
1579861671 71
1579863724 72
1579870016 73
1579871363 74
1579872263 75
1579873194 76
1579874713 77
1579875857 78
1579877603 79
1579880211 80
1579880806 81
1579885751 82
1579886544 83
1579886746 84
1579887026 85
1579887245 86
1579888707 87
1579890751 88
1579892037 89
1579897192 90
1579897615 91
1579897628 92
1579898020 93
1579898093 94
1579898104 95
1579898295 96
1579898366 97
1579899120 98
1579899597 99
1579899783 100
1579899824 101
1579900037 102
1579900093 103
1579900136 104
1579900290 105
1579900351 106
1579900500 107
1579900515 108
1579900888 109
1579901083 110
1579901210 111
1579901630 112
1579901787 113
1579901886 114
1579901916 115
1579902344 116
1579903110 117
1579904004 118
1579904013 119
1579904655 120
1579904674 121
1579904963 122
1579905912 123
1579906049 124
1579906055 125
1579906227 126
1579906351 127
1579906556 128
1579906859 129
1579906939 130
1579906979 131
1579907338 132
1579908229 133
1579908293 134
1579908329 135
1579908840 136
1579909219 137
1579911342 138
1579915186 139
1579915723 140
1579916416 141
1579917298 142
1579917630 143
1579919733 144
1579920712 145
1579922026 146
1579934676 147
1579938071 148
1579938750 149
1579939400 150
1579940047 151
1579943548 152
1579943708 153
1579943871 154
1579944323 155
1579944902 156
1579946835 157
1579947236 158
1579947909 159
1579949445 160
1579949468 161
1579949652 162
1579949677 163
1579950448 164
1579950615 165
1579951014 166
1579951945 167
1579953209 168
1579956895 169
1579957886 170
1579957910 171
1579958003 172
1579958330 173
1579961352 174
1579961635 175
1579962300 176
1579962525 177
1579962557 178
1579964705 179
1579966349 180
1579966383 181
1579967323 182
1579967349 183
1579968270 184
1579969765 185
1579972703 186
1579972896 187
1579973982 188
1579975431 189
1579975776 190
1579976055 191
1579976177 192
1579976762 193
1579977121 194
1579978580 195
1579979761 196
1579979940 197
1579982056 198
1579982100 199
1579984623 200
1579986219 201
1579987781 202
1579990366 203
1579995294 204
1579999312 205
1580021099 206
1580023491 207
1580025385 208
1580032617 209
1580032644 210
1580034093 211
1580036233 212
1580036556 213
1580037245 214
1580039617 215
1580039816 216
1580040653 217
1580041049 218
1580041576 219
1580044253 220
1580056459 221
1580063156 222
1580069107 223
1580072563 224
1580073364 225
1580077054 226
1580077921 227
1580078790 228
1580079026 229
1580081552 230
1580082532 231
1580116947 232
1580118638 233
1580119156 234
1580121793 235
1580122138 236
1580129294 237
1580129688 238
1580130647 239
1580133359 240
1580134245 241
1580135310 242
1580135506 243
1580135682 244
1580137293 245
1580139983 246
1580140796 247
1580141917 248
1580142357 249
1580143850 250
1580145999 251
1580147519 252
1580148839 253
1580149825 254
1580149929 255
1580149994 256
1580150937 257
1580152565 258
1580153583 259
1580157337 260
1580157604 261
1580162604 262
1580163235 263
1580163355 264
1580179150 265
1580180392 266
1580186044 267
1580200461 268
1580204608 269
1580205290 270
1580208217 271
1580208891 272
1580209087 273
1580209441 274
1580209664 275
1580209714 276
1580210960 277
1580214064 278
1580214642 279
1580214715 280
1580215430 281
1580218095 282
1580218312 283
1580234905 284
1580237499 285
1580239491 286
1580239614 287
1580239642 288
1580240823 289
1580242009 290
1580242271 291
1580244435 292
1580246007 293
1580250782 294
1580263337 295
1580266899 296
1580281426 297
1580286821 298
1580289227 299
1580291450 300
1580291926 301
1580292256 302
1580293317 303
1580293461 304
1580294692 305
1580295949 306
1580297046 307
1580304197 308
1580305313 309
1580308050 310
1580309486 311
1580314182 312
1580328596 313
1580329136 314
1580333196 315
1580334924 316
1580341579 317
1580352894 318
1580361242 319
1580372528 320
1580378199 321
1580378646 322
1580379102 323
1580380689 324
1580381070 325
1580381504 326
1580383871 327
1580386391 328
1580389339 329
1580390124 330
1580393334 331
1580396988 332
1580397439 333
1580404348 334
1580418110 335
1580418279 336
1580419059 337
1580420960 338
1580425672 339
1580460065 340
1580461280 341
1580464664 342
1580468550 343
1580472399 344
1580473279 345
1580474163 346
1580477055 347
1580478927 348
1580484853 349
1580487904 350
1580494200 351
1580495775 352
1580495851 353
1580497424 354
1580503648 355
1580503712 356
1580505690 357
1580518207 358
1580545588 359
1580546975 360
1580547601 361
1580549272 362
1580554637 363
1580555486 364
1580559931 365
1580571642 366
1580596569 367
1580597746 368
1580602005 369
1580611880 370
1580615662 371
1580641210 372
1580641805 373
1580645299 374
1580647089 375
1580654725 376
1580655562 377
1580659674 378
1580673381 379
1580682687 380
1580684741 381
1580699492 382
1580716630 383
1580721735 384
1580724385 385
1580728884 386
1580740545 387
1580740922 388
1580744082 389
1580748471 390
1580762786 391
1580768440 392
1580772379 393
1580802759 394
1580819234 395
1580825801 396
1580836548 397
1580837864 398
1580843552 399
1580858244 400
1580866186 401
1580889641 402
1580905759 403
1580913537 404
1580916749 405
1580920567 406
1580921681 407
1580921851 408
1580927084 409
1580936329 410
1580978260 411
1580986937 412
1581010663 413
1581061851 414
1581070613 415
1581072844 416
1581074277 417
1581086123 418
1581094415 419
1581098706 420
1581118315 421
1581157548 422
1581158479 423
1581159381 424
1581159953 425
1581161411 426
1581162629 427
1581172511 428
1581176407 429
1581177359 430
1581181207 431
1581183489 432
1581187306 433
1581188385 434
1581193042 435
1581195345 436
1581324821 437
1581331161 438
1581331394 439
1581334312 440
1581339543 441
1581357967 442
1581370515 443
1581412981 444
1581414559 445
1581419656 446
1581428997 447
1581429752 448
1581435264 449
1581442081 450
1581445993 451
1581449554 452
1581450308 453
1581496171 454
1581509957 455
1581513139 456
1581546660 457
1581581725 458
1581582731 459
1581585241 460
1581585824 461
1581594387 462
1581610854 463
1581612353 464
1581635783 465
1581646190 466
1581679386 467
1581770395 468
1581771472 469
1581798034 470
1581884638 471
1581924361 472
1581943066 473
1581953185 474
1581983608 475
1581998295 476
1582141950 477
1582220672 478
1582272984 479
1582282745 480
1582284629 481
1582326576 482
1582377942 483
1582385296 484
1582390772 485
1582391951 486
1582396817 487
1582402425 488
1582410431 489
1582420665 490
1582423902 491
1582456071 492
1582457845 493
1582461884 494
1582463236 495
1582482830 496
1582483015 497
1582497493 498
1582497549 499
1582535958 500
1582537820 501
1582541375 502
1582544318 503
1582546289 504
1582547431 505
1582549050 506
1582549138 507
1582549914 508
1582554319 509
1582555618 510
1582555659 511
1582555762 512
1582558310 513
1582558442 514
1582559505 515
1582561004 516
1582561573 517
1582561978 518
1582562195 519
1582562717 520
1582563983 521
1582565270 522
1582565759 523
1582568627 524
1582571134 525
1582573286 526
1582573993 527
1582575979 528
1582581666 529
1582598944 530
1582614333 531
1582615975 532
1582620595 533
1582622443 534
1582627726 535
1582628613 536
1582629053 537
1582630446 538
1582630853 539
1582631966 540
1582633462 541
1582638628 542
1582638763 543
1582640340 544
1582641162 545
1582642459 546
1582643188 547
1582645706 548
1582646299 549
1582648592 550
1582650461 551
1582651225 552
1582655012 553
1582655306 554
1582655367 555
1582659266 556
1582659301 557
1582662828 558
1582665550 559
1582666546 560
1582668436 561
1582673226 562
1582673343 563
1582702480 564
1582712684 565
1582714369 566
1582715238 567
1582715729 568
1582716039 569
1582717298 570
1582720744 571
1582722355 572
1582724283 573
1582724605 574
1582725429 575
1582728811 576
1582732492 577
1582732619 578
1582732714 579
1582733528 580
1582734922 581
1582735067 582
1582735408 583
1582735601 584
1582736182 585
1582737595 586
1582738899 587
1582739226 588
1582740609 589
1582744299 590
1582745431 591
1582747271 592
1582752458 593
1582753999 594
1582754587 595
1582754765 596
1582755496 597
1582781146 598
1582785858 599
1582786046 600
1582795284 601
1582797060 602
1582797451 603
1582797889 604
1582799164 605
1582801259 606
1582802861 607
1582803516 608
1582805661 609
1582806431 610
1582809112 611
1582809645 612
1582810821 613
1582811578 614
1582811752 615
1582818178 616
1582822971 617
1582826009 618
1582827871 619
1582833326 620
1582836786 621
1582837282 622
1582838314 623
1582838841 624
1582839768 625
1582841199 626
1582841279 627
1582842132 628
1582843507 629
1582843895 630
1582846870 631
1582847664 632
1582849603 633
1582851554 634
1582854281 635
1582870865 636
1582872089 637
1582873197 638
1582876968 639
1582879735 640
1582880484 641
1582880893 642
1582882183 643
1582883645 644
1582883970 645
1582884112 646
1582886279 647
1582886664 648
1582887068 649
1582888323 650
1582888836 651
1582889001 652
1582890578 653
1582891735 654
1582893249 655
1582894109 656
1582897018 657
1582899158 658
1582899172 659
1582900772 660
1582901583 661
1582901972 662
1582902555 663
1582903999 664
1582906321 665
1582909276 666
1582911754 667
1582912062 668
1582913556 669
1582918759 670
1582918892 671
1582919023 672
1582919717 673
1582920244 674
1582922689 675
1582923317 676
1582923575 677
1582923783 678
1582928171 679
1582931983 680
1582933156 681
1582935651 682
1582939292 683
1582957039 684
1582959634 685
1582960509 686
1582962218 687
1582962507 688
1582967196 689
1582973475 690
1582974341 691
1582976265 692
1582976268 693
1582978340 694
1582986017 695
1582986686 696
1582987636 697
1582990379 698
1582990926 699
1582992395 700
1582992628 701
1582993180 702
1582994276 703
1582998494 704
1582999938 705
1583000348 706
1583000756 707
1583002524 708
1583005014 709
1583005185 710
1583005572 711
1583006131 712
1583006155 713
1583006481 714
1583010269 715
1583010636 716
1583010946 717
1583011724 718
1583013290 719
1583013644 720
1583015969 721
1583017232 722
1583018787 723
1583021646 724
1583044078 725
1583049042 726
1583058550 727
1583061724 728
1583062578 729
1583065191 730
1583072042 731
1583074110 732
1583077462 733
1583080027 734
1583082260 735
1583083304 736
1583084335 737
1583085795 738
1583087673 739
1583089711 740
1583090422 741
1583090849 742
1583091164 743
1583091777 744
1583091915 745
1583093498 746
1583093790 747
1583093841 748
1583095000 749
1583100276 750
1583100396 751
1583101696 752
1583102192 753
1583103340 754
1583105552 755
1583108849 756
1583115640 757
1583132180 758
1583132608 759
1583136924 760
1583142250 761
1583143847 762
1583148926 763
1583151672 764
1583151695 765
1583151823 766
1583153334 767
1583154010 768
1583155665 769
1583155695 770
1583156047 771
1583157797 772
1583158490 773
1583159875 774
1583160067 775
1583162859 776
1583164380 777
1583165324 778
1583167820 779
1583168212 780
1583168388 781
1583168876 782
1583170301 783
1583170607 784
1583170657 785
1583176121 786
1583176819 787
1583181768 788
1583184677 789
1583184726 790
1583184797 791
1583185240 792
1583186026 793
1583186484 794
1583186961 795
1583187874 796
1583189093 797
1583190945 798
1583193331 799
1583193843 800
1583196207 801
1583198653 802
1583220371 803
1583226444 804
1583228639 805
1583233159 806
1583235269 807
1583238361 808
1583238806 809
1583239491 810
1583239723 811
1583240739 812
1583241226 813
1583244336 814
1583246002 815
1583246336 816
1583247714 817
1583249219 818
1583249276 819
1583254819 820
1583255173 821
1583257851 822
1583260664 823
1583261701 824
1583265172 825
1583265571 826
1583265761 827
1583266056 828
1583266872 829
1583268079 830
1583269982 831
1583271259 832
1583271873 833
1583278055 834
1583279920 835
1583306960 836
1583307812 837
1583312153 838
1583316804 839
1583317287 840
1583317526 841
1583322666 842
1583323546 843
1583324701 844
1583326008 845
1583326796 846
1583326851 847
1583329707 848
1583329766 849
1583332387 850
1583333553 851
1583333785 852
1583335222 853
1583335783 854
1583337199 855
1583337975 856
1583338335 857
1583344069 858
1583346646 859
1583347076 860
1583348858 861
1583350184 862
1583352957 863
1583353853 864
1583359476 865
1583359624 866
1583364588 867
1583372542 868
1583380549 869
1583387023 870
1583390165 871
1583391427 872
1583396050 873
1583397004 874
1583398157 875
1583398264 876
1583399990 877
1583402131 878
1583404628 879
1583404933 880
1583405206 881
1583405779 882
1583407969 883
1583410520 884
1583410746 885
1583411088 886
1583413297 887
1583413520 888
1583415867 889
1583417396 890
1583420357 891
1583421541 892
1583423911 893
1583425391 894
1583426054 895
1583426515 896
1583428076 897
1583431629 898
1583432622 899
1583432997 900
1583434109 901
1583437268 902
1583437934 903
1583438645 904
1583439390 905
1583440606 906
1583442074 907
1583444599 908
1583444894 909
1583446175 910
1583448634 911
1583455362 912
1583456117 913
1583460415 914
1583481795 915
1583482837 916
1583486516 917
1583487723 918
1583487750 919
1583488161 920
1583489104 921
1583489620 922
1583490809 923
1583491793 924
1583493356 925
1583494195 926
1583498447 927
1583500372 928
1583502357 929
1583502776 930
1583502942 931
1583503109 932
1583504046 933
1583504220 934
1583506390 935
1583507778 936
1583507851 937
1583508542 938
1583512801 939
1583516683 940
1583518309 941
1583521633 942
1583523014 943
1583523508 944
1583525044 945
1583525210 946
1583526375 947
1583531166 948
1583533921 949
1583538214 950
1583539557 951
1583543124 952
1583548163 953
1583570868 954
1583572314 955
1583572469 956
1583574314 957
1583580628 958
1583584152 959
1583584677 960
1583587384 961
1583589852 962
1583594211 963
1583596315 964
1583599326 965
1583601605 966
1583604168 967
1583608959 968
1583609464 969
1583611726 970
1583613775 971
1583614769 972
1583614870 973
1583615655 974
1583616071 975
1583619428 976
1583625565 977
1583625739 978
1583633920 979
1583637915 980
1583638146 981
1583646243 982
1583655198 983
1583660557 984
1583662122 985
1583667935 986
1583669007 987
1583670517 988
1583672828 989
1583673059 990
1583673226 991
1583675607 992
1583679377 993
1583680251 994
1583680914 995
1583684085 996
1583685229 997
1583690335 998
1583692576 999
1583694339 1000
1583696780 1001
1583699910 1002
1583700177 1003
1583703376 1004
1583706195 1005
1583706383 1006
1583706602 1007
1583709824 1008
1583711113 1009
1583713283 1010
1583715360 1011
1583724944 1012
1583734573 1013
1583737708 1014
1583744677 1015
1583744788 1016
1583745880 1017
1583746584 1018
1583755915 1019
1583757348 1020
1583757420 1021
1583761852 1022
1583762414 1023
1583763398 1024
1583763567 1025
1583767396 1026
1583768343 1027
1583768722 1028
1583770805 1029
1583771803 1030
1583771869 1031
1583772333 1032
1583772465 1033
1583776537 1034
1583778825 1035
1583782810 1036
1583782888 1037
1583784344 1038
1583785090 1039
1583785928 1040
1583786999 1041
1583787396 1042
1583790111 1043
1583790496 1044
1583791485 1045
1583794288 1046
1583795516 1047
1583799918 1048
1583800180 1049
1583800460 1050
1583801264 1051
1583816476 1052
1583826500 1053
1583827615 1054
1583832091 1055
1583832986 1056
1583836407 1057
1583839480 1058
1583839881 1059
1583840635 1060
1583841059 1061
1583842421 1062
1583843509 1063
1583844807 1064
1583844963 1065
1583847478 1066
1583848213 1067
1583849807 1068
1583853754 1069
1583855305 1070
1583855713 1071
1583859888 1072
1583863946 1073
1583865779 1074
1583866945 1075
1583870780 1076
1583871684 1077
1583898259 1078
1583911358 1079
1583912331 1080
1583912883 1081
1583913184 1082
1583916382 1083
1583918962 1084
1583920638 1085
1583922046 1086
1583933197 1087
1583934954 1088
1583937801 1089
1583940791 1090
1583941386 1091
1583945865 1092
1583947908 1093
1583949421 1094
1583949647 1095
1583951652 1096
1583952568 1097
1583953323 1098
1583954390 1099
1583954753 1100
1583957008 1101
1583958576 1102
1583961415 1103
1583961419 1104
1583961950 1105
1583963329 1106
1583963615 1107
1583964215 1108
1583965735 1109
1583968352 1110
1583969483 1111
1583969544 1112
1583970080 1113
1583971804 1114
1583973557 1115
1583974878 1116
1583976073 1117
1583980767 1118
1583980807 1119
1583988858 1120
1583989126 1121
1583992428 1122
1583998732 1123
1584000090 1124
1584000892 1125
1584001484 1126
1584003074 1127
1584003794 1128
1584007557 1129
1584007776 1130
1584008348 1131
1584009266 1132
1584009297 1133
1584009316 1134
1584009865 1135
1584011401 1136
1584012897 1137
1584013359 1138
1584013582 1139
1584014076 1140
1584017842 1141
1584019384 1142
1584020001 1143
1584021612 1144
1584022009 1145
1584022269 1146
1584024031 1147
1584025706 1148
1584025998 1149
1584029582 1150
1584030426 1151
1584030778 1152
1584033341 1153
1584033602 1154
1584035120 1155
1584036545 1156
1584039510 1157
1584039668 1158
1584040451 1159
1584041336 1160
1584042253 1161
1584042361 1162
1584042823 1163
1584043275 1164
1584043316 1165
1584043330 1166
1584043351 1167
1584043367 1168
1584043391 1169
1584043427 1170
1584043476 1171
1584043515 1172
1584043631 1173
1584043646 1174
1584043738 1175
1584043765 1176
1584043816 1177
1584044318 1178
1584044373 1179
1584044405 1180
1584044722 1181
1584044814 1182
1584044872 1183
1584045196 1184
1584045216 1185
1584045454 1186
1584045733 1187
1584047255 1188
1584047733 1189
1584047857 1190
1584047957 1191
1584048272 1192
1584048799 1193
1584048984 1194
1584049489 1195
1584049823 1196
1584050059 1197
1584050165 1198
1584050949 1199
1584051150 1200
1584051350 1201
1584052701 1202
1584052927 1203
1584053131 1204
1584054807 1205
1584055601 1206
1584055645 1207
1584056053 1208
1584057057 1209
1584057757 1210
1584058901 1211
1584059485 1212
1584059849 1213
1584060080 1214
1584071834 1215
1584075439 1216
1584079510 1217
1584079568 1218
1584080401 1219
1584081554 1220
1584082531 1221
1584083341 1222
1584087096 1223
1584088091 1224
1584088150 1225
1584090231 1226
1584091257 1227
1584092550 1228
1584094450 1229
1584095317 1230
1584096938 1231
1584098998 1232
1584100275 1233
1584101767 1234
1584102150 1235
1584102553 1236
1584104796 1237
1584105279 1238
1584106094 1239
1584106438 1240
1584106816 1241
1584107665 1242
1584109653 1243
1584110896 1244
1584111891 1245
1584114441 1246
1584114458 1247
1584114937 1248
1584118451 1249
1584119351 1250
1584120803 1251
1584122433 1252
1584122583 1253
1584125525 1254
1584125721 1255
1584125944 1256
1584126229 1257
1584127174 1258
1584127716 1259
1584128617 1260
1584129430 1261
1584131970 1262
1584132939 1263
1584133610 1264
1584135937 1265
1584136241 1266
1584136491 1267
1584136753 1268
1584137422 1269
1584137585 1270
1584137812 1271
1584137986 1272
1584138104 1273
1584139102 1274
1584140004 1275
1584141095 1276
1584145853 1277
1584147330 1278
1584149891 1279
1584166434 1280
1584176087 1281
1584177771 1282
1584179949 1283
1584181088 1284
1584181360 1285
1584181985 1286
1584183437 1287
1584184029 1288
1584184613 1289
1584186496 1290
1584186875 1291
1584187272 1292
1584189358 1293
1584189688 1294
1584190967 1295
1584192993 1296
1584193804 1297
1584194806 1298
1584196516 1299
1584196519 1300
1584196982 1301
1584197030 1302
1584198538 1303
1584201100 1304
1584201823 1305
1584202937 1306
1584203493 1307
1584207487 1308
1584209232 1309
1584209496 1310
1584209943 1311
1584212096 1312
1584213881 1313
1584214174 1314
1584214618 1315
1584215222 1316
1584215272 1317
1584215574 1318
1584215953 1319
1584216016 1320
1584216111 1321
1584217017 1322
1584217074 1323
1584217468 1324
1584217510 1325
1584217584 1326
1584217661 1327
1584217728 1328
1584217938 1329
1584218130 1330
1584218398 1331
1584218437 1332
1584218609 1333
1584218747 1334
1584218752 1335
1584218757 1336
1584218921 1337
1584218926 1338
1584219054 1339
1584219306 1340
1584219923 1341
1584220291 1342
1584220401 1343
1584220750 1344
1584220857 1345
1584220896 1346
1584221080 1347
1584221491 1348
1584221565 1349
1584221656 1350
1584221664 1351
1584221734 1352
1584222221 1353
1584222342 1354
1584222407 1355
1584223121 1356
1584223446 1357
1584223522 1358
1584223806 1359
1584224552 1360
1584224728 1361
1584225157 1362
1584225463 1363
1584225948 1364
1584226030 1365
1584226730 1366
1584227310 1367
1584228224 1368
1584228448 1369
1584228655 1370
1584228709 1371
1584228762 1372
1584230471 1373
1584230508 1374
1584230633 1375
1584231105 1376
1584231127 1377
1584231836 1378
1584232760 1379
1584233485 1380
1584233602 1381
1584234405 1382
1584235319 1383
1584235329 1384
1584235456 1385
1584235846 1386
1584236160 1387
1584237774 1388
1584252017 1389
1584254250 1390
1584256800 1391
1584258453 1392
1584259587 1393
1584259794 1394
1584259941 1395
1584261510 1396
1584261600 1397
1584261735 1398
1584263044 1399
1584263125 1400
1584263727 1401
1584265334 1402
1584266719 1403
1584267366 1404
1584268067 1405
1584268285 1406
1584268451 1407
1584268453 1408
1584269354 1409
1584271431 1410
1584271621 1411
1584271870 1412
1584271991 1413
1584272080 1414
1584272379 1415
1584272453 1416
1584273427 1417
1584273705 1418
1584273731 1419
1584273797 1420
1584273824 1421
1584274228 1422
1584275060 1423
1584275106 1424
1584275526 1425
1584276423 1426
1584277364 1427
1584279118 1428
1584280143 1429
1584280207 1430
1584280658 1431
1584281015 1432
1584282583 1433
1584282818 1434
1584283191 1435
1584284060 1436
1584284093 1437
1584285493 1438
1584286721 1439
1584287018 1440
1584287107 1441
1584287449 1442
1584287556 1443
1584288969 1444
1584289446 1445
1584290342 1446
1584291410 1447
1584291824 1448
1584292255 1449
1584292483 1450
1584292899 1451
1584292998 1452
1584293260 1453
1584293396 1454
1584293641 1455
1584293788 1456
1584294018 1457
1584294123 1458
1584294397 1459
1584294643 1460
1584294775 1461
1584295196 1462
1584295349 1463
1584295528 1464
1584295551 1465
1584296028 1466
1584296132 1467
1584297020 1468
1584297051 1469
1584297172 1470
1584298096 1471
1584298541 1472
1584299300 1473
1584299330 1474
1584299433 1475
1584300024 1476
1584301560 1477
1584301598 1478
1584302599 1479
1584303481 1480
1584303737 1481
1584304546 1482
1584304546 1483
1584304863 1484
1584304882 1485
1584305241 1486
1584305456 1487
1584305965 1488
1584306014 1489
1584306689 1490
1584307247 1491
1584307335 1492
1584307473 1493
1584308454 1494
1584309219 1495
1584310057 1496
1584310339 1497
1584310654 1498
1584310953 1499
1584311800 1500
1584311899 1501
1584311959 1502
1584312368 1503
1584312433 1504
1584312637 1505
1584313412 1506
1584313855 1507
1584314495 1508
1584314586 1509
1584315039 1510
1584318635 1511
1584320675 1512
1584322907 1513
1584322974 1514
1584324385 1515
1584325782 1516
1584328234 1517
1584328789 1518
1584329646 1519
1584335305 1520
1584339301 1521
1584341464 1522
1584342243 1523
1584342803 1524
1584344641 1525
1584344840 1526
1584345456 1527
1584346635 1528
1584346691 1529
1584346978 1530
1584347593 1531
1584347607 1532
1584347911 1533
1584348544 1534
1584348810 1535
1584349240 1536
1584349615 1537
1584351189 1538
1584351422 1539
1584352274 1540
1584352706 1541
1584352806 1542
1584353819 1543
1584354266 1544
1584354402 1545
1584355192 1546
1584355466 1547
1584355923 1548
1584356336 1549
1584356396 1550
1584356462 1551
1584356723 1552
1584356886 1553
1584357079 1554
1584357590 1555
1584357965 1556
1584358281 1557
1584358295 1558
1584358947 1559
1584359105 1560
1584359423 1561
1584359497 1562
1584359592 1563
1584359750 1564
1584360103 1565
1584360150 1566
1584360428 1567
1584361423 1568
1584362027 1569
1584362632 1570
1584362677 1571
1584362847 1572
1584362882 1573
1584363072 1574
1584363197 1575
1584363815 1576
1584364160 1577
1584364939 1578
1584365561 1579
1584365575 1580
1584366717 1581
1584368013 1582
1584368017 1583
1584368076 1584
1584369862 1585
1584369942 1586
1584370980 1587
1584371232 1588
1584371310 1589
1584372010 1590
1584372211 1591
1584372549 1592
1584373576 1593
1584373765 1594
1584373969 1595
1584373996 1596
1584374822 1597
1584375396 1598
1584375440 1599
1584376089 1600
1584376233 1601
1584376235 1602
1584376760 1603
1584377004 1604
1584377840 1605
1584377924 1606
1584378048 1607
1584378341 1608
1584378406 1609
1584379259 1610
1584379717 1611
1584379972 1612
1584379994 1613
1584380038 1614
1584382435 1615
1584382656 1616
1584382672 1617
1584383414 1618
1584383981 1619
1584384311 1620
1584384715 1621
1584384880 1622
1584385060 1623
1584385111 1624
1584385292 1625
1584385630 1626
1584385633 1627
1584386217 1628
1584386768 1629
1584386977 1630
1584387555 1631
1584388081 1632
1584388104 1633
1584388317 1634
1584388656 1635
1584388677 1636
1584389086 1637
1584389134 1638
1584389164 1639
1584389290 1640
1584389629 1641
1584389802 1642
1584389937 1643
1584391129 1644
1584391646 1645
1584391838 1646
1584392509 1647
1584392570 1648
1584392665 1649
1584393432 1650
1584393686 1651
1584394071 1652
1584394251 1653
1584394351 1654
1584395340 1655
1584395914 1656
1584396782 1657
1584396903 1658
1584397049 1659
1584397135 1660
1584397235 1661
1584397371 1662
1584398021 1663
1584398423 1664
1584398612 1665
1584398618 1666
1584398809 1667
1584399170 1668
1584399325 1669
1584400031 1670
1584400404 1671
1584400427 1672
1584400460 1673
1584400951 1674
1584401321 1675
1584402511 1676
1584402626 1677
1584402814 1678
1584403377 1679
1584403668 1680
1584404183 1681
1584404738 1682
1584404799 1683
1584411037 1684
1584411260 1685
1584425548 1686
1584425562 1687
1584428360 1688
1584430319 1689
1584430471 1690
1584431436 1691
1584431867 1692
1584433247 1693
1584433311 1694
1584434985 1695
1584435525 1696
1584436657 1697
1584436945 1698
1584436958 1699
1584438638 1700
1584439057 1701
1584441130 1702
1584441871 1703
1584442072 1704
1584443285 1705
1584443833 1706
1584443922 1707
1584444322 1708
1584444634 1709
1584445251 1710
1584445633 1711
1584446266 1712
1584446346 1713
1584447511 1714
1584447611 1715
1584447649 1716
1584447698 1717
1584448352 1718
1584448433 1719
1584448666 1720
1584449225 1721
1584450078 1722
1584451094 1723
1584451843 1724
1584453048 1725
1584453828 1726
1584454587 1727
1584456251 1728
1584456762 1729
1584456864 1730
1584457880 1731
1584459051 1732
1584459095 1733
1584459371 1734
1584459663 1735
1584460317 1736
1584460331 1737
1584461187 1738
1584462802 1739
1584462843 1740
1584463038 1741
1584463321 1742
1584463364 1743
1584463592 1744
1584464619 1745
1584465037 1746
1584465561 1747
1584465994 1748
1584466028 1749
1584466305 1750
1584466376 1751
1584466443 1752
1584470849 1753
1584472900 1754
1584473887 1755
1584474056 1756
1584474065 1757
1584474341 1758
1584477179 1759
1584478380 1760
1584482613 1761
1584482734 1762
1584483980 1763
1584485518 1764
1584485997 1765
1584489264 1766
1584489904 1767
1584490264 1768
1584490642 1769
1584491238 1770
1584491596 1771
1584516458 1772
1584518900 1773
1584519736 1774
1584521381 1775
1584522966 1776
1584523173 1777
1584523948 1778
1584524651 1779
1584525126 1780
1584525695 1781
1584526297 1782
1584527151 1783
1584528474 1784
1584530077 1785
1584530421 1786
1584531754 1787
1584531983 1788
1584532310 1789
1584532336 1790
1584534894 1791
1584535086 1792
1584535092 1793
1584535418 1794
1584538648 1795
1584539820 1796
1584540049 1797
1584540882 1798
1584541085 1799
1584543159 1800
1584543688 1801
1584543941 1802
1584544153 1803
1584544402 1804
1584544908 1805
1584547426 1806
1584548330 1807
1584548445 1808
1584548994 1809
1584552256 1810
1584553192 1811
1584554057 1812
1584554826 1813
1584555053 1814
1584555817 1815
1584557544 1816
1584558627 1817
1584558724 1818
1584559186 1819
1584559456 1820
1584559526 1821
1584560624 1822
1584561196 1823
1584562554 1824
1584562987 1825
1584563172 1826
1584563644 1827
1584563691 1828
1584565028 1829
1584565405 1830
1584566371 1831
1584567177 1832
1584568495 1833
1584570380 1834
1584571226 1835
1584578348 1836
1584578845 1837
1584579271 1838
1584603667 1839
1584604036 1840
1584604469 1841
1584607740 1842
1584612873 1843
1584614702 1844
1584616339 1845
1584618923 1846
1584619030 1847
1584620707 1848
1584620996 1849
1584622863 1850
1584625355 1851
1584630607 1852
1584631991 1853
1584632885 1854
1584633994 1855
1584636600 1856
1584636858 1857
1584637159 1858
1584639441 1859
1584640741 1860
1584641040 1861
1584644573 1862
1584645527 1863
1584649964 1864
1584653809 1865
1584656110 1866
1584656499 1867
1584658546 1868
1584660096 1869
1584670147 1870
1584677227 1871
1584687656 1872
1584690136 1873
1584692267 1874
1584693849 1875
1584694018 1876
1584694425 1877
1584696987 1878
1584698314 1879
1584698690 1880
1584699077 1881
1584700442 1882
1584702105 1883
1584702278 1884
1584703510 1885
1584703810 1886
1584704184 1887
1584704650 1888
1584705429 1889
1584706296 1890
1584707866 1891
1584710739 1892
1584712099 1893
1584716945 1894
1584718199 1895
1584720083 1896
1584720838 1897
1584721897 1898
1584722315 1899
1584722978 1900
1584723403 1901
1584723771 1902
1584723799 1903
1584724486 1904
1584725420 1905
1584727860 1906
1584727960 1907
1584732857 1908
1584734243 1909
1584734344 1910
1584734704 1911
1584736301 1912
1584736744 1913
1584737966 1914
1584737972 1915
1584738023 1916
1584740330 1917
1584740400 1918
1584740682 1919
1584743929 1920
1584745107 1921
1584746236 1922
1584747353 1923
1584749313 1924
1584749771 1925
1584755096 1926
1584756654 1927
1584756675 1928
1584757668 1929
1584771988 1930
1584776215 1931
1584776360 1932
1584785020 1933
1584786444 1934
1584790755 1935
1584793983 1936
1584794520 1937
1584796003 1938
1584800258 1939
1584800351 1940
1584800485 1941
1584808466 1942
1584810580 1943
1584816006 1944
1584816530 1945
1584816715 1946
1584820419 1947
1584820638 1948
1584822807 1949
1584823233 1950
1584826291 1951
1584826700 1952
1584827001 1953
1584829731 1954
1584829988 1955
1584831484 1956
1584833133 1957
1584833292 1958
1584833711 1959
1584835338 1960
1584836185 1961
1584842394 1962
1584844297 1963
1584848947 1964
1584859364 1965
1584864825 1966
1584864858 1967
1584867378 1968
1584869616 1969
1584870156 1970
1584870476 1971
1584874411 1972
1584876458 1973
1584878907 1974
1584882275 1975
1584883291 1976
1584885004 1977
1584885828 1978
1584887480 1979
1584892537 1980
1584892582 1981
1584894447 1982
1584898106 1983
1584901804 1984
1584902064 1985
1584906437 1986
1584907450 1987
1584907891 1988
1584911090 1989
1584911108 1990
1584912895 1991
1584914530 1992
1584916381 1993
1584916972 1994
1584918155 1995
1584919668 1996
1584920397 1997
1584922415 1998
1584922910 1999
1584927024 2000
1584942277 2001
1584947455 2002
1584947476 2003
1584962174 2004
1584963313 2005
1584965033 2006
1584965227 2007
1584969000 2008
1584969036 2009
1584971706 2010
1584972873 2011
1584974040 2012
1584974126 2013
1584976460 2014
1584976533 2015
1584976807 2016
1584977452 2017
1584978015 2018
1584979589 2019
1584980297 2020
1584980772 2021
1584981484 2022
1584982934 2023
1584984735 2024
1584985383 2025
1584987113 2026
1584987935 2027
1584990539 2028
1584994701 2029
1584995707 2030
1584997043 2031
1584999386 2032
1585000496 2033
1585000939 2034
1585002202 2035
1585003050 2036
1585030438 2037
1585038916 2038
1585042190 2039
1585043303 2040
1585044668 2041
1585044738 2042
1585049243 2043
1585062493 2044
1585065861 2045
1585069332 2046
1585070050 2047
1585073473 2048
1585076131 2049
1585082818 2050
1585087377 2051
1585119539 2052
1585123565 2053
1585123787 2054
1585126202 2055
1585126539 2056
1585132908 2057
1585139712 2058
1585150674 2059
1585151330 2060
1585151754 2061
1585156434 2062
1585156497 2063
1585156664 2064
1585157991 2065
1585159248 2066
1585160325 2067
1585163221 2068
1585164365 2069
1585168749 2070
1585169363 2071
1585169819 2072
1585178033 2073
1585180771 2074
1585184143 2075
1585191549 2076
1585217953 2077
1585218593 2078
1585219537 2079
1585228728 2080
1585229842 2081
1585238066 2082
1585240672 2083
1585243652 2084
1585251319 2085
1585251319 2086
1585261803 2087
1585262332 2088
1585263851 2089
1585268345 2090
1585288515 2091
1585301109 2092
1585304706 2093
1585305658 2094
1585310549 2095
1585311433 2096
1585311899 2097
1585314085 2098
1585316504 2099
1585319094 2100
1585319159 2101
1585322469 2102
1585327192 2103
1585328026 2104
1585328490 2105
1585333771 2106
1585346148 2107
1585350976 2108
1585353990 2109
1585356207 2110
1585356371 2111
1585360524 2112
1585361662 2113
1585369988 2114
1585382707 2115
1585386805 2116
1585387998 2117
1585388193 2118
1585389750 2119
1585392523 2120
1585392618 2121
1585394792 2122
1585394884 2123
1585396836 2124
1585398129 2125
1585398427 2126
1585404098 2127
1585404557 2128
1585412626 2129
1585414574 2130
1585417603 2131
1585419974 2132
1585420272 2133
1585420291 2134
1585421386 2135
1585423320 2136
1585424064 2137
1585430555 2138
1585430645 2139
1585443960 2140
1585445651 2141
1585472433 2142
1585476346 2143
1585479210 2144
1585479263 2145
1585479332 2146
1585483132 2147
1585487616 2148
1585490235 2149
1585490932 2150
1585493515 2151
1585498217 2152
1585499064 2153
1585500286 2154
1585509737 2155
1585514615 2156
1585516106 2157
1585519706 2158
1585524810 2159
1585527163 2160
1585555288 2161
1585556713 2162
1585559913 2163
1585565813 2164
1585570161 2165
1585573744 2166
1585589129 2167
1585596575 2168
1585597177 2169
1585602471 2170
1585602970 2171
1585612585 2172
1585630900 2173
1585648520 2174
1585655891 2175
1585656637 2176
1585657363 2177
1585658180 2178
1585663394 2179
1585663771 2180
1585669104 2181
1585671581 2182
1585673758 2183
1585683070 2184
1585734524 2185
1585747126 2186
1585753528 2187
1585754670 2188
1585771679 2189
1585779285 2190
1585782160 2191
1585784845 2192
1585788319 2193
1585819439 2194
1585824580 2195
1585828269 2196
1585839586 2197
1585845237 2198
1585850566 2199
1585851896 2200
1585863545 2201
1585868544 2202
1585870417 2203
1585896732 2204
1585909362 2205
1585911361 2206
1585922674 2207
1585923276 2208
1585929679 2209
1585930158 2210
1585933597 2211
1585938272 2212
1585956132 2213
1585956148 2214
1585958224 2215
1585958903 2216
1585978559 2217
1585990855 2218
1586018401 2219
1586022561 2220
1586024419 2221
1586033963 2222
1586055536 2223
1586084722 2224
1586094239 2225
1586096921 2226
1586098273 2227
1586106175 2228
1586116282 2229
1586117364 2230
1586124149 2231
1586125852 2232
1586140078 2233
1586166331 2234
1586167324 2235
1586167525 2236
1586173488 2237
1586178654 2238
1586180464 2239
1586180827 2240
1586180969 2241
1586185203 2242
1586196788 2243
1586198448 2244
1586201201 2245
1586204953 2246
1586207756 2247
1586209225 2248
1586209803 2249
1586215370 2250
1586215990 2251
1586217136 2252
1586257436 2253
1586257636 2254
1586257793 2255
1586263293 2256
1586267032 2257
1586273011 2258
1586287352 2259
1586291159 2260
1586296495 2261
1586340034 2262
1586344691 2263
1586352309 2264
1586353198 2265
1586366562 2266
1586369200 2267
1586372256 2268
1586374570 2269
1586380714 2270
1586443351 2271
1586444161 2272
1586469718 2273
1586473546 2274
1586480270 2275
1586483090 2276
1586502196 2277
1586526174 2278
1586546792 2279
1586619429 2280
1586623787 2281
1586623848 2282
1586627751 2283
1586628030 2284
1586653267 2285
1586654915 2286
1586688618 2287
1586688908 2288
1586695295 2289
1586696313 2290
1586707820 2291
1586707993 2292
1586711928 2293
1586720951 2294
1586742804 2295
1586768656 2296
1586774139 2297
1586776882 2298
1586808336 2299
1586808458 2300
1586809248 2301
1586809543 2302
1586810787 2303
1586811360 2304
1586812405 2305
1586813743 2306
1586814080 2307
1586814428 2308
1586815525 2309
1586817822 2310
1586819093 2311
1586820709 2312
1586822306 2313
1586822802 2314
1586827138 2315
1586827865 2316
1586861284 2317
1586869759 2318
1586870050 2319
1586872137 2320
1586886578 2321
1586891379 2322
1586893337 2323
1586904795 2324
1586947331 2325
1586950857 2326
1586958467 2327
1586977822 2328
1586979899 2329
1586987719 2330
1587029238 2331
1587059746 2332
1587073381 2333
1587080119 2334
1587136721 2335
1587138812 2336
1587139400 2337
1587140673 2338
1587140774 2339
1587149305 2340
1587168594 2341
1587175508 2342
1587200619 2343
1587208834 2344
1587210213 2345
1587220757 2346
1587223103 2347
1587235686 2348
1587235704 2349
1587239610 2350
1587254262 2351
1587261679 2352
1587299017 2353
1587306140 2354
1587320496 2355
1587320779 2356
1587324792 2357
1587339383 2358
1587344879 2359
1587397051 2360
1587402510 2361
1587403093 2362
1587461283 2363
1587471890 2364
1587495926 2365
1587498763 2366
1587499959 2367
1587511870 2368
1587539243 2369
1587549267 2370
1587570243 2371
1587592012 2372
1587595194 2373
1587644363 2374
1587645366 2375
1587647615 2376
1587724929 2377
1587726321 2378
1587729615 2379
1587742326 2380
1587762593 2381
1587819968 2382
1587838120 2383
1587846345 2384
1587856384 2385
1587857274 2386
1587859442 2387
1587860616 2388
1587891002 2389
1587913492 2390
1587933119 2391
1587945481 2392
1588015992 2393
1588086561 2394
1588089493 2395
1588090888 2396
1588093201 2397
1588113491 2398
1588149741 2399
1588163866 2400
1588181489 2401
1588196144 2402
1588236411 2403
1588245006 2404
1588245247 2405
1588258162 2406
1588274752 2407
1588281474 2408
1588290785 2409
1588335402 2410
1588348232 2411
1588353601 2412
1588422315 2413
1588443322 2414
1588508906 2415
1588510780 2416
1588553946 2417
1588678574 2418
1588711572 2419
1588714176 2420
1588756707 2421
1588764674 2422
1588765228 2423
1588800382 2424
1588868510 2425
1588868688 2426
1588873336 2427
1588945360 2428
1588960193 2429
1588964238 2430
1589031904 2431
1589046370 2432
1589052771 2433
1589054435 2434
1589122640 2435
1589142107 2436
1589147525 2437
1589151966 2438
1589158220 2439
1589185295 2440
1589196756 2441
1589199978 2442
1589202262 2443
1589240803 2444
1589279565 2445
1589283745 2446
1589289898 2447
1589300676 2448
1589315651 2449
1589466719 2450
1589712998 2451
1589717842 2452
1589797025 2453
1589815205 2454
1589838154 2455
1589888721 2456
1590000499 2457
1590056110 2458
1590060606 2459
1590311890 2460
1590317795 2461
1590320194 2462
1590364234 2463
1590392359 2464
1590434559 2465
1590488619 2466
1590528518 2467
1590674666 2468
1590685472 2469
1590687762 2470
1590687933 2471
1590761553 2472
1590782132 2473
1590844281 2474
1590976337 2475
1591042554 2476
1591230086 2477
1591271783 2478
1591966267 2479
1592331989 2480
1592485322 2481
1592837643 2482
1592898386 2483
1593015879 2484
1593017013 2485
1593038373 2486
1593090633 2487
1593128449 2488
1593215394 2489
1593447713 2490
1593459816 2491
1593605710 2492
1594024819 2493
1594144217 2494
1594285384 2495
1594303365 2496
1594632323 2497
1594723510 2498
1594821611 2499
1595090195 2500
1595148222 2501
1595262121 2502
1595513781 2503
1595537065 2504
1595584791 2505
1595638088 2506
1595669522 2507
1595680752 2508
1595843992 2509
1595886709 2510
1595893651 2511
1595943850 2512
1596069774 2513
1596131843 2514
1596145097 2515
1596464543 2516
1596530671 2517
1596598872 2518
1596747183 2519
1596754699 2520
1596912584 2521
1596977015 2522
1597007931 2523
1597020246 2524
1597082767 2525
1597153938 2526
1597173858 2527
1597236518 2528
1597434161 2529
1597515885 2530
1597516596 2531
1597571362 2532
1597587812 2533
1597671212 2534
1597685005 2535
1597688266 2536
1597846742 2537
1597876840 2538
1597917450 2539
1598000591 2540
1598121994 2541
1598125472 2542
1598197407 2543
1598216779 2544
1598277714 2545
1598282805 2546
1598348282 2547
1598390567 2548
1598527931 2549
1598535366 2550
1598555073 2551
1598564729 2552
1598620262 2553
1598622164 2554
1598644967 2555
1598802393 2556
1598807934 2557
1598817549 2558
1598869391 2559
1598870265 2560
1598957261 2561
1598957978 2562
1598963997 2563
1598973812 2564
1598993028 2565
1599002780 2566
1599039249 2567
1599072602 2568
1599177289 2569
1599209826 2570
1599403183 2571
1599431442 2572
1599523296 2573
1599567535 2574
1599567721 2575
1599644533 2576
1599660548 2577
1599738169 2578
1599741671 2579
1599767348 2580
1599820694 2581
1599848698 2582
1599855621 2583
1599946100 2584
1600070298 2585
1600092539 2586
1600102759 2587
1600127038 2588
1600161383 2589
1600390943 2590
1600452959 2591
1600499517 2592
1600547248 2593
1600683145 2594
1600810301 2595
1600858594 2596
1600898846 2597
1600953505 2598
1600979095 2599
1601032705 2600
1601039818 2601
1601051821 2602
1601107230 2603
1601112171 2604
1601116139 2605
1601118883 2606
1601119923 2607
1601192717 2608
1601288127 2609
1601288299 2610
1601329392 2611
1601336806 2612
1601463061 2613
1601482767 2614
1601548466 2615
1601622750 2616
1601833467 2617
1601889740 2618
1601898737 2619
1601919560 2620
1601939179 2621
1602006048 2622
1602105082 2623
1602160645 2624
1602407235 2625
1602439875 2626
1602518523 2627
1602543174 2628
1602576336 2629
1602582762 2630
1602586810 2631
1602629684 2632
1602669909 2633
1602682622 2634
1602706150 2635
1602706473 2636
1602706704 2637
1602709270 2638
1602758110 2639
1602777054 2640
1602781955 2641
1602786163 2642
1602846289 2643
1602851214 2644
1602864258 2645
1602948416 2646
1602968630 2647
1602971213 2648
1603019592 2649
1603020178 2650
1603024307 2651
1603125347 2652
1603194993 2653
1603195410 2654
1603223195 2655
1603232164 2656
1603235787 2657
1603288843 2658
1603291795 2659
1603392641 2660
1603441046 2661
1603458706 2662
1603477602 2663
1603482585 2664
1603494994 2665
1603615667 2666
1603655884 2667
1603658475 2668
1603661126 2669
1603664813 2670
1603672681 2671
1603716410 2672
1603731920 2673
1603735882 2674
1603739185 2675
1603742157 2676
1603790132 2677
1603795782 2678
1603796351 2679
1603798845 2680
1603809948 2681
1603817813 2682
1603819740 2683
1603825136 2684
1603834167 2685
1603834629 2686
1603840470 2687
1603845303 2688
1603876826 2689
1603881887 2690
1603885493 2691
1603895751 2692
1603899756 2693
1603900258 2694
1603914332 2695
1603915990 2696
1603917077 2697
1603917216 2698
1603917505 2699
1603917910 2700
1603918584 2701
1603918717 2702
1603919379 2703
1603928213 2704
1603935241 2705
1603955291 2706
1603968950 2707
1603971522 2708
1603980285 2709
1603980508 2710
1603983029 2711
1603992859 2712
1603995672 2713
1603997559 2714
1604002038 2715
1604021890 2716
1604050231 2717
1604052623 2718
1604054647 2719
1604093153 2720
1604102931 2721
1604122623 2722
1604139937 2723
1604142460 2724
1604164219 2725
1604168501 2726
1604186922 2727
1604188604 2728
1604239245 2729
1604241108 2730
1604268054 2731
1604276005 2732
1604304105 2733
1604338050 2734
1604342677 2735
1604344602 2736
1604349184 2737
1604433116 2738
1604486999 2739
1604593210 2740
1604600833 2741
1604601222 2742
1604677870 2743
1604744820 2744
1604871323 2745
1605036863 2746
1605092315 2747
1605092599 2748
1605123139 2749
1605194372 2750
1605203334 2751
1605221989 2752
1605273318 2753
1605279487 2754
1605318885 2755
1605347688 2756
1605384448 2757
1605397875 2758
1605406033 2759
1605516390 2760
1605568715 2761
1605650061 2762
1605725338 2763
1605727891 2764
1605727985 2765
1605805465 2766
1605823316 2767
1605989645 2768
1606311563 2769
1606514217 2770
1606729292 2771
1606742238 2772
1606764805 2773
1606857708 2774
1606915356 2775
1606991375 2776
1606992344 2777
1607070348 2778
1607109632 2779
1607166479 2780
1607340137 2781
1607373717 2782
1607395665 2783
1607432368 2784
1607455806 2785
1607562412 2786
1607612790 2787
1607678627 2788
1607679965 2789
1607853315 2790
1607931346 2791
1607978991 2792
1608032983 2793
1608033312 2794
1608150727 2795
1608234434 2796
1608323258 2797
1608466818 2798
1608471114 2799
1608504240 2800
1608554368 2801
1608768442 2802
1608821161 2803
1608912048 2804
1609062175 2805
1609172427 2806
1609274713 2807
1609422200 2808
1609449216 2809
1609520812 2810
1609530183 2811
1609585492 2812
1609603871 2813
1609607910 2814
1609616820 2815
1609617098 2816
1609619072 2817
1609717855 2818
1609750247 2819
1609760651 2820
1609788707 2821
1609802176 2822
1609840567 2823
1609842508 2824
1609919236 2825
1609935225 2826
1610018327 2827
1610036836 2828
1610180768 2829
1610277207 2830
1610302473 2831
1610362316 2832
1610462249 2833
1610464275 2834
1610485024 2835
1610488952 2836
1610528317 2837
1610531330 2838
1610551950 2839
1610563671 2840
1610619053 2841
1610728170 2842
1610737466 2843
1610820418 2844
1610829879 2845
1611105530 2846
1611143269 2847
1611171025 2848
1611222651 2849
1611272917 2850
1611331601 2851
1611338689 2852
1611399483 2853
1611488032 2854
1611513450 2855
1611523359 2856
1611571435 2857
1611614786 2858
1611672745 2859
1611834217 2860
1611854410 2861
1611910654 2862
1611950414 2863
1612002148 2864
1612036159 2865
1612118644 2866
1612120175 2867
1612127674 2868
1612189481 2869
1612206819 2870
1612457876 2871
1612475920 2872
1612480490 2873
1612556255 2874
1612741922 2875
1612811673 2876
1612818345 2877
1612827603 2878
1612885440 2879
1612888409 2880
1613072801 2881
1613124153 2882
1613133055 2883
1613484054 2884
1613497646 2885
1613599594 2886
1613679114 2887
1613848108 2888
1613933701 2889
1614010415 2890
1614279293 2891
1614349745 2892
1614623478 2893
1614773074 2894
1614786893 2895
1614882768 2896
1614888315 2897
1614934532 2898
1614942840 2899
1615054809 2900
1615203963 2901
1615398354 2902
1615400464 2903
1615402342 2904
1615408810 2905
1615469996 2906
1615492064 2907
1615502492 2908
1615574510 2909
1615660347 2910
1615678225 2911
1615810001 2912
1615853835 2913
1615883116 2914
1615924988 2915
1615935665 2916
1615940896 2917
1615970619 2918
1615977722 2919
1615986671 2920
1616078996 2921
1616095992 2922
1616111992 2923
1616157876 2924
1616246279 2925
1616258050 2926
1616304089 2927
1616340536 2928
1616369686 2929
1616500593 2930
1616517676 2931
1616683512 2932
1616705783 2933
1616745540 2934
1616959214 2935
1617061383 2936
1617063360 2937
1617106438 2938
1617114395 2939
1617209972 2940
1617210519 2941
1617222258 2942
1617270173 2943
1617275139 2944
1617324504 2945
1617359889 2946
1617523024 2947
1617572550 2948
1617693033 2949
1617709049 2950
1617716449 2951
1617779652 2952
1617872757 2953
1617886633 2954
1617903031 2955
1618008131 2956
1618091901 2957
1618135878 2958
1618236687 2959
1618423343 2960
1618480170 2961
1618492024 2962
1618494189 2963
1618570539 2964
1618776350 2965
1619127375 2966
1619137335 2967
1619376102 2968
1619558863 2969
1619621569 2970
1619630354 2971
1619638943 2972
1619874710 2973
1619955397 2974
1619980895 2975
1619986322 2976
1620036392 2977
1620057781 2978
1620065990 2979
1620128031 2980
1620221828 2981
1620243387 2982
1620289853 2983
1620307137 2984
1620315515 2985
1620633403 2986
1620733455 2987
1620756136 2988
1620758657 2989
1620824923 2990
1620835717 2991
1620838378 2992
1620903424 2993
1620912417 2994
1620992538 2995
1621002130 2996
1621008803 2997
1621016936 2998
1621031082 2999
1621068048 3000
1621073351 3001
1621079260 3002
1621081041 3003
1621116340 3004
1621156586 3005
1621169083 3006
1621189454 3007
1621260840 3008
1621291843 3009
1621323714 3010
1621329551 3011
1621336687 3012
1621338111 3013
1621343813 3014
1621356092 3015
1621373642 3016
1621422249 3017
1621435805 3018
1621452906 3019
1621464171 3020
1621477797 3021
1621524779 3022
1621729164 3023
1621848244 3024
1621939643 3025
1622046594 3026
1622118708 3027
1622132613 3028
1622292111 3029
1622409168 3030
1622548500 3031
1622586023 3032
1622730555 3033
1622750693 3034
1622885263 3035
1623001501 3036
1623175058 3037
1623188200 3038
1623230943 3039
1623274291 3040
1623338843 3041
1623582840 3042
1623708414 3043
1623778482 3044
1623780853 3045
1624013017 3046
1624103579 3047
1624294752 3048
1624303047 3049
1624382921 3050
1624467390 3051
1624470518 3052
1624627306 3053
1624704396 3054
1624745774 3055
1624897287 3056
1625062667 3057
1625146262 3058
1625150897 3059
1625168095 3060
1625234372 3061
1625348652 3062
1625402328 3063
1625415719 3064
1625523620 3065
1625656134 3066
1625686482 3067
1625745490 3068
1625756326 3069
1625758040 3070
1625786246 3071
1625837150 3072
1625838152 3073
1625843565 3074
1625863374 3075
1625917454 3076
1625953597 3077
1625954796 3078
1626010423 3079
1626087632 3080
1626088242 3081
1626120514 3082
1626121201 3083
1626123302 3084
1626123484 3085
1626123516 3086
1626124783 3087
1626125190 3088
1626125868 3089
1626126080 3090
1626128467 3091
1626128472 3092
1626132368 3093
1626132579 3094
1626157045 3095
1626163169 3096
1626163920 3097
1626169945 3098
1626174969 3099
1626175792 3100
1626179834 3101
1626185041 3102
1626186961 3103
1626193439 3104
1626194877 3105
1626196186 3106
1626204360 3107
1626204656 3108
1626209536 3109
1626209735 3110
1626266688 3111
1626268493 3112
1626270369 3113
1626273983 3114
1626279785 3115
1626289763 3116
1626299650 3117
1626303701 3118
1626343327 3119
1626346434 3120
1626352562 3121
1626365344 3122
1626381445 3123
1626395423 3124
1626403669 3125
1626431750 3126
1626432208 3127
1626437276 3128
1626438723 3129
1626462317 3130
1626491385 3131
1626521897 3132
1626524532 3133
1626536704 3134
1626540850 3135
1626540906 3136
1626555133 3137
1626556637 3138
1626570271 3139
1626597664 3140
1626599609 3141
1626602239 3142
1626645751 3143
1626649227 3144
1626704611 3145
1626724805 3146
1626776151 3147
1626780450 3148
1626788121 3149
1626790870 3150
1626813317 3151
1626821862 3152
1626828814 3153
1626878670 3154
1626883382 3155
1626893499 3156
1626899343 3157
1626910320 3158
1626964352 3159
1626967483 3160
1626982751 3161
1626983711 3162
1626987741 3163
1627045497 3164
1627053949 3165
1627057602 3166
1627079154 3167
1627082447 3168
1627092268 3169
1627109155 3170
1627142454 3171
1627160961 3172
1627168102 3173
1627298786 3174
1627328396 3175
1627342013 3176
1627382702 3177
1627426094 3178
1627428112 3179
1627473188 3180
1627476138 3181
1627507770 3182
1627570511 3183
1627753372 3184
1627776338 3185
1627801189 3186
1627821225 3187
1627829609 3188
1627839498 3189
1627931779 3190
1627934211 3191
1627943686 3192
1627998586 3193
1628003846 3194
1628016297 3195
1628019356 3196
1628021477 3197
1628033817 3198
1628081982 3199
1628113322 3200
1628257828 3201
1628266193 3202
1628277310 3203
1628290380 3204
1628328511 3205
1628365086 3206
1628423885 3207
1628433248 3208
1628478250 3209
1628501278 3210
1628537950 3211
1628629154 3212
1628640409 3213
1628704999 3214
1628758941 3215
1628760580 3216
1628807379 3217
1628856811 3218
1628862649 3219
1628863051 3220
1628881153 3221
1628935418 3222
1628952873 3223
1628985911 3224
1629135849 3225
1629155975 3226
1629295798 3227
1629308707 3228
1629328938 3229
1629471572 3230
1629473372 3231
1629486446 3232
1629557764 3233
1629571235 3234
1629573449 3235
1629823533 3236
1629826552 3237
1629843512 3238
1629849693 3239
1629895787 3240
1629900468 3241
1629966120 3242
1629976446 3243
1629986322 3244
1630072691 3245
1630251002 3246
1630267236 3247
1630319757 3248
1630337380 3249
1630347527 3250
1630414967 3251
1630432087 3252
1630448650 3253
1630695151 3254
1630700804 3255
1630841955 3256
1631019071 3257
1631044269 3258
1631235448 3259
1631355777 3260
1631402536 3261
1631482499 3262
1631542525 3263
1631562559 3264
1631708856 3265
1631716270 3266
1631797773 3267
1631815962 3268
1631832838 3269
1631918994 3270
1631928568 3271
1632128171 3272
1632161039 3273
1632171285 3274
1632217626 3275
1632565604 3276
1632690071 3277
1632700598 3278
1632912759 3279
1633118997 3280
1633336512 3281
1634257052 3282
1634293939 3283
1635854242 3284
1636042585 3285
1636488127 3286
1636488419 3287
1636533217 3288
1636547569 3289
1636720111 3290
1637160207 3291
1637195797 3292
1637228571 3293
1637318791 3294
1637549116 3295
1637771480 3296
1637845579 3297
1637848458 3298
1637853021 3299
1637853626 3300
1637870185 3301
1637914059 3302
1638020230 3303
