1579478400 2089 2 231 231
1580083200 6794 17 316 150
1580688000 3472 8 258 55
1581292800 3136 8 231 35
1581897600 2240 5 216 28
1582502400 12025 25 576 256
1583107200 21054 25 760 256
1583712000 39156 28 1250 501
1584316800 46410 84 1554 488
1584921600 34807 54 1246 162
1585526400 26506 25 1087 73
1586131200 24611 26 981 62
1586736000 23651 40 957 64
1587340800 16281 24 763 34
1587945600 16734 11 749 24
1588550400 15693 13 697 22
1589155200 10096 10 604 14
1589760000 6501 4 467 12
1590364800 7795 5 449 11
1590969600 5378 3 354 4
1591574400 3030 0 306 1
1592179200 2962 2 297 2
1592784000 3715 0 336 8
1593388800 1957 2 246 3
1593993600 3236 3 308 4
1594598400 4622 5 355 5
1595203200 3880 2 350 7
1595808000 4248 1 323 7
1596412800 4830 6 337 8
1597017600 5427 6 366 11
1597622400 6134 6 373 11
1598227200 6349 2 406 15
1598832000 5032 3 377 14
1599436800 8384 6 435 12
1600041600 7727 7 397 9
1600646400 9330 3 477 15
1601251200 6288 4 416 9
1601856000 7071 4 415 9
1602460800 12999 7 557 25
1603065600 10888 4 540 19
1603670400 24689 11 875 61
1604275200 9936 9 597 14
1604880000 10341 2 549 14
1605484800 6783 9 437 9
1606089600 5895 5 420 2
1606694400 6161 2 369 11
1607299200 7731 9 426 10
1607904000 7593 16 428 10
1608508800 7075 11 426 5
1609113600 10749 10 473 13
1609718400 9693 7 493 13
1610323200 11000 9 540 14
1610928000 11093 10 514 11
1611532800 13965 9 587 12
1612137600 8468 6 476 7
1612742400 6966 7 417 8
1613347200 6287 4 384 6
1613952000 9075 5 421 3
1614556800 8401 8 428 8
1615161600 7519 7 409 12
1615766400 14774 6 616 17
1616371200 11152 9 513 6
1616976000 12707 2 628 13
1617580800 8367 3 471 10
1618185600 7543 2 425 7
1618790400 6416 0 394 3
1619395200 7993 9 448 8
1620000000 7202 9 454 9
1620604800 6961 2 424 22
1621209600 6085 0 416 16
1621814400 4475 3 356 7
1622419200 3029 1 343 6
1623024000 3660 6 301 6
1623628800 4003 3 335 5
1624233600 3218 0 322 8
1624838400 5947 10 360 9
1625443200 8040 8 462 15
1626048000 18052 17 779 65
1626652800 14928 13 626 29
1627257600 10945 14 586 16
1627862400 10321 24 562 19
1628467200 9549 13 511 17
1629072000 7779 6 498 11
1629676800 7067 13 439 12
1630281600 5230 5 429 9
1630886400 4283 7 368 6
1631491200 3922 11 377 9
1632096000 3202 14 311 7
1632700800 2203 6 268 2
1633305600 1857 2 252 1
1633910400 2460 3 266 2
1634515200 1824 0 222 0
