1579611316 1
1579611555 2
1579611751 3
1579613366 4
1579617811 5
1579621979 6
1579622150 7
1579627499 8
1579629367 9
1579630675 10
1579630765 11
1579631666 12
1579636944 13
1579639995 14
1579640280 15
1579640775 16
1579646008 17
1579678473 18
1579693339 19
1579724250 20
1579727123 21
1579727177 22
1579727975 23
1579730378 24
1579730809 25
1579733220 26
1579734009 27
1579734215 28
1579734792 29
1579735590 30
1579737627 31
1579738363 32
1579742068 33
1579760592 34
1579772175 35
1579775467 36
1579776449 37
1579777951 38
1579778672 39
1579778830 40
1579784057 41
1579784270 42
1579784502 43
1579787783 44
1579791432 45
1579792908 46
1579792912 47
1579793285 48
1579793640 49
1579793677 50
1579802143 51
1579805056 52
1579806529 53
1579811179 54
1579821659 55
1579822944 56
1579823091 57
1579826431 58
1579827367 59
1579840018 60
1579844499 61
1579849146 62
1579849340 63
1579852403 64
1579853947 65
1579854262 66
1579858552 67
1579858590 68
1579858604 69
1579861015 70
1579861671 71
1579863724 72
1579870016 73
1579870844 74
1579871363 75
1579872263 76
1579873194 77
1579874713 78
1579875857 79
1579877603 80
1579880211 81
1579880806 82
1579885751 83
1579886544 84
1579886746 85
1579887026 86
1579887245 87
1579888707 88
1579890751 89
1579892037 90
1579897192 91
1579897615 92
1579897628 93
1579898020 94
1579898093 95
1579898104 96
1579898295 97
1579898366 98
1579899120 99
1579899597 100
1579899783 101
1579899824 102
1579900037 103
1579900093 104
1579900136 105
1579900290 106
1579900351 107
1579900500 108
1579900515 109
1579900888 110
1579901083 111
1579901210 112
1579901630 113
1579901787 114
1579901886 115
1579901916 116
1579902344 117
1579903110 118
1579904004 119
1579904013 120
1579904655 121
1579904674 122
1579904963 123
1579905912 124
1579906049 125
1579906055 126
1579906227 127
1579906351 128
1579906556 129
1579906859 130
1579906939 131
1579906979 132
1579907338 133
1579908229 134
1579908293 135
1579908329 136
1579908840 137
1579909219 138
1579911342 139
1579915186 140
1579915723 141
1579916416 142
1579917298 143
1579917630 144
1579919733 145
1579920712 146
1579922026 147
1579934676 148
1579938071 149
1579938750 150
1579939400 151
1579940047 152
1579943548 153
1579943708 154
1579943871 155
1579944323 156
1579944902 157
1579946835 158
1579947236 159
1579947909 160
1579949445 161
1579949468 162
1579949652 163
1579949677 164
1579950448 165
1579950615 166
1579951014 167
1579951945 168
1579953209 169
1579956895 170
1579957886 171
1579957910 172
1579958003 173
1579958330 174
1579961352 175
1579961635 176
1579962300 177
1579962525 178
1579962557 179
1579964705 180
1579966349 181
1579966383 182
1579967323 183
1579967349 184
1579968270 185
1579969765 186
1579972703 187
1579972896 188
1579973982 189
1579975431 190
1579975776 191
1579976055 192
1579976177 193
1579976762 194
1579977121 195
1579978580 196
1579979761 197
1579979940 198
1579982056 199
1579982100 200
1579984623 201
1579986219 202
1579987781 203
1579990366 204
1579995294 205
1579999312 206
1580021099 207
1580023491 208
1580025385 209
1580032617 210
1580032644 211
1580034093 212
1580036233 213
1580036556 214
1580037245 215
1580039617 216
1580039816 217
1580040653 218
1580041049 219
1580041576 220
1580044253 221
1580056459 222
1580063156 223
1580069107 224
1580072563 225
1580073364 226
1580077054 227
1580077921 228
1580078790 229
1580079026 230
1580081552 231
1580082532 232
1580109046 233
1580116947 234
1580118638 235
1580119156 236
1580121793 237
1580122138 238
1580129294 239
1580129688 240
1580130647 241
1580133359 242
1580134245 243
1580135310 244
1580135506 245
1580135682 246
1580137293 247
1580139983 248
1580140796 249
1580141917 250
1580142357 251
1580143850 252
1580145999 253
1580147519 254
1580148839 255
1580149825 256
1580149929 257
1580149994 258
1580150937 259
1580152565 260
1580153583 261
1580157337 262
1580157604 263
1580162604 264
1580163235 265
1580163355 266
1580179150 267
1580180392 268
1580186044 269
1580200461 270
1580204608 271
1580205290 272
1580208217 273
1580208891 274
1580209087 275
1580209441 276
1580209664 277
1580209714 278
1580210960 279
1580214064 280
1580214642 281
1580214715 282
1580215430 283
1580218095 284
1580218312 285
1580234905 286
1580237499 287
1580239491 288
1580239614 289
1580239642 290
1580240823 291
1580242009 292
1580242271 293
1580244435 294
1580246007 295
1580250782 296
1580252123 297
1580263337 298
1580266899 299
1580281426 300
1580286821 301
1580289227 302
1580291450 303
1580291926 304
1580292256 305
1580293317 306
1580293461 307
1580294692 308
1580295949 309
1580297046 310
1580304197 311
1580305313 312
1580308050 313
1580309486 314
1580314182 315
1580328596 316
1580329136 317
1580333196 318
1580334924 319
1580341579 320
1580352894 321
1580361242 322
1580372528 323
1580378199 324
1580378646 325
1580379102 326
1580380689 327
1580381070 328
1580381504 329
1580383871 330
1580386391 331
1580389339 332
1580390124 333
1580393334 334
1580396988 335
1580397439 336
1580404348 337
1580418110 338
1580418279 339
1580419059 340
1580420960 341
1580425672 342
1580460065 343
1580461280 344
1580464664 345
1580468550 346
1580472399 347
1580473279 348
1580474163 349
1580477055 350
1580478927 351
1580484853 352
1580487904 353
1580494200 354
1580495775 355
1580495851 356
1580497424 357
1580503648 358
1580503712 359
1580505690 360
1580518207 361
1580545588 362
1580546975 363
1580547601 364
1580549272 365
1580554637 366
1580555486 367
1580559931 368
1580563178 369
1580571642 370
1580596569 371
1580597746 372
1580602005 373
1580611880 374
1580615662 375
1580641210 376
1580641805 377
1580645299 378
1580647089 379
1580654725 380
1580655562 381
1580659674 382
1580673381 383
1580682687 384
1580684741 385
1580699492 386
1580716630 387
1580721735 388
1580724385 389
1580728884 390
1580740545 391
1580740922 392
1580744082 393
1580748471 394
1580762786 395
1580768440 396
1580772379 397
1580802759 398
1580819234 399
1580825801 400
1580836548 401
1580837864 402
1580843552 403
1580858244 404
1580866186 405
1580889641 406
1580905759 407
1580913537 408
1580916749 409
1580920567 410
1580921681 411
1580921851 412
1580927084 413
1580936329 414
1580978260 415
1580986937 416
1581010663 417
1581061851 418
1581070613 419
1581072844 420
1581074277 421
1581086123 422
1581094415 423
1581098706 424
1581118315 425
1581157548 426
1581158479 427
1581159381 428
1581159953 429
1581161411 430
1581162629 431
1581172511 432
1581176407 433
1581177359 434
1581181207 435
1581183489 436
1581187306 437
1581188385 438
1581193042 439
1581195345 440
1581324821 441
1581331161 442
1581331394 443
1581334312 444
1581339543 445
1581357967 446
1581370515 447
1581412981 448
1581414559 449
1581419656 450
1581428997 451
1581429752 452
1581435264 453
1581442081 454
1581445993 455
1581449554 456
1581450308 457
1581496171 458
1581509957 459
1581513139 460
1581546660 461
1581581725 462
1581582731 463
1581585241 464
1581585824 465
1581594387 466
1581610854 467
1581612353 468
1581635783 469
1581646190 470
1581679386 471
1581770395 472
1581771472 473
1581798034 474
1581884638 475
1581924361 476
1581943066 477
1581953185 478
1581983608 479
1581998295 480
1582141950 481
1582220672 482
1582272984 483
1582282745 484
1582284629 485
1582326576 486
1582377942 487
1582385296 488
1582390772 489
1582391951 490
1582396817 491
1582402425 492
1582410431 493
1582420665 494
1582423902 495
1582456071 496
1582457845 497
1582461884 498
1582463236 499
1582482830 500
1582483015 501
1582497493 502
1582497549 503
1582535958 504
1582537820 505
1582541375 506
1582544318 507
1582546289 508
1582547431 509
1582549050 510
1582549138 511
1582549914 512
1582554319 513
1582555618 514
1582555659 515
1582555762 516
1582558310 517
1582558442 518
1582559505 519
1582561004 520
1582561573 521
1582561978 522
1582562195 523
1582562717 524
1582563983 525
1582565270 526
1582565759 527
1582568627 528
1582571134 529
1582573286 530
1582573993 531
1582575979 532
1582581666 533
1582598944 534
1582614333 535
1582615975 536
1582620595 537
1582622443 538
1582627726 539
1582628613 540
1582629053 541
1582630446 542
1582630853 543
1582631966 544
1582633462 545
1582638628 546
1582638763 547
1582640340 548
1582641162 549
1582642459 550
1582643188 551
1582645706 552
1582646299 553
1582648592 554
1582650461 555
1582651225 556
1582655012 557
1582655306 558
1582655367 559
1582659266 560
1582659301 561
1582662828 562
1582665550 563
1582666546 564
1582668436 565
1582673226 566
1582673343 567
1582702480 568
1582712684 569
1582714369 570
1582715238 571
1582715729 572
1582716039 573
1582717298 574
1582720744 575
1582722355 576
1582724283 577
1582724605 578
1582725429 579
1582728811 580
1582732492 581
1582732619 582
1582732714 583
1582733528 584
1582734922 585
1582735067 586
1582735408 587
1582735601 588
1582736182 589
1582737595 590
1582738899 591
1582739226 592
1582740609 593
1582744299 594
1582745431 595
1582747271 596
1582752458 597
1582753999 598
1582754587 599
1582754765 600
1582755496 601
1582781146 602
1582785858 603
1582786046 604
1582795284 605
1582797060 606
1582797451 607
1582797889 608
1582799164 609
1582801259 610
1582802861 611
1582803516 612
1582805661 613
1582806431 614
1582809112 615
1582809645 616
1582810821 617
1582811578 618
1582811752 619
1582818178 620
1582822971 621
1582826009 622
1582827871 623
1582833326 624
1582836786 625
1582837282 626
1582838314 627
1582838841 628
1582839768 629
1582841199 630
1582841279 631
1582842132 632
1582843507 633
1582843895 634
1582846870 635
1582847664 636
1582849603 637
1582851554 638
1582854281 639
1582870865 640
1582872089 641
1582873197 642
1582876968 643
1582879735 644
1582880484 645
1582880893 646
1582882183 647
1582883645 648
1582883970 649
1582884112 650
1582886279 651
1582886664 652
1582887068 653
1582888323 654
1582888836 655
1582889001 656
1582890578 657
1582891735 658
1582893249 659
1582894109 660
1582897018 661
1582899158 662
1582899172 663
1582900772 664
1582901583 665
1582901972 666
1582902555 667
1582903999 668
1582906321 669
1582909276 670
1582911754 671
1582912062 672
1582913556 673
1582918759 674
1582918892 675
1582919023 676
1582919717 677
1582920244 678
1582922689 679
1582923317 680
1582923575 681
1582923783 682
1582928171 683
1582931983 684
1582933156 685
1582935651 686
1582939292 687
1582957039 688
1582959634 689
1582960509 690
1582962218 691
1582962507 692
1582967196 693
1582973475 694
1582974341 695
1582976265 696
1582976268 697
1582978340 698
1582986017 699
1582986686 700
1582987636 701
1582990379 702
1582990926 703
1582992395 704
1582992628 705
1582993180 706
1582994276 707
1582998494 708
1582999938 709
1583000348 710
1583000756 711
1583002524 712
1583005014 713
1583005185 714
1583005572 715
1583006131 716
1583006155 717
1583006481 718
1583010269 719
1583010636 720
1583010946 721
1583011724 722
1583013290 723
1583013644 724
1583015969 725
1583017232 726
1583018787 727
1583021646 728
1583044078 729
1583049042 730
1583058550 731
1583061724 732
1583062578 733
1583065191 734
1583072042 735
1583074110 736
1583077462 737
1583080027 738
1583082260 739
1583083304 740
1583084335 741
1583085795 742
1583087673 743
1583089711 744
1583090422 745
1583090849 746
1583091164 747
1583091777 748
1583091915 749
1583093498 750
1583093790 751
1583093841 752
1583095000 753
1583100276 754
1583100396 755
1583101696 756
1583102192 757
1583103340 758
1583105552 759
1583108849 760
1583115640 761
1583131695 762
1583132180 763
1583132608 764
1583136924 765
1583142250 766
1583143847 767
1583148676 768
1583148926 769
1583151672 770
1583151695 771
1583151823 772
1583153334 773
1583154010 774
1583155665 775
1583155695 776
1583156047 777
1583157797 778
1583158490 779
1583159875 780
1583160067 781
1583162859 782
1583164380 783
1583165324 784
1583167820 785
1583168212 786
1583168388 787
1583168876 788
1583170301 789
1583170607 790
1583170657 791
1583176121 792
1583176819 793
1583181768 794
1583184677 795
1583184726 796
1583184797 797
1583185240 798
1583186026 799
1583186484 800
1583186961 801
1583187874 802
1583189093 803
1583190945 804
1583193331 805
1583193843 806
1583196207 807
1583198653 808
1583220371 809
1583226444 810
1583228639 811
1583233159 812
1583235269 813
1583238361 814
1583238806 815
1583239491 816
1583239723 817
1583240739 818
1583241226 819
1583244336 820
1583246002 821
1583246336 822
1583247714 823
1583249219 824
1583249276 825
1583254819 826
1583255173 827
1583257851 828
1583260664 829
1583261701 830
1583265172 831
1583265571 832
1583265761 833
1583266056 834
1583266872 835
1583268079 836
1583269982 837
1583271259 838
1583271873 839
1583278055 840
1583279920 841
1583306960 842
1583307812 843
1583312153 844
1583316804 845
1583317287 846
1583317526 847
1583322666 848
1583323546 849
1583324701 850
1583326008 851
1583326796 852
1583326851 853
1583329707 854
1583329766 855
1583332387 856
1583333553 857
1583333785 858
1583335222 859
1583335783 860
1583337199 861
1583337975 862
1583338335 863
1583344069 864
1583346646 865
1583347076 866
1583348858 867
1583350184 868
1583352957 869
1583353853 870
1583359476 871
1583359624 872
1583364588 873
1583372542 874
1583380549 875
1583387023 876
1583390165 877
1583391427 878
1583396050 879
1583397004 880
1583398157 881
1583398264 882
1583399990 883
1583402131 884
1583404628 885
1583404933 886
1583405206 887
1583405779 888
1583407969 889
1583410520 890
1583410746 891
1583411088 892
1583413297 893
1583413520 894
1583415867 895
1583417396 896
1583420357 897
1583421541 898
1583423911 899
1583425391 900
1583426054 901
1583426515 902
1583428076 903
1583431629 904
1583432622 905
1583432997 906
1583434109 907
1583437042 908
1583437268 909
1583437934 910
1583438645 911
1583439390 912
1583440606 913
1583442074 914
1583444599 915
1583444894 916
1583446175 917
1583448634 918
1583451252 919
1583455362 920
1583456117 921
1583460415 922
1583481795 923
1583482837 924
1583486516 925
1583487723 926
1583487750 927
1583488161 928
1583489104 929
1583489620 930
1583490809 931
1583491793 932
1583493356 933
1583494195 934
1583498447 935
1583500372 936
1583502357 937
1583502776 938
1583502942 939
1583503109 940
1583504046 941
1583504220 942
1583506390 943
1583506817 944
1583507778 945
1583507851 946
1583508542 947
1583512801 948
1583516683 949
1583518309 950
1583521633 951
1583523014 952
1583523508 953
1583525044 954
1583525210 955
1583526375 956
1583531166 957
1583533921 958
1583538214 959
1583539557 960
1583543124 961
1583548163 962
1583570868 963
1583572314 964
1583572469 965
1583574314 966
1583580628 967
1583584152 968
1583584677 969
1583587384 970
1583589852 971
1583594211 972
1583596315 973
1583599326 974
1583601605 975
1583604168 976
1583608959 977
1583609464 978
1583611726 979
1583613775 980
1583614769 981
1583614870 982
1583615655 983
1583616071 984
1583619428 985
1583625565 986
1583625739 987
1583633920 988
1583637915 989
1583638146 990
1583646243 991
1583655198 992
1583660557 993
1583662122 994
1583663416 995
1583667935 996
1583669007 997
1583670517 998
1583672828 999
1583673059 1000
1583673226 1001
1583675607 1002
1583679377 1003
1583680251 1004
1583680914 1005
1583684085 1006
1583685229 1007
1583690335 1008
1583692576 1009
1583694339 1010
1583696780 1011
1583699910 1012
1583700177 1013
1583703376 1014
1583706195 1015
1583706383 1016
1583706602 1017
1583709824 1018
1583711113 1019
1583713283 1020
1583715360 1021
1583724944 1022
1583734573 1023
1583737708 1024
1583744677 1025
1583744788 1026
1583745880 1027
1583746584 1028
1583755915 1029
1583757348 1030
1583757420 1031
1583761852 1032
1583762414 1033
1583763398 1034
1583763567 1035
1583767396 1036
1583768343 1037
1583768722 1038
1583770805 1039
1583771803 1040
1583771869 1041
1583772231 1042
1583772333 1043
1583772465 1044
1583776537 1045
1583778825 1046
1583782810 1047
1583782888 1048
1583784344 1049
1583785090 1050
1583785928 1051
1583786999 1052
1583787396 1053
1583790111 1054
1583790496 1055
1583791485 1056
1583794288 1057
1583795516 1058
1583799918 1059
1583800180 1060
1583800460 1061
1583801264 1062
1583816476 1063
1583826500 1064
1583827615 1065
1583832091 1066
1583832986 1067
1583834461 1068
1583836407 1069
1583839480 1070
1583839881 1071
1583840635 1072
1583841059 1073
1583842421 1074
1583843509 1075
1583844807 1076
1583844963 1077
1583847478 1078
1583848213 1079
1583849807 1080
1583853754 1081
1583855305 1082
1583855713 1083
1583859888 1084
1583863946 1085
1583865779 1086
1583866945 1087
1583870780 1088
1583871684 1089
1583898259 1090
1583911358 1091
1583912331 1092
1583912883 1093
1583913184 1094
1583916382 1095
1583918962 1096
1583920638 1097
1583922046 1098
1583933197 1099
1583934954 1100
1583937801 1101
1583940791 1102
1583941386 1103
1583945865 1104
1583947908 1105
1583949421 1106
1583949647 1107
1583951652 1108
1583952568 1109
1583953323 1110
1583954390 1111
1583954753 1112
1583957008 1113
1583958576 1114
1583961415 1115
1583961419 1116
1583961950 1117
1583963329 1118
1583963615 1119
1583964215 1120
1583965735 1121
1583968352 1122
1583969483 1123
1583969544 1124
1583970080 1125
1583971804 1126
1583973557 1127
1583974878 1128
1583976073 1129
1583980767 1130
1583980807 1131
1583988858 1132
1583989126 1133
1583992428 1134
1583998732 1135
1584000090 1136
1584000892 1137
1584001484 1138
1584003074 1139
1584003794 1140
1584007557 1141
1584007776 1142
1584008348 1143
1584009266 1144
1584009297 1145
1584009316 1146
1584009865 1147
1584011401 1148
1584012897 1149
1584013359 1150
1584013582 1151
1584014076 1152
1584017842 1153
1584019384 1154
1584020001 1155
1584021612 1156
1584022009 1157
1584022269 1158
1584024031 1159
1584025706 1160
1584025998 1161
1584029582 1162
1584030426 1163
1584030778 1164
1584033341 1165
1584033602 1166
1584035120 1167
1584036545 1168
1584039510 1169
1584039668 1170
1584040451 1171
1584041336 1172
1584042253 1173
1584042361 1174
1584042823 1175
1584043275 1176
1584043316 1177
1584043330 1178
1584043351 1179
1584043367 1180
1584043391 1181
1584043427 1182
1584043476 1183
1584043515 1184
1584043631 1185
1584043646 1186
1584043738 1187
1584043765 1188
1584043816 1189
1584044318 1190
1584044373 1191
1584044405 1192
1584044722 1193
1584044814 1194
1584044872 1195
1584045196 1196
1584045216 1197
1584045454 1198
1584045733 1199
1584047255 1200
1584047733 1201
1584047857 1202
1584047957 1203
1584048272 1204
1584048799 1205
1584048984 1206
1584049489 1207
1584049823 1208
1584050059 1209
1584050165 1210
1584050949 1211
1584051150 1212
1584051350 1213
1584052701 1214
1584052927 1215
1584053131 1216
1584054807 1217
1584055601 1218
1584055645 1219
1584056053 1220
1584057057 1221
1584057757 1222
1584058901 1223
1584059485 1224
1584059849 1225
1584060080 1226
1584071834 1227
1584075439 1228
1584079510 1229
1584079568 1230
1584080401 1231
1584081554 1232
1584082531 1233
1584083341 1234
1584087096 1235
1584088091 1236
1584088150 1237
1584090231 1238
1584091257 1239
1584092550 1240
1584093655 1241
1584094450 1242
1584095317 1243
1584096938 1244
1584098998 1245
1584100275 1246
1584101767 1247
1584102150 1248
1584102553 1249
1584104796 1250
1584105279 1251
1584106094 1252
1584106438 1253
1584106816 1254
1584107665 1255
1584109653 1256
1584110896 1257
1584111891 1258
1584114441 1259
1584114458 1260
1584114937 1261
1584118451 1262
1584119351 1263
1584120803 1264
1584122433 1265
1584122583 1266
1584125525 1267
1584125721 1268
1584125944 1269
1584126229 1270
1584127174 1271
1584127716 1272
1584128617 1273
1584129430 1274
1584131970 1275
1584132939 1276
1584133610 1277
1584135937 1278
1584136241 1279
1584136491 1280
1584136753 1281
1584137422 1282
1584137585 1283
1584137812 1284
1584137986 1285
1584138104 1286
1584139102 1287
1584140004 1288
1584141095 1289
1584145853 1290
1584147330 1291
1584149891 1292
1584166434 1293
1584176087 1294
1584177771 1295
1584179949 1296
1584181088 1297
1584181360 1298
1584181985 1299
1584183437 1300
1584184029 1301
1584184613 1302
1584186496 1303
1584186875 1304
1584187272 1305
1584189358 1306
1584189688 1307
1584190967 1308
1584192993 1309
1584193804 1310
1584194806 1311
1584196516 1312
1584196519 1313
1584196982 1314
1584197030 1315
1584198538 1316
1584201100 1317
1584201823 1318
1584202937 1319
1584203493 1320
1584207487 1321
1584209232 1322
1584209496 1323
1584209943 1324
1584212096 1325
1584213881 1326
1584214174 1327
1584214618 1328
1584215222 1329
1584215272 1330
1584215574 1331
1584215953 1332
1584216016 1333
1584216111 1334
1584217017 1335
1584217074 1336
1584217468 1337
1584217510 1338
1584217584 1339
1584217661 1340
1584217728 1341
1584217938 1342
1584218130 1343
1584218398 1344
1584218437 1345
1584218609 1346
1584218747 1347
1584218752 1348
1584218757 1349
1584218921 1350
1584218926 1351
1584219054 1352
1584219306 1353
1584219923 1354
1584220291 1355
1584220401 1356
1584220750 1357
1584220857 1358
1584220896 1359
1584221080 1360
1584221491 1361
1584221565 1362
1584221656 1363
1584221664 1364
1584221734 1365
1584222221 1366
1584222342 1367
1584222407 1368
1584223121 1369
1584223446 1370
1584223522 1371
1584223806 1372
1584224552 1373
1584224728 1374
1584225157 1375
1584225463 1376
1584225948 1377
1584226030 1378
1584226387 1379
1584226730 1380
1584227310 1381
1584228224 1382
1584228448 1383
1584228655 1384
1584228709 1385
1584228762 1386
1584230471 1387
1584230508 1388
1584230633 1389
1584231105 1390
1584231127 1391
1584231836 1392
1584232760 1393
1584233485 1394
1584233602 1395
1584234405 1396
1584235319 1397
1584235329 1398
1584235456 1399
1584235846 1400
1584236160 1401
1584237774 1402
1584252017 1403
1584254250 1404
1584256800 1405
1584258453 1406
1584259587 1407
1584259794 1408
1584259941 1409
1584261510 1410
1584261600 1411
1584261735 1412
1584263044 1413
1584263125 1414
1584263314 1415
1584263727 1416
1584265334 1417
1584266719 1418
1584267366 1419
1584268067 1420
1584268285 1421
1584268451 1422
1584268453 1423
1584269354 1424
1584271431 1425
1584271621 1426
1584271870 1427
1584271991 1428
1584272080 1429
1584272379 1430
1584272453 1431
1584273427 1432
1584273705 1433
1584273731 1434
1584273797 1435
1584273824 1436
1584274228 1437
1584275060 1438
1584275106 1439
1584275526 1440
1584276423 1441
1584277364 1442
1584279118 1443
1584280143 1444
1584280207 1445
1584280658 1446
1584281015 1447
1584282583 1448
1584282818 1449
1584283191 1450
1584284060 1451
1584284093 1452
1584285493 1453
1584286721 1454
1584287018 1455
1584287107 1456
1584287449 1457
1584287556 1458
1584288969 1459
1584289446 1460
1584290342 1461
1584291410 1462
1584291824 1463
1584292255 1464
1584292483 1465
1584292899 1466
1584292998 1467
1584293260 1468
1584293396 1469
1584293589 1470
1584293641 1471
1584293788 1472
1584294018 1473
1584294123 1474
1584294397 1475
1584294643 1476
1584294775 1477
1584295196 1478
1584295349 1479
1584295528 1480
1584295551 1481
1584296028 1482
1584296132 1483
1584297020 1484
1584297051 1485
1584297172 1486
1584298096 1487
1584298541 1488
1584299300 1489
1584299330 1490
1584299433 1491
1584300024 1492
1584300239 1493
1584301560 1494
1584301598 1495
1584302599 1496
1584303481 1497
1584303737 1498
1584304546 1499
1584304546 1500
1584304863 1501
1584304882 1502
1584305241 1503
1584305456 1504
1584305965 1505
1584306014 1506
1584306689 1507
1584307247 1508
1584307335 1509
1584307473 1510
1584308454 1511
1584309219 1512
1584310057 1513
1584310339 1514
1584310654 1515
1584310953 1516
1584311800 1517
1584311899 1518
1584311959 1519
1584312368 1520
1584312433 1521
1584312637 1522
1584313412 1523
1584313855 1524
1584314495 1525
1584314586 1526
1584315039 1527
1584318635 1528
1584320675 1529
1584322907 1530
1584322974 1531
1584324385 1532
1584325782 1533
1584328234 1534
1584328789 1535
1584329646 1536
1584335305 1537
1584339301 1538
1584341464 1539
1584342243 1540
1584342803 1541
1584344641 1542
1584344840 1543
1584345456 1544
1584346635 1545
1584346691 1546
1584346978 1547
1584347593 1548
1584347607 1549
1584347911 1550
1584348544 1551
1584348810 1552
1584349240 1553
1584349615 1554
1584351189 1555
1584351422 1556
1584352274 1557
1584352706 1558
1584352806 1559
1584353819 1560
1584354266 1561
1584354402 1562
1584355192 1563
1584355466 1564
1584355923 1565
1584356336 1566
1584356396 1567
1584356462 1568
1584356723 1569
1584356886 1570
1584357079 1571
1584357590 1572
1584357965 1573
1584358281 1574
1584358295 1575
1584358947 1576
1584359105 1577
1584359423 1578
1584359497 1579
1584359592 1580
1584359750 1581
1584360103 1582
1584360150 1583
1584360428 1584
1584361423 1585
1584362027 1586
1584362632 1587
1584362677 1588
1584362847 1589
1584362882 1590
1584363072 1591
1584363197 1592
1584363815 1593
1584364160 1594
1584364939 1595
1584365561 1596
1584365575 1597
1584366717 1598
1584368013 1599
1584368017 1600
1584368076 1601
1584369862 1602
1584369942 1603
1584370980 1604
1584371232 1605
1584371310 1606
1584372010 1607
1584372211 1608
1584372549 1609
1584373576 1610
1584373765 1611
1584373969 1612
1584373996 1613
1584374822 1614
1584375396 1615
1584375440 1616
1584376089 1617
1584376233 1618
1584376235 1619
1584376760 1620
1584377004 1621
1584377840 1622
1584377924 1623
1584378048 1624
1584378341 1625
1584378406 1626
1584379259 1627
1584379717 1628
1584379972 1629
1584379994 1630
1584380038 1631
1584382435 1632
1584382656 1633
1584382672 1634
1584383414 1635
1584383981 1636
1584384311 1637
1584384715 1638
1584384880 1639
1584385060 1640
1584385111 1641
1584385292 1642
1584385630 1643
1584385633 1644
1584386217 1645
1584386768 1646
1584386977 1647
1584387555 1648
1584388081 1649
1584388104 1650
1584388317 1651
1584388656 1652
1584388677 1653
1584389086 1654
1584389134 1655
1584389164 1656
1584389290 1657
1584389457 1658
1584389629 1659
1584389802 1660
1584389937 1661
1584391129 1662
1584391646 1663
1584391838 1664
1584392509 1665
1584392570 1666
1584392665 1667
1584393432 1668
1584393686 1669
1584394071 1670
1584394251 1671
1584394351 1672
1584395340 1673
1584395914 1674
1584396782 1675
1584396903 1676
1584397049 1677
1584397135 1678
1584397235 1679
1584397371 1680
1584398021 1681
1584398423 1682
1584398612 1683
1584398618 1684
1584398809 1685
1584399170 1686
1584399325 1687
1584400031 1688
1584400404 1689
1584400427 1690
1584400460 1691
1584400951 1692
1584401321 1693
1584402511 1694
1584402626 1695
1584402814 1696
1584403377 1697
1584403668 1698
1584404183 1699
1584404738 1700
1584404799 1701
1584411037 1702
1584411260 1703
1584425548 1704
1584425562 1705
1584428360 1706
1584430319 1707
1584430471 1708
1584431436 1709
1584431867 1710
1584433247 1711
1584433311 1712
1584434985 1713
1584435525 1714
1584436657 1715
1584436945 1716
1584436958 1717
1584438638 1718
1584439057 1719
1584441130 1720
1584441871 1721
1584442072 1722
1584443285 1723
1584443833 1724
1584443922 1725
1584444322 1726
1584444634 1727
1584445251 1728
1584445633 1729
1584446266 1730
1584446346 1731
1584447511 1732
1584447611 1733
1584447649 1734
1584447698 1735
1584448352 1736
1584448433 1737
1584448666 1738
1584449225 1739
1584450078 1740
1584451094 1741
1584451843 1742
1584453048 1743
1584453828 1744
1584454587 1745
1584456251 1746
1584456762 1747
1584456864 1748
1584457880 1749
1584459051 1750
1584459095 1751
1584459371 1752
1584459663 1753
1584460317 1754
1584460331 1755
1584461187 1756
1584462802 1757
1584462843 1758
1584463038 1759
1584463321 1760
1584463364 1761
1584463592 1762
1584464619 1763
1584465037 1764
1584465561 1765
1584465994 1766
1584466028 1767
1584466305 1768
1584466376 1769
1584466443 1770
1584470849 1771
1584472900 1772
1584473887 1773
1584474056 1774
1584474065 1775
1584474341 1776
1584477179 1777
1584478380 1778
1584482613 1779
1584482734 1780
1584483980 1781
1584485518 1782
1584485997 1783
1584489264 1784
1584489904 1785
1584490264 1786
1584490642 1787
1584491238 1788
1584491596 1789
1584516458 1790
1584518900 1791
1584519736 1792
1584521381 1793
1584522966 1794
1584523173 1795
1584523948 1796
1584524651 1797
1584525126 1798
1584525695 1799
1584526297 1800
1584527151 1801
1584528474 1802
1584530077 1803
1584530421 1804
1584531754 1805
1584531983 1806
1584532310 1807
1584532336 1808
1584534894 1809
1584535086 1810
1584535092 1811
1584535418 1812
1584538648 1813
1584539820 1814
1584540049 1815
1584540882 1816
1584541085 1817
1584543159 1818
1584543688 1819
1584543941 1820
1584544153 1821
1584544402 1822
1584544908 1823
1584547426 1824
1584548330 1825
1584548445 1826
1584548994 1827
1584552256 1828
1584553192 1829
1584554057 1830
1584554826 1831
1584555053 1832
1584555817 1833
1584557544 1834
1584558627 1835
1584558724 1836
1584559186 1837
1584559456 1838
1584559526 1839
1584560624 1840
1584561196 1841
1584562554 1842
1584562987 1843
1584563172 1844
1584563644 1845
1584563691 1846
1584565028 1847
1584565405 1848
1584566371 1849
1584567177 1850
1584568495 1851
1584570380 1852
1584571226 1853
1584578348 1854
1584578845 1855
1584579271 1856
1584603667 1857
1584604036 1858
1584604469 1859
1584607740 1860
1584612873 1861
1584614702 1862
1584616339 1863
1584618923 1864
1584619030 1865
1584620707 1866
1584620996 1867
1584622863 1868
1584625355 1869
1584630607 1870
1584631991 1871
1584632885 1872
1584633994 1873
1584636600 1874
1584636858 1875
1584637159 1876
1584639441 1877
1584640741 1878
1584641040 1879
1584644573 1880
1584645527 1881
1584649964 1882
1584653809 1883
1584656110 1884
1584656499 1885
1584658546 1886
1584660096 1887
1584670147 1888
1584677227 1889
1584687656 1890
1584690136 1891
1584692267 1892
1584693849 1893
1584694018 1894
1584694425 1895
1584696987 1896
1584698314 1897
1584698690 1898
1584699077 1899
1584700442 1900
1584702105 1901
1584702278 1902
1584703510 1903
1584703810 1904
1584704184 1905
1584704650 1906
1584705429 1907
1584706296 1908
1584707866 1909
1584710739 1910
1584712099 1911
1584716945 1912
1584718199 1913
1584720083 1914
1584720838 1915
1584721897 1916
1584722315 1917
1584722978 1918
1584723403 1919
1584723771 1920
1584723799 1921
1584724486 1922
1584725420 1923
1584727860 1924
1584727960 1925
1584732857 1926
1584734243 1927
1584734344 1928
1584734704 1929
1584735101 1930
1584736301 1931
1584736744 1932
1584737966 1933
1584737972 1934
1584738023 1935
1584740330 1936
1584740400 1937
1584740682 1938
1584743929 1939
1584745107 1940
1584746236 1941
1584747353 1942
1584749313 1943
1584749771 1944
1584755096 1945
1584756654 1946
1584756675 1947
1584757668 1948
1584771988 1949
1584776215 1950
1584776360 1951
1584785020 1952
1584786444 1953
1584790755 1954
1584793983 1955
1584794520 1956
1584796003 1957
1584800258 1958
1584800351 1959
1584800485 1960
1584808466 1961
1584810580 1962
1584816006 1963
1584816530 1964
1584816715 1965
1584820419 1966
1584820638 1967
1584822807 1968
1584823233 1969
1584826291 1970
1584826700 1971
1584827001 1972
1584829731 1973
1584829988 1974
1584831484 1975
1584833133 1976
1584833292 1977
1584833711 1978
1584835338 1979
1584836185 1980
1584842394 1981
1584844297 1982
1584848947 1983
1584859364 1984
1584864825 1985
1584864858 1986
1584867378 1987
1584869616 1988
1584870156 1989
1584870476 1990
1584874411 1991
1584876458 1992
1584878907 1993
1584882275 1994
1584883291 1995
1584885004 1996
1584885828 1997
1584887480 1998
1584892537 1999
1584892582 2000
1584894447 2001
1584898106 2002
1584901804 2003
1584902064 2004
1584906437 2005
1584907450 2006
1584907891 2007
1584911090 2008
1584911108 2009
1584912895 2010
1584914530 2011
1584916381 2012
1584916972 2013
1584918155 2014
1584919668 2015
1584920397 2016
1584922415 2017
1584922910 2018
1584927024 2019
1584942277 2020
1584947455 2021
1584947476 2022
1584962174 2023
1584963313 2024
1584965033 2025
1584965227 2026
1584969000 2027
1584969036 2028
1584971706 2029
1584972873 2030
1584974040 2031
1584974126 2032
1584976460 2033
1584976533 2034
1584976807 2035
1584977452 2036
1584978015 2037
1584979589 2038
1584980297 2039
1584980772 2040
1584981484 2041
1584982934 2042
1584984735 2043
1584985383 2044
1584987113 2045
1584987935 2046
1584990539 2047
1584994701 2048
1584995707 2049
1584997043 2050
1584999386 2051
1585000496 2052
1585000939 2053
1585002202 2054
1585003050 2055
1585030438 2056
1585038916 2057
1585042190 2058
1585043303 2059
1585044668 2060
1585044738 2061
1585049243 2062
1585062493 2063
1585065861 2064
1585069332 2065
1585070050 2066
1585073473 2067
1585076131 2068
1585082818 2069
1585087377 2070
1585119539 2071
1585123565 2072
1585123787 2073
1585126202 2074
1585126539 2075
1585132908 2076
1585139712 2077
1585150674 2078
1585151330 2079
1585151754 2080
1585156434 2081
1585156497 2082
1585156664 2083
1585157991 2084
1585159248 2085
1585160325 2086
1585163221 2087
1585164365 2088
1585168749 2089
1585169363 2090
1585169819 2091
1585178033 2092
1585180771 2093
1585184143 2094
1585191549 2095
1585217953 2096
1585218593 2097
1585219537 2098
1585228728 2099
1585229842 2100
1585238066 2101
1585240672 2102
1585243652 2103
1585251319 2104
1585251319 2105
1585261803 2106
1585262332 2107
1585263851 2108
1585268345 2109
1585288515 2110
1585301109 2111
1585304706 2112
1585305658 2113
1585310549 2114
1585311433 2115
1585311899 2116
1585314085 2117
1585316504 2118
1585319094 2119
1585319159 2120
1585322469 2121
1585327192 2122
1585328026 2123
1585328490 2124
1585333771 2125
1585346148 2126
1585350976 2127
1585353990 2128
1585356207 2129
1585356371 2130
1585360524 2131
1585361662 2132
1585369988 2133
1585382707 2134
1585386805 2135
1585387998 2136
1585388193 2137
1585389750 2138
1585391338 2139
1585392523 2140
1585392618 2141
1585394792 2142
1585394884 2143
1585396836 2144
1585398129 2145
1585398427 2146
1585400478 2147
1585404098 2148
1585404557 2149
1585412626 2150
1585414574 2151
1585417603 2152
1585419974 2153
1585420272 2154
1585420291 2155
1585421386 2156
1585423320 2157
1585424064 2158
1585430555 2159
1585430645 2160
1585443960 2161
1585445651 2162
1585472433 2163
1585476346 2164
1585479210 2165
1585479263 2166
1585479332 2167
1585483132 2168
1585487616 2169
1585490235 2170
1585490932 2171
1585493515 2172
1585498217 2173
1585499064 2174
1585500286 2175
1585509737 2176
1585514615 2177
1585516106 2178
1585519706 2179
1585524810 2180
1585527163 2181
1585555288 2182
1585556713 2183
1585559913 2184
1585565813 2185
1585570161 2186
1585573744 2187
1585589129 2188
1585596575 2189
1585597177 2190
1585602471 2191
1585602970 2192
1585612585 2193
1585630900 2194
1585648520 2195
1585655891 2196
1585656637 2197
1585657363 2198
1585658180 2199
1585663394 2200
1585663771 2201
1585669104 2202
1585671581 2203
1585673758 2204
1585683070 2205
1585734524 2206
1585747126 2207
1585753528 2208
1585754670 2209
1585771679 2210
1585779285 2211
1585782160 2212
1585784845 2213
1585788319 2214
1585819439 2215
1585824580 2216
1585828269 2217
1585839586 2218
1585845237 2219
1585850566 2220
1585851896 2221
1585863545 2222
1585868544 2223
1585870417 2224
1585896732 2225
1585909362 2226
1585911361 2227
1585922674 2228
1585923276 2229
1585929679 2230
1585930158 2231
1585933597 2232
1585938272 2233
1585956132 2234
1585956148 2235
1585958224 2236
1585958903 2237
1585978559 2238
1585990855 2239
1586018401 2240
1586022561 2241
1586024419 2242
1586033963 2243
1586055536 2244
1586084722 2245
1586094239 2246
1586096921 2247
1586098273 2248
1586106175 2249
1586116282 2250
1586117364 2251
1586124149 2252
1586125852 2253
1586140078 2254
1586166331 2255
1586167324 2256
1586167525 2257
1586173488 2258
1586178654 2259
1586180464 2260
1586180827 2261
1586180969 2262
1586185203 2263
1586196788 2264
1586198448 2265
1586201201 2266
1586204953 2267
1586207756 2268
1586209225 2269
1586209803 2270
1586215370 2271
1586215990 2272
1586217136 2273
1586220876 2274
1586257436 2275
1586257636 2276
1586257793 2277
1586263293 2278
1586267032 2279
1586273011 2280
1586287352 2281
1586291159 2282
1586296495 2283
1586340034 2284
1586344691 2285
1586352309 2286
1586353198 2287
1586366562 2288
1586369200 2289
1586372256 2290
1586374570 2291
1586380714 2292
1586443351 2293
1586444161 2294
1586469718 2295
1586473546 2296
1586480270 2297
1586483090 2298
1586502196 2299
1586526174 2300
1586546792 2301
1586619429 2302
1586623787 2303
1586623848 2304
1586627751 2305
1586628030 2306
1586653267 2307
1586654915 2308
1586688618 2309
1586688908 2310
1586695295 2311
1586696313 2312
1586707820 2313
1586707993 2314
1586711928 2315
1586720951 2316
1586742804 2317
1586768656 2318
1586774139 2319
1586776882 2320
1586808336 2321
1586808458 2322
1586809248 2323
1586809543 2324
1586810787 2325
1586811360 2326
1586812405 2327
1586813743 2328
1586814080 2329
1586814428 2330
1586815525 2331
1586817822 2332
1586819093 2333
1586820709 2334
1586822306 2335
1586822802 2336
1586827138 2337
1586827865 2338
1586861284 2339
1586869759 2340
1586870050 2341
1586872137 2342
1586886578 2343
1586891379 2344
1586893337 2345
1586904795 2346
1586947331 2347
1586950857 2348
1586958467 2349
1586977822 2350
1586979899 2351
1586987719 2352
1587029238 2353
1587059746 2354
1587073381 2355
1587080119 2356
1587136721 2357
1587138812 2358
1587139400 2359
1587140673 2360
1587140774 2361
1587149305 2362
1587168594 2363
1587175508 2364
1587200619 2365
1587208834 2366
1587210213 2367
1587220757 2368
1587223103 2369
1587235686 2370
1587235704 2371
1587239610 2372
1587254262 2373
1587261679 2374
1587299017 2375
1587306140 2376
1587320496 2377
1587320779 2378
1587324792 2379
1587339383 2380
1587344879 2381
1587397051 2382
1587402510 2383
1587403093 2384
1587461283 2385
1587471890 2386
1587495926 2387
1587498763 2388
1587499959 2389
1587511870 2390
1587539243 2391
1587549267 2392
1587570243 2393
1587592012 2394
1587595194 2395
1587644363 2396
1587645366 2397
1587647615 2398
1587724929 2399
1587726321 2400
1587729615 2401
1587742326 2402
1587762593 2403
1587819968 2404
1587838120 2405
1587846345 2406
1587856384 2407
1587857274 2408
1587859442 2409
1587860616 2410
1587891002 2411
1587913492 2412
1587933119 2413
1587945481 2414
1588015992 2415
1588086561 2416
1588089493 2417
1588090888 2418
1588093201 2419
1588113491 2420
1588149741 2421
1588163866 2422
1588181489 2423
1588196144 2424
1588236411 2425
1588245006 2426
1588245247 2427
1588258162 2428
1588274752 2429
1588281474 2430
1588290785 2431
1588335402 2432
1588348232 2433
1588353601 2434
1588422315 2435
1588443322 2436
1588508906 2437
1588510780 2438
1588553946 2439
1588678574 2440
1588711572 2441
1588714176 2442
1588756707 2443
1588764674 2444
1588765228 2445
1588800382 2446
1588868510 2447
1588868688 2448
1588873336 2449
1588945360 2450
1588960193 2451
1588964238 2452
1589031904 2453
1589046370 2454
1589052771 2455
1589054435 2456
1589122640 2457
1589142107 2458
1589147525 2459
1589151966 2460
1589158220 2461
1589185295 2462
1589196756 2463
1589199978 2464
1589202262 2465
1589240803 2466
1589279565 2467
1589283745 2468
1589289898 2469
1589300676 2470
1589315651 2471
1589466719 2472
1589712998 2473
1589717842 2474
1589797025 2475
1589815205 2476
1589838154 2477
1589888721 2478
1590000499 2479
1590056110 2480
1590060606 2481
1590174302 2482
1590311890 2483
1590317795 2484
1590320194 2485
1590364234 2486
1590392359 2487
1590434559 2488
1590488619 2489
1590528518 2490
1590674666 2491
1590685472 2492
1590687762 2493
1590687933 2494
1590761553 2495
1590782132 2496
1590844281 2497
1590976337 2498
1591042554 2499
1591230086 2500
1591271783 2501
1591966267 2502
1592331989 2503
1592485322 2504
1592837643 2505
1592898386 2506
1593015879 2507
1593017013 2508
1593038373 2509
1593090633 2510
1593128449 2511
1593215394 2512
1593447713 2513
1593459816 2514
1593605710 2515
1594024819 2516
1594144217 2517
1594285384 2518
1594303365 2519
1594632323 2520
1594723510 2521
1594821611 2522
1595090195 2523
1595148222 2524
1595262121 2525
1595513781 2526
1595537065 2527
1595584791 2528
1595638088 2529
1595669522 2530
1595680752 2531
1595843992 2532
1595886709 2533
1595893651 2534
1595943850 2535
1596069774 2536
1596131843 2537
1596145097 2538
1596464543 2539
1596530671 2540
1596598872 2541
1596747183 2542
1596754699 2543
1596912584 2544
1596977015 2545
1597007931 2546
1597020246 2547
1597082767 2548
1597153938 2549
1597170712 2550
1597173858 2551
1597236518 2552
1597434161 2553
1597515885 2554
1597516596 2555
1597571362 2556
1597587812 2557
1597671212 2558
1597685005 2559
1597688266 2560
1597846742 2561
1597876840 2562
1597917450 2563
1598000591 2564
1598121994 2565
1598125472 2566
1598197407 2567
1598216779 2568
1598277714 2569
1598282805 2570
1598348282 2571
1598390567 2572
1598527931 2573
1598535366 2574
1598555073 2575
1598564729 2576
1598620262 2577
1598622164 2578
1598644967 2579
1598746945 2580
1598799027 2581
1598802393 2582
1598807934 2583
1598817549 2584
1598869391 2585
1598870265 2586
1598957261 2587
1598957978 2588
1598963997 2589
1598973812 2590
1598993028 2591
1599002780 2592
1599039249 2593
1599072602 2594
1599177289 2595
1599209826 2596
1599403183 2597
1599431442 2598
1599523296 2599
1599567535 2600
1599567721 2601
1599644533 2602
1599660548 2603
1599738169 2604
1599741671 2605
1599767348 2606
1599820694 2607
1599848698 2608
1599855621 2609
1599946100 2610
1600070298 2611
1600092539 2612
1600102759 2613
1600127038 2614
1600161383 2615
1600390943 2616
1600452959 2617
1600499517 2618
1600547248 2619
1600683145 2620
1600810301 2621
1600858594 2622
1600898846 2623
1600905178 2624
1600953505 2625
1600979095 2626
1601032705 2627
1601039818 2628
1601051821 2629
1601107230 2630
1601112171 2631
1601116139 2632
1601118883 2633
1601119923 2634
1601192717 2635
1601288127 2636
1601288299 2637
1601329392 2638
1601336806 2639
1601463061 2640
1601482767 2641
1601548466 2642
1601622750 2643
1601833467 2644
1601889740 2645
1601898737 2646
1601919560 2647
1601939179 2648
1602006048 2649
1602105082 2650
1602160645 2651
1602407235 2652
1602439875 2653
1602518523 2654
1602543174 2655
1602576336 2656
1602582762 2657
1602586810 2658
1602629684 2659
1602669909 2660
1602682622 2661
1602706150 2662
1602706473 2663
1602706704 2664
1602709270 2665
1602758110 2666
1602777054 2667
1602781955 2668
1602786163 2669
1602846289 2670
1602851214 2671
1602864258 2672
1602948416 2673
1602968630 2674
1602971213 2675
1603019592 2676
1603020178 2677
1603024307 2678
1603125347 2679
1603194993 2680
1603195410 2681
1603223195 2682
1603232164 2683
1603235787 2684
1603288843 2685
1603291795 2686
1603392641 2687
1603441046 2688
1603458706 2689
1603467388 2690
1603477602 2691
1603482585 2692
1603494994 2693
1603615667 2694
1603655884 2695
1603658475 2696
1603661126 2697
1603664813 2698
1603672681 2699
1603716410 2700
1603731920 2701
1603735882 2702
1603739185 2703
1603742157 2704
1603790132 2705
1603795782 2706
1603796351 2707
1603798845 2708
1603809948 2709
1603817813 2710
1603819740 2711
1603825136 2712
1603834167 2713
1603834629 2714
1603840470 2715
1603845303 2716
1603876826 2717
1603881887 2718
1603885493 2719
1603895751 2720
1603899756 2721
1603900258 2722
1603914332 2723
1603915990 2724
1603917077 2725
1603917216 2726
1603917505 2727
1603917910 2728
1603918584 2729
1603918717 2730
1603919379 2731
1603928213 2732
1603935241 2733
1603955291 2734
1603968950 2735
1603971522 2736
1603980285 2737
1603980508 2738
1603983029 2739
1603992859 2740
1603995672 2741
1603997559 2742
1604002038 2743
1604021890 2744
1604050231 2745
1604052623 2746
1604054647 2747
1604093153 2748
1604102931 2749
1604122623 2750
1604139937 2751
1604142460 2752
1604164219 2753
1604168501 2754
1604186922 2755
1604188604 2756
1604239245 2757
1604239885 2758
1604241108 2759
1604268054 2760
1604276005 2761
1604304105 2762
1604338050 2763
1604342677 2764
1604344602 2765
1604349184 2766
1604433116 2767
1604486999 2768
1604593210 2769
1604600833 2770
1604601222 2771
1604677870 2772
1604744820 2773
1604871323 2774
1605036863 2775
1605092315 2776
1605092599 2777
1605123139 2778
1605194372 2779
1605203334 2780
1605221989 2781
1605273318 2782
1605279487 2783
1605318885 2784
1605347688 2785
1605384448 2786
1605397875 2787
1605406033 2788
1605516390 2789
1605568715 2790
1605650061 2791
1605725338 2792
1605727891 2793
1605727985 2794
1605805465 2795
1605823316 2796
1605989645 2797
1606311563 2798
1606514217 2799
1606729292 2800
1606742238 2801
1606754385 2802
1606764805 2803
1606857708 2804
1606915356 2805
1606991375 2806
1606992344 2807
1607070348 2808
1607109632 2809
1607166479 2810
1607340137 2811
1607373717 2812
1607395665 2813
1607432368 2814
1607455806 2815
1607562412 2816
1607612790 2817
1607678627 2818
1607679965 2819
1607853315 2820
1607931346 2821
1607978991 2822
1608032983 2823
1608033312 2824
1608150727 2825
1608234434 2826
1608323258 2827
1608466818 2828
1608471114 2829
1608504240 2830
1608554368 2831
1608768442 2832
1608821161 2833
1608912048 2834
1609062175 2835
1609087530 2836
1609172427 2837
