1579611316 1
1579611555 2
1579611751 3
1579613366 4
1579617811 5
1579621979 6
1579622150 7
1579627499 8
1579629367 9
1579630675 10
1579630765 11
1579631666 12
1579636944 13
1579639995 14
1579640280 15
1579640775 16
1579646008 17
1579678473 18
1579693339 19
1579724250 20
1579727123 21
1579727177 22
1579727975 23
1579730378 24
1579730809 25
1579733220 26
1579734009 27
1579734215 28
1579734792 29
1579735590 30
1579737627 31
1579738363 32
1579742068 33
1579760592 34
1579772175 35
1579775467 36
1579776449 37
1579777951 38
1579778672 39
1579778830 40
1579784057 41
1579784270 42
1579784502 43
1579787783 44
1579791432 45
1579792908 46
1579792912 47
1579793285 48
1579793640 49
1579793677 50
1579802143 51
1579805056 52
1579806529 53
1579811179 54
1579821659 55
1579822944 56
1579823091 57
1579826431 58
1579827367 59
1579840018 60
1579844499 61
1579849146 62
1579849340 63
1579852403 64
1579853947 65
1579854262 66
1579858552 67
1579858590 68
1579858604 69
1579861015 70
1579861671 71
1579863724 72
1579870016 73
1579871363 74
1579872263 75
1579873194 76
1579874713 77
1579875857 78
1579877603 79
1579880211 80
1579880806 81
1579885751 82
1579886544 83
1579886746 84
1579887026 85
1579887245 86
1579888707 87
1579890751 88
1579892037 89
1579897192 90
1579897615 91
1579897628 92
1579898020 93
1579898093 94
1579898104 95
1579898295 96
1579898366 97
1579899120 98
1579899597 99
1579899783 100
1579899824 101
1579900037 102
1579900093 103
1579900136 104
1579900290 105
1579900351 106
1579900500 107
1579900515 108
1579900888 109
1579901083 110
1579901210 111
1579901630 112
1579901787 113
1579901886 114
1579901916 115
1579902344 116
1579903110 117
1579904004 118
1579904013 119
1579904655 120
1579904674 121
1579904963 122
1579905912 123
1579906049 124
1579906055 125
1579906227 126
1579906351 127
1579906556 128
1579906859 129
1579906939 130
1579906979 131
1579907338 132
1579908229 133
1579908293 134
1579908329 135
1579908840 136
1579909219 137
1579911342 138
1579915186 139
1579915723 140
1579916416 141
1579917298 142
1579917630 143
1579919733 144
1579920712 145
1579922026 146
1579934676 147
1579938071 148
1579938750 149
1579939400 150
1579940047 151
1579943548 152
1579943708 153
1579943871 154
1579944323 155
1579944902 156
1579946835 157
1579947236 158
1579947909 159
1579949445 160
1579949468 161
1579949652 162
1579949677 163
1579950448 164
1579950615 165
1579951014 166
1579951945 167
1579953209 168
1579956895 169
1579957886 170
1579957910 171
1579958003 172
1579958330 173
1579961352 174
1579961635 175
1579962300 176
1579962525 177
1579962557 178
1579964705 179
1579966349 180
1579966383 181
1579967323 182
1579967349 183
1579968270 184
1579969765 185
1579972703 186
1579972896 187
1579973982 188
1579975431 189
1579975776 190
1579976055 191
1579976177 192
1579976762 193
1579977121 194
1579978580 195
1579979761 196
1579979940 197
1579982056 198
1579982100 199
1579984623 200
1579986219 201
1579987781 202
1579990366 203
1579995294 204
1579999312 205
1580021099 206
1580023491 207
1580025385 208
1580032617 209
1580032644 210
1580034093 211
1580036233 212
1580036556 213
1580037245 214
1580039617 215
1580039816 216
1580040653 217
1580041049 218
1580041576 219
1580044253 220
1580056459 221
1580063156 222
1580069107 223
1580072563 224
1580073364 225
1580077054 226
1580077921 227
1580078790 228
1580079026 229
1580081552 230
1580082532 231
1580109046 232
1580116947 233
1580118638 234
1580119156 235
1580121793 236
1580122138 237
1580129294 238
1580129688 239
1580130647 240
1580133359 241
1580134245 242
1580135310 243
1580135506 244
1580135682 245
1580137293 246
1580139983 247
1580140796 248
1580141917 249
1580142357 250
1580143850 251
1580145999 252
1580147519 253
1580148839 254
1580149825 255
1580149929 256
1580149994 257
1580150937 258
1580152565 259
1580153583 260
1580157337 261
1580157604 262
1580162604 263
1580163235 264
1580163355 265
1580179150 266
1580180392 267
1580186044 268
1580200461 269
1580204608 270
1580205290 271
1580208217 272
1580208891 273
1580209087 274
1580209441 275
1580209664 276
1580209714 277
1580210960 278
1580214064 279
1580214642 280
1580214715 281
1580215430 282
1580218095 283
1580218312 284
1580234905 285
1580237499 286
1580239491 287
1580239614 288
1580239642 289
1580240823 290
1580242009 291
1580242271 292
1580244435 293
1580246007 294
1580250782 295
1580252123 296
1580263337 297
1580266899 298
1580281426 299
1580286821 300
1580289227 301
1580291450 302
1580291926 303
1580292256 304
1580293317 305
1580293461 306
1580294692 307
1580295949 308
1580297046 309
1580304197 310
1580305313 311
1580308050 312
1580309486 313
1580314182 314
1580328596 315
1580329136 316
1580333196 317
1580334924 318
1580341579 319
1580352894 320
1580361242 321
1580372528 322
1580378199 323
1580378646 324
1580379102 325
1580380689 326
1580381070 327
1580381504 328
1580383871 329
1580386391 330
1580389339 331
1580390124 332
1580393334 333
1580396988 334
1580397439 335
1580404348 336
1580418110 337
1580418279 338
1580419059 339
1580420960 340
1580425672 341
1580460065 342
1580461280 343
1580464664 344
1580468550 345
1580472399 346
1580473279 347
1580474163 348
1580477055 349
1580478927 350
1580484853 351
1580487904 352
1580494200 353
1580495775 354
1580495851 355
1580497424 356
1580503648 357
1580503712 358
1580505690 359
1580518207 360
1580545588 361
1580546975 362
1580547601 363
1580549272 364
1580554637 365
1580555486 366
1580559931 367
1580563178 368
1580571642 369
1580596569 370
1580597746 371
1580602005 372
1580611880 373
1580615662 374
1580641210 375
1580641805 376
1580645299 377
1580647089 378
1580654725 379
1580655562 380
1580659674 381
1580673381 382
1580682687 383
1580684741 384
1580699492 385
1580716630 386
1580721735 387
1580724385 388
1580728884 389
1580740545 390
1580740922 391
1580744082 392
1580748471 393
1580762786 394
1580768440 395
1580772379 396
1580802759 397
1580819234 398
1580825801 399
1580836548 400
1580837864 401
1580843552 402
1580858244 403
1580866186 404
1580889641 405
1580905759 406
1580913537 407
1580916749 408
1580920567 409
1580921681 410
1580921851 411
1580927084 412
1580936329 413
1580978260 414
1580986937 415
1581010663 416
1581061851 417
1581070613 418
1581072844 419
1581074277 420
1581086123 421
1581094415 422
1581098706 423
1581118315 424
1581157548 425
1581158479 426
1581159381 427
1581159953 428
1581161411 429
1581162629 430
1581172511 431
1581176407 432
1581177359 433
1581181207 434
1581183489 435
1581187306 436
1581188385 437
1581193042 438
1581195345 439
1581324821 440
1581331161 441
1581331394 442
1581334312 443
1581339543 444
1581357967 445
1581370515 446
1581412981 447
1581414559 448
1581419656 449
1581428997 450
1581429752 451
1581435264 452
1581442081 453
1581445993 454
1581449554 455
1581450308 456
1581496171 457
1581509957 458
1581513139 459
1581546660 460
1581581725 461
1581582731 462
1581585241 463
1581585824 464
1581594387 465
1581610854 466
1581612353 467
1581635783 468
1581646190 469
1581679386 470
1581770395 471
1581771472 472
1581798034 473
1581884638 474
1581924361 475
1581943066 476
1581953185 477
1581983608 478
1581998295 479
1582141950 480
1582220672 481
1582272984 482
1582282745 483
1582284629 484
1582326576 485
1582377942 486
1582385296 487
1582390772 488
1582391951 489
1582396817 490
1582402425 491
1582410431 492
1582420665 493
1582423902 494
1582456071 495
1582457845 496
1582461884 497
1582463236 498
1582482830 499
1582483015 500
1582497493 501
1582497549 502
1582535958 503
1582537820 504
1582541375 505
1582544318 506
1582546289 507
1582547431 508
1582549050 509
1582549138 510
1582549914 511
1582554319 512
1582555618 513
1582555659 514
1582555762 515
1582558310 516
1582558442 517
1582559505 518
1582561004 519
1582561573 520
1582561978 521
1582562195 522
1582562717 523
1582563983 524
1582565270 525
1582565759 526
1582568627 527
1582571134 528
1582573286 529
1582573993 530
1582575979 531
1582581666 532
1582598944 533
1582614333 534
1582615975 535
1582620595 536
1582622443 537
1582627726 538
1582628613 539
1582629053 540
1582630446 541
1582630853 542
1582631966 543
1582633462 544
1582638628 545
1582638763 546
1582640340 547
1582641162 548
1582642459 549
1582643188 550
1582645706 551
1582646299 552
1582648592 553
1582650461 554
1582651225 555
1582655012 556
1582655306 557
1582655367 558
1582659266 559
1582659301 560
1582662828 561
1582665550 562
1582666546 563
1582668436 564
1582673226 565
1582673343 566
1582702480 567
1582712684 568
1582714369 569
1582715238 570
1582715729 571
1582716039 572
1582717298 573
1582720744 574
1582722355 575
1582724283 576
1582724605 577
1582725429 578
1582728811 579
1582732492 580
1582732619 581
1582732714 582
1582733528 583
1582734922 584
1582735067 585
1582735408 586
1582735601 587
1582736182 588
1582737595 589
1582738899 590
1582739226 591
1582740609 592
1582744299 593
1582745431 594
1582747271 595
1582752458 596
1582753999 597
1582754587 598
1582754765 599
1582755496 600
1582781146 601
1582785858 602
1582786046 603
1582795284 604
1582797060 605
1582797451 606
1582797889 607
1582799164 608
1582801259 609
1582802861 610
1582803516 611
1582805661 612
1582806431 613
1582809112 614
1582809645 615
1582810821 616
1582811578 617
1582811752 618
1582818178 619
1582822971 620
1582826009 621
1582827871 622
1582833326 623
1582836786 624
1582837282 625
1582838314 626
1582838841 627
1582839768 628
1582841199 629
1582841279 630
1582842132 631
1582843507 632
1582843895 633
1582846870 634
1582847664 635
1582849603 636
1582851554 637
1582854281 638
1582870865 639
1582872089 640
1582873197 641
1582876968 642
1582879735 643
1582880484 644
1582880893 645
1582882183 646
1582883645 647
1582883970 648
1582884112 649
1582886279 650
1582886664 651
1582887068 652
1582888323 653
1582888836 654
1582889001 655
1582890578 656
1582891735 657
1582893249 658
1582894109 659
1582897018 660
1582899158 661
1582899172 662
1582900772 663
1582901583 664
1582901972 665
1582902555 666
1582903999 667
1582906321 668
1582909276 669
1582911754 670
1582912062 671
1582913556 672
1582918759 673
1582918892 674
1582919023 675
1582919717 676
1582920244 677
1582922689 678
1582923317 679
1582923575 680
1582923783 681
1582928171 682
1582931983 683
1582933156 684
1582935651 685
1582939292 686
1582957039 687
1582959634 688
1582960509 689
1582962218 690
1582962507 691
1582967196 692
1582973475 693
1582974341 694
1582976265 695
1582976268 696
1582978340 697
1582986017 698
1582986686 699
1582987636 700
1582990379 701
1582990926 702
1582992395 703
1582992628 704
1582993180 705
1582994276 706
1582998494 707
1582999938 708
1583000348 709
1583000756 710
1583002524 711
1583005014 712
1583005185 713
1583005572 714
1583006131 715
1583006155 716
1583006481 717
1583010269 718
1583010636 719
1583010946 720
1583011724 721
1583013290 722
1583013644 723
1583015969 724
1583017232 725
1583018787 726
1583021646 727
1583044078 728
1583049042 729
1583058550 730
1583061724 731
1583062578 732
1583065191 733
1583072042 734
1583074110 735
1583077462 736
1583080027 737
1583082260 738
1583083304 739
1583084335 740
1583085795 741
1583087673 742
1583089711 743
1583090422 744
1583090849 745
1583091164 746
1583091777 747
1583091915 748
1583093498 749
1583093790 750
1583093841 751
1583095000 752
1583100276 753
1583100396 754
1583101696 755
1583102192 756
1583103340 757
1583105552 758
1583108849 759
1583115640 760
1583131695 761
1583132180 762
1583132608 763
1583136924 764
1583142250 765
1583143847 766
1583148676 767
1583148926 768
1583151672 769
1583151695 770
1583151823 771
1583153334 772
1583154010 773
1583155665 774
1583155695 775
1583156047 776
1583157797 777
1583158490 778
1583159875 779
1583160067 780
1583162859 781
1583164380 782
1583165324 783
1583167820 784
1583168212 785
1583168388 786
1583168876 787
1583170301 788
1583170607 789
1583170657 790
1583176121 791
1583176819 792
1583181768 793
1583184677 794
1583184726 795
1583184797 796
1583185240 797
1583186026 798
1583186484 799
1583186961 800
1583187874 801
1583189093 802
1583190945 803
1583193331 804
1583193843 805
1583196207 806
1583198653 807
1583220371 808
1583226444 809
1583228639 810
1583233159 811
1583235269 812
1583238361 813
1583238806 814
1583239491 815
1583239723 816
1583240739 817
1583241226 818
1583244336 819
1583246002 820
1583246336 821
1583247714 822
1583249219 823
1583249276 824
1583254819 825
1583255173 826
1583257851 827
1583260664 828
1583261701 829
1583265172 830
1583265571 831
1583265761 832
1583266056 833
1583266872 834
1583268079 835
1583269982 836
1583271259 837
1583271873 838
1583278055 839
1583279920 840
1583306960 841
1583307812 842
1583312153 843
1583316804 844
1583317287 845
1583317526 846
1583322666 847
1583323546 848
1583324701 849
1583326008 850
1583326796 851
1583326851 852
1583329707 853
1583329766 854
1583332387 855
1583333553 856
1583333785 857
1583335222 858
1583335783 859
1583337199 860
1583337975 861
1583338335 862
1583344069 863
1583346646 864
1583347076 865
1583348858 866
1583350184 867
1583352957 868
1583353853 869
1583359476 870
1583359624 871
1583364588 872
1583372542 873
1583380549 874
1583387023 875
1583390165 876
1583391427 877
1583396050 878
1583397004 879
1583398157 880
1583398264 881
1583399990 882
1583402131 883
1583404628 884
1583404933 885
1583405206 886
1583405779 887
1583407969 888
1583410520 889
1583410746 890
1583411088 891
1583413297 892
1583413520 893
1583415867 894
1583417396 895
1583420357 896
1583421541 897
1583423911 898
1583425391 899
1583426054 900
1583426515 901
1583428076 902
1583431629 903
1583432622 904
1583432997 905
1583434109 906
1583437042 907
1583437268 908
1583437934 909
1583438645 910
1583439390 911
1583440606 912
1583442074 913
1583444599 914
1583444894 915
1583446175 916
1583448634 917
1583451252 918
1583455362 919
1583456117 920
1583460415 921
1583481795 922
1583482837 923
1583486516 924
1583487723 925
1583487750 926
1583488161 927
1583489104 928
1583489620 929
1583490809 930
1583491793 931
1583493356 932
1583494195 933
1583498447 934
1583500372 935
1583502357 936
1583502776 937
1583502942 938
1583503109 939
1583504046 940
1583504220 941
1583506390 942
1583506817 943
1583507778 944
1583507851 945
1583508542 946
1583512801 947
1583516683 948
1583518309 949
1583521633 950
1583523014 951
1583523508 952
1583525044 953
1583525210 954
1583526375 955
1583531166 956
1583533921 957
1583538214 958
1583539557 959
1583543124 960
1583548163 961
1583570868 962
1583572314 963
1583572469 964
1583574314 965
1583580628 966
1583584152 967
1583584677 968
1583587384 969
1583589852 970
1583594211 971
1583596315 972
1583599326 973
1583601605 974
1583604168 975
1583608959 976
1583609464 977
1583611726 978
1583613775 979
1583614769 980
1583614870 981
1583615655 982
1583616071 983
1583619428 984
1583625565 985
1583625739 986
1583633920 987
1583637915 988
1583638146 989
1583646243 990
1583655198 991
1583660557 992
1583662122 993
1583663416 994
1583667935 995
1583669007 996
1583670517 997
1583672828 998
1583673059 999
1583673226 1000
1583675607 1001
1583679377 1002
1583680251 1003
1583680914 1004
1583684085 1005
1583685229 1006
1583690335 1007
1583692576 1008
1583694339 1009
1583696780 1010
1583699910 1011
1583700177 1012
1583703376 1013
1583706195 1014
1583706383 1015
1583706602 1016
1583709824 1017
1583711113 1018
1583713283 1019
1583715360 1020
1583724944 1021
1583734573 1022
1583737708 1023
1583744677 1024
1583744788 1025
1583745880 1026
1583746584 1027
1583755915 1028
1583757348 1029
1583757420 1030
1583761852 1031
1583762414 1032
1583763398 1033
1583763567 1034
1583767396 1035
1583768343 1036
1583768722 1037
1583770805 1038
1583771803 1039
1583771869 1040
1583772231 1041
1583772333 1042
1583772465 1043
1583776537 1044
1583778825 1045
1583782810 1046
1583782888 1047
1583784344 1048
1583785090 1049
1583785928 1050
1583786999 1051
1583787396 1052
1583790111 1053
1583790496 1054
1583791485 1055
1583794288 1056
1583795516 1057
1583799918 1058
1583800180 1059
1583800460 1060
1583801264 1061
1583816476 1062
1583826500 1063
1583827615 1064
1583832091 1065
1583832986 1066
1583834461 1067
1583836407 1068
1583839480 1069
1583839881 1070
1583840635 1071
1583841059 1072
1583842421 1073
1583843509 1074
1583844807 1075
1583844963 1076
1583847478 1077
1583848213 1078
1583849807 1079
1583853754 1080
1583855305 1081
1583855713 1082
1583859888 1083
1583863946 1084
1583865779 1085
1583866945 1086
1583870780 1087
1583871684 1088
1583898259 1089
1583911358 1090
1583912331 1091
1583912883 1092
1583913184 1093
1583916382 1094
1583918962 1095
1583920638 1096
1583922046 1097
1583933197 1098
1583934954 1099
1583937801 1100
1583940791 1101
1583941386 1102
1583945865 1103
1583947908 1104
1583949421 1105
1583949647 1106
1583951652 1107
1583952568 1108
1583953323 1109
1583954390 1110
1583954753 1111
1583957008 1112
1583958576 1113
1583961415 1114
1583961419 1115
1583961950 1116
1583963329 1117
1583963615 1118
1583964215 1119
1583965735 1120
1583968352 1121
1583969483 1122
1583969544 1123
1583970080 1124
1583971804 1125
1583973557 1126
1583974878 1127
1583976073 1128
1583980767 1129
1583980807 1130
1583988858 1131
1583989126 1132
1583992428 1133
1583998732 1134
1584000090 1135
1584000892 1136
1584001484 1137
1584003074 1138
1584003794 1139
1584007557 1140
1584007776 1141
1584008348 1142
1584009266 1143
1584009297 1144
1584009316 1145
1584009865 1146
1584011401 1147
1584012897 1148
1584013359 1149
1584013582 1150
1584014076 1151
1584017842 1152
1584019384 1153
1584020001 1154
1584021612 1155
1584022009 1156
1584022269 1157
1584024031 1158
1584025706 1159
1584025998 1160
1584029582 1161
1584030426 1162
1584030778 1163
1584033341 1164
1584033602 1165
1584035120 1166
1584036545 1167
1584039510 1168
1584039668 1169
1584040451 1170
1584041336 1171
1584042253 1172
1584042361 1173
1584042823 1174
1584043275 1175
1584043316 1176
1584043330 1177
1584043351 1178
1584043367 1179
1584043391 1180
1584043427 1181
1584043476 1182
1584043515 1183
1584043631 1184
1584043646 1185
1584043738 1186
1584043765 1187
1584043816 1188
1584044318 1189
1584044373 1190
1584044405 1191
1584044722 1192
1584044814 1193
1584044872 1194
1584045196 1195
1584045216 1196
1584045454 1197
1584045733 1198
1584047255 1199
1584047733 1200
1584047857 1201
1584047957 1202
1584048272 1203
1584048799 1204
1584048984 1205
1584049489 1206
1584049823 1207
1584050059 1208
1584050165 1209
1584050949 1210
1584051150 1211
1584051350 1212
1584052701 1213
1584052927 1214
1584053131 1215
1584054807 1216
1584055601 1217
1584055645 1218
1584056053 1219
1584057057 1220
1584057757 1221
1584058901 1222
1584059485 1223
1584059849 1224
1584060080 1225
1584071834 1226
1584075439 1227
1584079510 1228
1584079568 1229
1584080401 1230
1584081554 1231
1584082531 1232
1584083341 1233
1584087096 1234
1584088091 1235
1584088150 1236
1584090231 1237
1584091257 1238
1584092550 1239
1584093655 1240
1584094450 1241
1584095317 1242
1584096938 1243
1584098998 1244
1584100275 1245
1584101767 1246
1584102150 1247
1584102553 1248
1584104796 1249
1584105279 1250
1584106094 1251
1584106438 1252
1584106816 1253
1584107665 1254
1584109653 1255
1584110896 1256
1584111891 1257
1584114441 1258
1584114458 1259
1584114937 1260
1584118451 1261
1584119351 1262
1584120803 1263
1584122433 1264
1584122583 1265
1584125525 1266
1584125721 1267
1584125944 1268
1584126229 1269
1584127174 1270
1584127716 1271
1584128617 1272
1584129430 1273
1584131970 1274
1584132939 1275
1584133610 1276
1584135937 1277
1584136241 1278
1584136491 1279
1584136753 1280
1584137422 1281
1584137585 1282
1584137812 1283
1584137986 1284
1584138104 1285
1584139102 1286
1584140004 1287
1584141095 1288
1584145853 1289
1584147330 1290
1584149891 1291
1584166434 1292
1584176087 1293
1584177771 1294
1584179949 1295
1584181088 1296
1584181360 1297
1584181985 1298
1584183437 1299
1584184029 1300
1584184613 1301
1584186496 1302
1584186875 1303
1584187272 1304
1584189358 1305
1584189688 1306
1584190967 1307
1584192993 1308
1584193804 1309
1584194806 1310
1584196516 1311
1584196519 1312
1584196982 1313
1584197030 1314
1584198538 1315
1584201100 1316
1584201823 1317
1584202937 1318
1584203493 1319
1584207487 1320
1584209232 1321
1584209496 1322
1584209943 1323
1584212096 1324
1584213881 1325
1584214174 1326
1584214618 1327
1584215222 1328
1584215272 1329
1584215574 1330
1584215953 1331
1584216016 1332
1584216111 1333
1584217017 1334
1584217074 1335
1584217468 1336
1584217510 1337
1584217584 1338
1584217661 1339
1584217728 1340
1584217938 1341
1584218130 1342
1584218398 1343
1584218437 1344
1584218609 1345
1584218747 1346
1584218752 1347
1584218757 1348
1584218921 1349
1584218926 1350
1584219054 1351
1584219306 1352
1584219923 1353
1584220291 1354
1584220401 1355
1584220750 1356
1584220857 1357
1584220896 1358
1584221080 1359
1584221491 1360
1584221565 1361
1584221656 1362
1584221664 1363
1584221734 1364
1584222221 1365
1584222342 1366
1584222407 1367
1584223121 1368
1584223446 1369
1584223522 1370
1584223806 1371
1584224552 1372
1584224728 1373
1584225157 1374
1584225463 1375
1584225948 1376
1584226030 1377
1584226387 1378
1584226730 1379
1584227310 1380
1584228224 1381
1584228448 1382
1584228655 1383
1584228709 1384
1584228762 1385
1584230471 1386
1584230508 1387
1584230633 1388
1584231105 1389
1584231127 1390
1584231836 1391
1584232760 1392
1584233485 1393
1584233602 1394
1584234405 1395
1584235319 1396
1584235329 1397
1584235456 1398
1584235846 1399
1584236160 1400
1584237774 1401
1584252017 1402
1584254250 1403
1584256800 1404
1584258453 1405
1584259587 1406
1584259794 1407
1584259941 1408
1584261510 1409
1584261600 1410
1584261735 1411
1584263044 1412
1584263125 1413
1584263314 1414
1584263727 1415
1584265334 1416
1584266719 1417
1584267366 1418
1584268067 1419
1584268285 1420
1584268451 1421
1584268453 1422
1584269354 1423
1584271431 1424
1584271621 1425
1584271870 1426
1584271991 1427
1584272080 1428
1584272379 1429
1584272453 1430
1584273427 1431
1584273705 1432
1584273731 1433
1584273797 1434
1584273824 1435
1584274228 1436
1584275060 1437
1584275106 1438
1584275526 1439
1584276423 1440
1584277364 1441
1584279118 1442
1584280143 1443
1584280207 1444
1584280658 1445
1584281015 1446
1584282583 1447
1584282818 1448
1584283191 1449
1584284060 1450
1584284093 1451
1584285493 1452
1584286721 1453
1584287018 1454
1584287107 1455
1584287449 1456
1584287556 1457
1584288969 1458
1584289446 1459
1584290342 1460
1584291410 1461
1584291824 1462
1584292255 1463
1584292483 1464
1584292899 1465
1584292998 1466
1584293260 1467
1584293396 1468
1584293589 1469
1584293641 1470
1584293788 1471
1584294018 1472
1584294123 1473
1584294397 1474
1584294643 1475
1584294775 1476
1584295196 1477
1584295349 1478
1584295528 1479
1584295551 1480
1584296028 1481
1584296132 1482
1584297020 1483
1584297051 1484
1584297172 1485
1584298096 1486
1584298541 1487
1584299300 1488
1584299330 1489
1584299433 1490
1584300024 1491
1584300239 1492
1584301560 1493
1584301598 1494
1584302599 1495
1584303481 1496
1584303737 1497
1584304546 1498
1584304546 1499
1584304863 1500
1584304882 1501
1584305241 1502
1584305456 1503
1584305965 1504
1584306014 1505
1584306689 1506
1584307247 1507
1584307335 1508
1584307473 1509
1584308454 1510
1584309219 1511
1584310057 1512
1584310339 1513
1584310654 1514
1584310953 1515
1584311800 1516
1584311899 1517
1584311959 1518
1584312368 1519
1584312433 1520
1584312637 1521
1584313412 1522
1584313855 1523
1584314495 1524
1584314586 1525
1584315039 1526
1584318635 1527
1584320675 1528
1584322907 1529
1584322974 1530
1584324385 1531
1584325782 1532
1584328234 1533
1584328789 1534
1584329646 1535
1584335305 1536
1584339301 1537
1584341464 1538
1584342243 1539
1584342803 1540
1584344641 1541
1584344840 1542
1584345456 1543
1584346635 1544
1584346691 1545
1584346978 1546
1584347593 1547
1584347607 1548
1584347911 1549
1584348544 1550
1584348810 1551
1584349240 1552
1584349615 1553
1584351189 1554
1584351422 1555
1584352274 1556
1584352706 1557
1584352806 1558
1584353819 1559
1584354266 1560
1584354402 1561
1584355192 1562
1584355466 1563
1584355923 1564
1584356336 1565
1584356396 1566
1584356462 1567
1584356723 1568
1584356886 1569
1584357079 1570
1584357590 1571
1584357965 1572
1584358281 1573
1584358295 1574
1584358947 1575
1584359105 1576
1584359423 1577
1584359497 1578
1584359592 1579
1584359750 1580
1584360103 1581
1584360150 1582
1584360428 1583
1584361423 1584
1584362027 1585
1584362632 1586
1584362677 1587
1584362847 1588
1584362882 1589
1584363072 1590
1584363197 1591
1584363815 1592
1584364160 1593
1584364939 1594
1584365561 1595
1584365575 1596
1584366717 1597
1584368013 1598
1584368017 1599
1584368076 1600
1584369862 1601
1584369942 1602
1584370980 1603
1584371232 1604
1584371310 1605
1584372010 1606
1584372211 1607
1584372549 1608
1584373576 1609
1584373765 1610
1584373969 1611
1584373996 1612
1584374822 1613
1584375396 1614
1584375440 1615
1584376089 1616
1584376233 1617
1584376235 1618
1584376760 1619
1584377004 1620
1584377840 1621
1584377924 1622
1584378048 1623
1584378341 1624
1584378406 1625
1584379259 1626
1584379717 1627
1584379972 1628
1584379994 1629
1584380038 1630
1584382435 1631
1584382656 1632
1584382672 1633
1584383414 1634
1584383981 1635
1584384311 1636
1584384715 1637
1584384880 1638
1584385060 1639
1584385111 1640
1584385292 1641
1584385630 1642
1584385633 1643
1584386217 1644
1584386768 1645
1584386977 1646
1584387555 1647
1584388081 1648
1584388104 1649
1584388317 1650
1584388656 1651
1584388677 1652
1584389086 1653
1584389134 1654
1584389164 1655
1584389290 1656
1584389457 1657
1584389629 1658
1584389802 1659
1584389937 1660
1584391129 1661
1584391646 1662
1584391838 1663
1584392509 1664
1584392570 1665
1584392665 1666
1584393432 1667
1584393686 1668
1584394071 1669
1584394251 1670
1584394351 1671
1584395340 1672
1584395914 1673
1584396782 1674
1584396903 1675
1584397049 1676
1584397135 1677
1584397235 1678
1584397371 1679
1584398021 1680
1584398423 1681
1584398612 1682
1584398618 1683
1584398809 1684
1584399170 1685
1584399325 1686
1584400031 1687
1584400404 1688
1584400427 1689
1584400460 1690
1584400951 1691
1584401321 1692
1584402511 1693
1584402626 1694
1584402814 1695
1584403377 1696
1584403668 1697
1584404183 1698
1584404738 1699
1584404799 1700
1584411037 1701
1584411260 1702
1584425548 1703
1584425562 1704
1584428360 1705
1584430319 1706
1584430471 1707
1584431436 1708
1584431867 1709
1584433247 1710
1584433311 1711
1584434985 1712
1584435525 1713
1584436657 1714
1584436945 1715
1584436958 1716
1584438638 1717
1584439057 1718
1584441130 1719
1584441871 1720
1584442072 1721
1584443285 1722
1584443833 1723
1584443922 1724
1584444322 1725
1584444634 1726
1584445251 1727
1584445633 1728
1584446266 1729
1584446346 1730
1584447511 1731
1584447611 1732
1584447649 1733
1584447698 1734
1584448352 1735
1584448433 1736
1584448666 1737
1584449225 1738
1584450078 1739
1584451094 1740
1584451843 1741
1584453048 1742
1584453828 1743
1584454587 1744
1584456251 1745
1584456762 1746
1584456864 1747
1584457880 1748
1584459051 1749
1584459095 1750
1584459371 1751
1584459663 1752
1584460317 1753
1584460331 1754
1584461187 1755
1584462802 1756
1584462843 1757
1584463038 1758
1584463321 1759
1584463364 1760
1584463592 1761
1584464619 1762
1584465037 1763
1584465561 1764
1584465994 1765
1584466028 1766
1584466305 1767
1584466376 1768
1584466443 1769
1584470849 1770
1584472900 1771
1584473887 1772
1584474056 1773
1584474065 1774
1584474341 1775
1584477179 1776
1584478380 1777
1584482613 1778
1584482734 1779
1584483980 1780
1584485518 1781
1584485997 1782
1584489264 1783
1584489904 1784
1584490264 1785
1584490642 1786
1584491238 1787
1584491596 1788
1584516458 1789
1584518900 1790
1584519736 1791
1584521381 1792
1584522966 1793
1584523173 1794
1584523948 1795
1584524651 1796
1584525126 1797
1584525695 1798
1584526297 1799
1584527151 1800
1584528474 1801
1584530077 1802
1584530421 1803
1584531754 1804
1584531983 1805
1584532310 1806
1584532336 1807
1584534894 1808
1584535086 1809
1584535092 1810
1584535418 1811
1584538648 1812
1584539820 1813
1584540049 1814
1584540882 1815
1584541085 1816
1584543159 1817
1584543688 1818
1584543941 1819
1584544153 1820
1584544402 1821
1584544908 1822
1584547426 1823
1584548330 1824
1584548445 1825
1584548994 1826
1584552256 1827
1584553192 1828
1584554057 1829
1584554826 1830
1584555053 1831
1584555817 1832
1584557544 1833
1584558627 1834
1584558724 1835
1584559186 1836
1584559456 1837
1584559526 1838
1584560624 1839
1584561196 1840
1584562554 1841
1584562987 1842
1584563172 1843
1584563644 1844
1584563691 1845
1584565028 1846
1584565405 1847
1584566371 1848
1584567177 1849
1584568495 1850
1584570380 1851
1584571226 1852
1584578348 1853
1584578845 1854
1584579271 1855
1584603667 1856
1584604036 1857
1584604469 1858
1584607740 1859
1584612873 1860
1584614702 1861
1584616339 1862
1584618923 1863
1584619030 1864
1584620707 1865
1584620996 1866
1584622863 1867
1584625355 1868
1584630607 1869
1584631991 1870
1584632885 1871
1584633994 1872
1584636600 1873
1584636858 1874
1584637159 1875
1584639441 1876
1584640741 1877
1584641040 1878
1584644573 1879
1584645527 1880
1584649964 1881
1584653809 1882
1584656110 1883
1584656499 1884
1584658546 1885
1584660096 1886
1584670147 1887
1584677227 1888
1584687656 1889
1584690136 1890
1584692267 1891
1584693849 1892
1584694018 1893
1584694425 1894
1584696987 1895
1584698314 1896
1584698690 1897
1584699077 1898
1584700442 1899
1584702105 1900
1584702278 1901
1584703510 1902
1584703810 1903
1584704184 1904
1584704650 1905
1584705429 1906
1584706296 1907
1584707866 1908
1584710739 1909
1584712099 1910
1584716945 1911
1584718199 1912
1584720083 1913
1584720838 1914
1584721897 1915
1584722315 1916
1584722978 1917
1584723403 1918
1584723771 1919
1584723799 1920
1584724486 1921
1584725420 1922
1584727860 1923
1584727960 1924
1584732857 1925
1584734243 1926
1584734344 1927
1584734704 1928
1584735101 1929
1584736301 1930
1584736744 1931
1584737966 1932
1584737972 1933
1584738023 1934
1584740330 1935
1584740400 1936
1584740682 1937
1584743929 1938
1584745107 1939
1584746236 1940
1584747353 1941
1584749313 1942
1584749771 1943
1584755096 1944
1584756654 1945
1584756675 1946
1584757668 1947
1584771988 1948
1584776215 1949
1584776360 1950
1584785020 1951
1584786444 1952
1584790755 1953
1584793983 1954
1584794520 1955
1584796003 1956
1584800258 1957
1584800351 1958
1584800485 1959
1584808466 1960
1584810580 1961
1584816006 1962
1584816530 1963
1584816715 1964
1584820419 1965
1584820638 1966
1584822807 1967
1584823233 1968
1584826291 1969
1584826700 1970
1584827001 1971
1584829731 1972
1584829988 1973
1584831484 1974
1584833133 1975
1584833292 1976
1584833711 1977
1584835338 1978
1584836185 1979
1584842394 1980
1584844297 1981
1584848947 1982
1584859364 1983
1584864825 1984
1584864858 1985
1584867378 1986
1584869616 1987
1584870156 1988
1584870476 1989
1584874411 1990
1584876458 1991
1584878907 1992
1584882275 1993
1584883291 1994
1584885004 1995
1584885828 1996
1584887480 1997
1584892537 1998
1584892582 1999
1584894447 2000
1584898106 2001
1584901804 2002
1584902064 2003
1584906437 2004
1584907450 2005
1584907891 2006
1584911090 2007
1584911108 2008
1584912895 2009
1584914530 2010
1584916381 2011
1584916972 2012
1584918155 2013
1584919668 2014
1584920397 2015
1584922415 2016
1584922910 2017
1584927024 2018
1584942277 2019
1584947455 2020
1584947476 2021
1584962174 2022
1584963313 2023
1584965033 2024
1584965227 2025
1584969000 2026
1584969036 2027
1584971706 2028
1584972873 2029
1584974040 2030
1584974126 2031
1584976460 2032
1584976533 2033
1584976807 2034
1584977452 2035
1584978015 2036
1584979589 2037
1584980297 2038
1584980772 2039
1584981484 2040
1584982934 2041
1584984735 2042
1584985383 2043
1584987113 2044
1584987935 2045
1584990539 2046
1584994701 2047
1584995707 2048
1584997043 2049
1584999386 2050
1585000496 2051
1585000939 2052
1585002202 2053
1585003050 2054
1585030438 2055
1585038916 2056
1585042190 2057
1585043303 2058
1585044668 2059
1585044738 2060
1585049243 2061
1585062493 2062
1585065861 2063
1585069332 2064
1585070050 2065
1585073473 2066
1585076131 2067
1585082818 2068
1585087377 2069
1585119539 2070
1585123565 2071
1585123787 2072
1585126202 2073
1585126539 2074
1585132908 2075
1585139712 2076
1585150674 2077
1585151330 2078
1585151754 2079
1585156434 2080
1585156497 2081
1585156664 2082
1585157991 2083
1585159248 2084
1585160325 2085
1585163221 2086
1585164365 2087
1585168749 2088
1585169363 2089
1585169819 2090
1585178033 2091
1585180771 2092
1585184143 2093
1585191549 2094
1585217953 2095
1585218593 2096
1585219537 2097
1585228728 2098
1585229842 2099
1585238066 2100
1585240672 2101
1585243652 2102
1585251319 2103
1585251319 2104
1585261803 2105
1585262332 2106
1585263851 2107
1585268345 2108
1585288515 2109
1585301109 2110
1585304706 2111
1585305658 2112
1585310549 2113
1585311433 2114
1585311899 2115
1585314085 2116
1585316504 2117
1585319094 2118
1585319159 2119
1585322469 2120
1585327192 2121
1585328026 2122
1585328490 2123
1585333771 2124
1585346148 2125
1585350976 2126
1585353990 2127
1585356207 2128
1585356371 2129
1585360524 2130
1585361662 2131
1585369988 2132
1585382707 2133
1585386805 2134
1585387998 2135
1585388193 2136
1585389750 2137
1585392523 2138
1585392618 2139
1585394792 2140
1585394884 2141
1585396836 2142
1585398129 2143
1585398427 2144
1585400478 2145
1585404098 2146
1585404557 2147
1585412626 2148
1585414574 2149
1585417603 2150
1585419974 2151
1585420272 2152
1585420291 2153
1585421386 2154
1585423320 2155
1585424064 2156
1585430555 2157
1585430645 2158
1585443960 2159
1585445651 2160
1585472433 2161
1585476346 2162
1585479210 2163
1585479263 2164
1585479332 2165
1585483132 2166
1585487616 2167
1585490235 2168
1585490932 2169
1585493515 2170
1585498217 2171
1585499064 2172
1585500286 2173
1585509737 2174
1585514615 2175
1585516106 2176
1585519706 2177
1585524810 2178
1585527163 2179
1585555288 2180
1585556713 2181
1585559913 2182
1585565813 2183
1585570161 2184
1585573744 2185
1585589129 2186
1585596575 2187
1585597177 2188
1585602471 2189
1585602970 2190
1585612585 2191
1585630900 2192
1585648520 2193
1585655891 2194
1585656637 2195
1585657363 2196
1585658180 2197
1585663394 2198
1585663771 2199
1585669104 2200
1585671581 2201
1585673758 2202
1585683070 2203
1585734524 2204
1585747126 2205
1585753528 2206
1585754670 2207
1585771679 2208
1585779285 2209
1585782160 2210
1585784845 2211
1585788319 2212
1585819439 2213
1585824580 2214
1585828269 2215
1585839586 2216
1585845237 2217
1585850566 2218
1585851896 2219
1585863545 2220
1585868544 2221
1585870417 2222
1585896732 2223
1585909362 2224
1585911361 2225
1585922674 2226
1585923276 2227
1585929679 2228
1585930158 2229
1585933597 2230
1585938272 2231
1585956132 2232
1585956148 2233
1585958224 2234
1585958903 2235
1585978559 2236
1585990855 2237
1586018401 2238
1586022561 2239
1586024419 2240
1586033963 2241
1586055536 2242
1586084722 2243
1586094239 2244
1586096921 2245
1586098273 2246
1586106175 2247
1586116282 2248
1586117364 2249
1586124149 2250
1586125852 2251
1586140078 2252
1586166331 2253
1586167324 2254
1586167525 2255
1586173488 2256
1586178654 2257
1586180464 2258
1586180827 2259
1586180969 2260
1586185203 2261
1586196788 2262
1586198448 2263
1586201201 2264
1586204953 2265
1586207756 2266
1586209225 2267
1586209803 2268
1586215370 2269
1586215990 2270
1586217136 2271
1586220876 2272
1586257436 2273
1586257636 2274
1586257793 2275
1586263293 2276
1586267032 2277
1586273011 2278
1586287352 2279
1586291159 2280
1586296495 2281
1586340034 2282
1586344691 2283
1586352309 2284
1586353198 2285
1586366562 2286
1586369200 2287
1586372256 2288
1586374570 2289
1586380714 2290
1586443351 2291
1586444161 2292
1586469718 2293
1586473546 2294
1586480270 2295
1586483090 2296
1586502196 2297
1586526174 2298
1586546792 2299
1586619429 2300
1586623787 2301
1586623848 2302
1586627751 2303
1586628030 2304
1586653267 2305
1586654915 2306
1586688618 2307
1586688908 2308
1586695295 2309
1586696313 2310
1586707820 2311
1586707993 2312
1586711928 2313
1586720951 2314
1586742804 2315
1586768656 2316
1586774139 2317
1586776882 2318
1586808336 2319
1586808458 2320
1586809248 2321
1586809543 2322
1586810787 2323
1586811360 2324
1586812405 2325
1586813743 2326
1586814080 2327
1586814428 2328
1586815525 2329
1586817822 2330
1586819093 2331
1586820709 2332
1586822306 2333
1586822802 2334
1586827138 2335
1586827865 2336
1586861284 2337
1586869759 2338
1586870050 2339
1586872137 2340
1586886578 2341
1586891379 2342
1586893337 2343
1586904795 2344
1586947331 2345
1586950857 2346
1586958467 2347
1586977822 2348
1586979899 2349
1586987719 2350
1587029238 2351
1587059746 2352
1587073381 2353
1587080119 2354
1587136721 2355
1587138812 2356
1587139400 2357
1587140673 2358
1587140774 2359
1587149305 2360
1587168594 2361
1587175508 2362
1587200619 2363
1587208834 2364
1587210213 2365
1587220757 2366
1587223103 2367
1587235686 2368
1587235704 2369
1587239610 2370
1587254262 2371
1587261679 2372
1587299017 2373
1587306140 2374
1587320496 2375
1587320779 2376
1587324792 2377
1587339383 2378
1587344879 2379
1587397051 2380
1587402510 2381
1587403093 2382
1587461283 2383
1587471890 2384
1587495926 2385
1587498763 2386
1587499959 2387
1587511870 2388
1587539243 2389
1587549267 2390
1587570243 2391
1587592012 2392
1587595194 2393
1587644363 2394
1587645366 2395
1587647615 2396
1587724929 2397
1587726321 2398
1587729615 2399
1587742326 2400
1587762593 2401
1587819968 2402
1587838120 2403
1587846345 2404
1587856384 2405
1587857274 2406
1587859442 2407
1587860616 2408
1587891002 2409
1587913492 2410
1587933119 2411
1587945481 2412
1588015992 2413
1588086561 2414
1588089493 2415
1588090888 2416
1588093201 2417
1588113491 2418
1588149741 2419
1588163866 2420
1588181489 2421
1588196144 2422
1588236411 2423
1588245006 2424
1588245247 2425
1588258162 2426
1588274752 2427
1588281474 2428
1588290785 2429
1588335402 2430
1588348232 2431
1588353601 2432
1588422315 2433
1588443322 2434
1588508906 2435
1588510780 2436
1588553946 2437
1588678574 2438
1588711572 2439
1588714176 2440
1588756707 2441
1588764674 2442
1588765228 2443
1588800382 2444
1588868510 2445
1588868688 2446
1588873336 2447
1588945360 2448
1588960193 2449
1588964238 2450
1589031904 2451
1589046370 2452
1589052771 2453
1589054435 2454
1589122640 2455
1589142107 2456
1589147525 2457
1589151966 2458
1589158220 2459
1589185295 2460
1589196756 2461
1589199978 2462
1589202262 2463
1589240803 2464
1589279565 2465
1589283745 2466
1589289898 2467
1589300676 2468
1589315651 2469
1589466719 2470
1589712998 2471
1589717842 2472
1589797025 2473
1589815205 2474
1589838154 2475
1589888721 2476
1590000499 2477
1590056110 2478
1590060606 2479
1590174302 2480
1590311890 2481
1590317795 2482
1590320194 2483
1590364234 2484
1590392359 2485
1590434559 2486
1590488619 2487
1590528518 2488
1590589297 2489
1590674666 2490
1590685472 2491
1590687762 2492
1590687933 2493
1590761553 2494
1590782132 2495
1590844281 2496
1590976337 2497
1591042554 2498
1591230086 2499
1591271783 2500
1591966267 2501
1592331989 2502
1592485322 2503
1592837643 2504
1592898386 2505
1593015879 2506
1593017013 2507
1593038373 2508
1593090633 2509
1593128449 2510
1593215394 2511
1593447713 2512
1593459816 2513
1593605710 2514
1594024819 2515
1594144217 2516
1594285384 2517
1594303365 2518
1594632323 2519
1594723510 2520
1594821611 2521
1595090195 2522
1595148222 2523
1595262121 2524
1595513781 2525
1595537065 2526
1595584791 2527
1595638088 2528
1595669522 2529
1595680752 2530
1595843992 2531
1595886709 2532
1595893651 2533
1595943850 2534
1596069774 2535
1596131843 2536
1596145097 2537
1596464543 2538
1596530671 2539
1596598872 2540
1596747183 2541
1596754699 2542
1596912584 2543
1596977015 2544
1597007931 2545
1597020246 2546
1597082767 2547
1597153938 2548
1597170712 2549
1597173858 2550
1597236518 2551
1597434161 2552
1597515885 2553
1597516596 2554
1597571362 2555
1597587812 2556
1597671212 2557
1597685005 2558
1597688266 2559
1597846742 2560
1597876840 2561
1597917450 2562
1598000591 2563
1598121994 2564
1598125472 2565
1598197407 2566
1598216779 2567
1598277714 2568
1598282805 2569
1598348282 2570
1598390567 2571
1598527931 2572
1598535366 2573
1598555073 2574
1598564729 2575
1598620262 2576
1598622164 2577
1598644967 2578
1598746945 2579
1598799027 2580
1598802393 2581
1598807934 2582
1598817549 2583
1598869391 2584
1598870265 2585
1598957261 2586
1598957978 2587
1598963997 2588
1598973812 2589
1598993028 2590
1599002780 2591
1599039249 2592
1599072602 2593
1599177289 2594
1599209826 2595
1599403183 2596
1599431442 2597
1599523296 2598
1599567535 2599
1599567721 2600
1599644533 2601
1599660548 2602
1599738169 2603
1599741671 2604
1599767348 2605
1599820694 2606
1599848698 2607
1599855621 2608
1599946100 2609
1600070298 2610
1600092539 2611
1600102759 2612
1600127038 2613
1600161383 2614
1600390943 2615
1600452959 2616
1600499517 2617
1600547248 2618
1600683145 2619
1600810301 2620
1600858594 2621
1600898846 2622
1600905178 2623
1600953505 2624
1600979095 2625
1601032705 2626
1601039818 2627
1601051821 2628
1601107230 2629
1601112171 2630
1601116139 2631
1601118883 2632
1601119923 2633
1601192717 2634
1601288127 2635
1601288299 2636
1601329392 2637
1601336806 2638
1601463061 2639
1601482767 2640
1601548466 2641
1601622750 2642
1601833467 2643
1601889740 2644
1601898737 2645
1601919560 2646
1601939179 2647
1602006048 2648
1602105082 2649
1602160645 2650
1602407235 2651
1602439875 2652
1602518523 2653
1602543174 2654
1602576336 2655
1602582762 2656
1602586810 2657
1602629684 2658
1602669909 2659
1602682622 2660
1602706150 2661
1602706473 2662
1602706704 2663
1602709270 2664
1602758110 2665
1602777054 2666
1602781955 2667
1602786163 2668
1602846289 2669
1602851214 2670
1602864258 2671
1602948416 2672
1602968630 2673
1602971213 2674
1603019592 2675
1603020178 2676
1603024307 2677
1603125347 2678
1603194993 2679
1603195410 2680
1603223195 2681
1603232164 2682
1603235787 2683
1603288843 2684
1603291795 2685
1603392641 2686
1603441046 2687
1603458706 2688
1603477602 2689
1603482585 2690
1603494994 2691
1603615667 2692
1603655884 2693
1603658475 2694
1603661126 2695
1603664813 2696
1603672681 2697
1603716410 2698
1603731920 2699
1603735882 2700
1603739185 2701
1603742157 2702
1603790132 2703
1603795782 2704
1603796351 2705
1603798845 2706
1603809948 2707
1603817813 2708
1603819740 2709
1603825136 2710
1603834167 2711
1603834629 2712
1603840470 2713
1603845303 2714
1603876826 2715
1603881887 2716
1603885493 2717
1603895751 2718
1603899756 2719
1603900258 2720
1603914332 2721
1603915990 2722
1603917077 2723
1603917216 2724
1603917505 2725
1603917910 2726
1603918584 2727
1603918717 2728
1603919379 2729
1603928213 2730
1603935241 2731
1603955291 2732
1603968950 2733
1603971522 2734
1603980285 2735
1603980508 2736
1603983029 2737
1603992859 2738
1603995672 2739
1603997559 2740
1604002038 2741
1604021890 2742
1604050231 2743
1604052623 2744
1604054647 2745
1604093153 2746
1604102931 2747
1604122623 2748
1604139937 2749
1604142460 2750
1604164219 2751
1604168501 2752
1604186922 2753
1604188604 2754
1604239245 2755
1604239885 2756
1604241108 2757
1604268054 2758
1604276005 2759
1604304105 2760
1604338050 2761
1604342677 2762
1604344602 2763
1604349184 2764
1604433116 2765
1604486999 2766
1604593210 2767
1604600833 2768
1604601222 2769
1604677870 2770
1604744820 2771
1604871323 2772
1605036863 2773
1605092315 2774
1605092599 2775
1605123139 2776
1605194372 2777
1605203334 2778
1605221989 2779
1605273318 2780
1605279487 2781
1605318885 2782
1605347688 2783
1605384448 2784
1605397875 2785
1605406033 2786
1605516390 2787
1605568715 2788
1605650061 2789
1605725338 2790
1605727891 2791
1605727985 2792
1605805465 2793
1605823316 2794
1605989645 2795
1606311563 2796
1606514217 2797
1606729292 2798
1606742238 2799
1606754385 2800
1606764805 2801
1606857708 2802
1606915356 2803
1606991375 2804
1606992344 2805
1607070348 2806
1607109632 2807
1607166479 2808
1607340137 2809
1607373717 2810
1607395665 2811
1607432368 2812
1607455806 2813
1607562412 2814
1607612790 2815
1607678627 2816
1607679965 2817
1607853315 2818
1607931346 2819
1607978991 2820
1608032983 2821
1608033312 2822
1608150727 2823
1608234434 2824
1608323258 2825
1608466818 2826
1608471114 2827
1608504240 2828
1608554368 2829
1608768442 2830
1608821161 2831
1608912048 2832
1609062175 2833
1609087530 2834
1609172427 2835
1609274713 2836
1609422200 2837
1609449216 2838
1609520812 2839
1609530183 2840
1609585492 2841
1609603871 2842
1609607910 2843
1609616820 2844
1609617098 2845
1609619072 2846
1609717855 2847
1609750247 2848
1609760651 2849
1609788707 2850
1609802176 2851
1609840567 2852
1609842508 2853
1609919236 2854
1609935225 2855
1610018327 2856
1610036836 2857
1610180768 2858
1610277207 2859
1610302473 2860
1610362316 2861
1610462249 2862
1610464275 2863
1610485024 2864
1610488952 2865
1610528317 2866
1610531330 2867
1610551950 2868
1610563671 2869
1610619053 2870
1610728170 2871
1610737466 2872
1610820418 2873
1610829879 2874
1611105530 2875
1611143269 2876
1611171025 2877
1611222651 2878
1611272917 2879
1611331601 2880
1611338689 2881
1611399483 2882
1611488032 2883
1611513450 2884
1611523359 2885
1611571435 2886
1611614786 2887
