1579611316 1
1579611555 2
1579613366 3
1579617811 4
1579621979 5
1579622150 6
1579627499 7
1579629367 8
1579630675 9
1579630765 10
1579631666 11
1579636944 12
1579639995 13
1579640280 14
1579640775 15
1579646008 16
1579678473 17
1579693339 18
1579724250 19
1579727123 20
1579727177 21
1579727975 22
1579730378 23
1579730809 24
1579733220 25
1579734009 26
1579734215 27
1579734792 28
1579735590 29
1579737627 30
1579738363 31
1579740900 32
1579742068 33
1579760592 34
1579772175 35
1579775467 36
1579776449 37
1579777951 38
1579778672 39
1579778830 40
1579784057 41
1579784270 42
1579784502 43
1579787783 44
1579791432 45
1579792908 46
1579792912 47
1579793285 48
1579793640 49
1579793677 50
1579802143 51
1579805056 52
1579806529 53
1579811179 54
1579821659 55
1579822944 56
1579823091 57
1579826431 58
1579827367 59
1579840018 60
1579844499 61
1579849146 62
1579849340 63
1579852403 64
1579853947 65
1579854262 66
1579858552 67
1579858590 68
1579858604 69
1579861015 70
1579861671 71
1579863724 72
1579870016 73
1579870844 74
1579871363 75
1579872263 76
1579873194 77
1579874713 78
1579875857 79
1579877603 80
1579880211 81
1579880806 82
1579885751 83
1579886544 84
1579886746 85
1579887026 86
1579887245 87
1579888707 88
1579890751 89
1579892037 90
1579897192 91
1579897615 92
1579897628 93
1579898020 94
1579898093 95
1579898104 96
1579898295 97
1579898366 98
1579899120 99
1579899597 100
1579899783 101
1579899824 102
1579900037 103
1579900093 104
1579900136 105
1579900290 106
1579900351 107
1579900500 108
1579900515 109
1579900888 110
1579901083 111
1579901210 112
1579901630 113
1579901787 114
1579901886 115
1579901916 116
1579902344 117
1579903110 118
1579904004 119
1579904013 120
1579904655 121
1579904674 122
1579904963 123
1579905912 124
1579906049 125
1579906055 126
1579906227 127
1579906351 128
1579906556 129
1579906859 130
1579906939 131
1579906979 132
1579907338 133
1579908229 134
1579908293 135
1579908329 136
1579908840 137
1579909219 138
1579911342 139
1579915186 140
1579915723 141
1579916416 142
1579917298 143
1579917630 144
1579919733 145
1579920712 146
1579922026 147
1579924938 148
1579934676 149
1579938071 150
1579938750 151
1579939400 152
1579940047 153
1579943548 154
1579943708 155
1579943871 156
1579944323 157
1579944902 158
1579946835 159
1579947236 160
1579947909 161
1579949445 162
1579949468 163
1579949652 164
1579949677 165
1579950448 166
1579950615 167
1579951014 168
1579951945 169
1579953209 170
1579956895 171
1579957886 172
1579957910 173
1579958003 174
1579958330 175
1579961352 176
1579961635 177
1579962300 178
1579962525 179
1579962557 180
1579964705 181
1579966349 182
1579966383 183
1579967323 184
1579967349 185
1579968270 186
1579969765 187
1579972703 188
1579972896 189
1579973982 190
1579975431 191
1579975776 192
1579976055 193
1579976177 194
1579976762 195
1579977121 196
1579978580 197
1579979761 198
1579979940 199
1579982056 200
1579982100 201
1579984623 202
1579986219 203
1579987781 204
1579990366 205
1579995294 206
1579999312 207
1580021099 208
1580023491 209
1580025385 210
1580032617 211
1580032644 212
1580034093 213
1580036233 214
1580036556 215
1580037245 216
1580039617 217
1580039816 218
1580040653 219
1580041049 220
1580041576 221
1580044253 222
1580056459 223
1580063156 224
1580065990 225
1580069107 226
1580072563 227
1580073364 228
1580077054 229
1580077921 230
1580078790 231
1580079026 232
1580081552 233
1580082532 234
1580109046 235
1580116947 236
1580118638 237
1580119156 238
1580121793 239
1580122138 240
1580129294 241
1580129688 242
1580130647 243
1580133359 244
1580134245 245
1580135310 246
1580135506 247
1580135682 248
1580137293 249
1580139983 250
1580140796 251
1580141917 252
1580142357 253
1580143850 254
1580145999 255
1580147519 256
1580148839 257
1580149825 258
1580149929 259
1580149994 260
1580150937 261
1580152565 262
1580153583 263
1580157337 264
1580157604 265
1580162604 266
1580163235 267
1580163355 268
1580179150 269
1580180392 270
1580186044 271
1580200461 272
1580204608 273
1580205290 274
1580208217 275
1580208891 276
1580209087 277
1580209441 278
1580209664 279
1580209714 280
1580210960 281
1580214064 282
1580214642 283
1580214715 284
1580215430 285
1580218095 286
1580218312 287
1580233880 288
1580234905 289
1580237499 290
1580239491 291
1580239614 292
1580239642 293
1580240823 294
1580242009 295
1580242271 296
1580244435 297
1580246007 298
1580250782 299
1580252123 300
1580263337 301
1580266899 302
1580281426 303
1580286821 304
1580289227 305
1580291450 306
1580291926 307
1580292256 308
1580293317 309
1580293461 310
1580294692 311
1580295949 312
1580297046 313
1580304197 314
1580305313 315
1580308050 316
1580309486 317
1580314182 318
1580328596 319
1580329136 320
1580333196 321
1580334924 322
1580341579 323
1580352894 324
1580361242 325
1580372528 326
1580378199 327
1580378646 328
1580379102 329
1580380689 330
1580381070 331
1580381504 332
1580383871 333
1580386391 334
1580389339 335
1580390124 336
1580393334 337
1580396988 338
1580397439 339
1580404348 340
1580418110 341
1580418279 342
1580419059 343
1580420960 344
1580425672 345
1580460065 346
1580461280 347
1580464664 348
1580468550 349
1580472399 350
1580473279 351
1580474163 352
1580477055 353
1580478927 354
1580484853 355
1580487904 356
1580494200 357
1580495775 358
1580495851 359
1580497424 360
1580503648 361
1580503712 362
1580505690 363
1580518207 364
1580545588 365
1580546975 366
1580547601 367
1580549272 368
1580554637 369
1580555486 370
1580559931 371
1580563178 372
1580571642 373
1580596569 374
1580597746 375
1580602005 376
1580611880 377
1580615662 378
1580641210 379
1580641805 380
1580645299 381
1580647089 382
1580654725 383
1580655562 384
1580659674 385
1580673381 386
1580682687 387
1580684741 388
1580699492 389
1580716630 390
1580721735 391
1580724385 392
1580728884 393
1580740545 394
1580740922 395
1580744082 396
1580748471 397
1580762786 398
1580763051 399
1580768440 400
1580772379 401
1580802759 402
1580819234 403
1580825801 404
1580836548 405
1580837864 406
1580843552 407
1580858244 408
1580866186 409
1580889641 410
1580905759 411
1580913537 412
1580916749 413
1580920567 414
1580921681 415
1580921851 416
1580927084 417
1580936329 418
1580978260 419
1580986937 420
1581010663 421
1581061851 422
1581070613 423
1581072844 424
1581074277 425
1581086123 426
1581094415 427
1581098706 428
1581118315 429
1581157548 430
1581158479 431
1581159381 432
1581159953 433
1581161411 434
1581162629 435
1581172511 436
1581176407 437
1581177359 438
1581181207 439
1581183489 440
1581187306 441
1581188385 442
1581193042 443
1581195345 444
1581324821 445
1581331161 446
1581331394 447
1581334312 448
1581339543 449
1581357967 450
1581370515 451
1581412981 452
1581414559 453
1581419656 454
1581428997 455
1581429752 456
1581435264 457
1581442081 458
1581445993 459
1581449554 460
1581450308 461
1581496171 462
1581509957 463
1581513139 464
1581546660 465
1581581725 466
1581582731 467
1581585241 468
1581585824 469
1581594387 470
1581610854 471
1581612353 472
1581635783 473
1581646190 474
1581679386 475
1581770395 476
1581771472 477
1581798034 478
1581884638 479
1581924361 480
1581943066 481
1581953185 482
1581983608 483
1581998295 484
1582116561 485
1582141950 486
1582220672 487
1582272984 488
1582282745 489
1582284629 490
1582326576 491
1582377942 492
1582385296 493
1582390772 494
1582391951 495
1582396817 496
1582402425 497
1582410431 498
1582420665 499
1582423902 500
1582456071 501
1582457845 502
1582461884 503
1582463236 504
1582482830 505
1582483015 506
1582497493 507
1582497549 508
1582535958 509
1582537820 510
1582541025 511
1582541375 512
1582544318 513
1582546289 514
1582547431 515
1582549050 516
1582549138 517
1582549914 518
1582554319 519
1582555618 520
1582555659 521
1582555762 522
1582558310 523
1582558442 524
1582559505 525
1582561004 526
1582561573 527
1582561978 528
1582562195 529
1582562717 530
1582563983 531
1582565270 532
1582565759 533
1582568627 534
1582571134 535
1582573286 536
1582573993 537
1582575979 538
1582581666 539
1582598944 540
1582614333 541
1582615975 542
1582620595 543
1582622443 544
1582627726 545
1582628613 546
1582629053 547
1582630446 548
1582630853 549
1582631966 550
1582633462 551
1582638628 552
1582638763 553
1582640340 554
1582641162 555
1582642459 556
1582643188 557
1582645706 558
1582646299 559
1582648592 560
1582650461 561
1582651225 562
1582655012 563
1582655306 564
1582655367 565
1582659266 566
1582659301 567
1582662828 568
1582665550 569
1582666546 570
1582668436 571
1582673226 572
1582673343 573
1582702480 574
1582712684 575
1582714369 576
1582715238 577
1582715729 578
1582716039 579
1582717298 580
1582720744 581
1582722355 582
1582724283 583
1582724605 584
1582725429 585
1582728811 586
1582730322 587
1582732492 588
1582732619 589
1582732714 590
1582733528 591
1582734922 592
1582735067 593
1582735408 594
1582735601 595
1582736182 596
1582737595 597
1582738899 598
1582739226 599
1582740609 600
1582744299 601
1582745431 602
1582747271 603
1582752458 604
1582753999 605
1582754587 606
1582754765 607
1582755496 608
1582781146 609
1582785858 610
1582786046 611
1582795284 612
1582797060 613
1582797451 614
1582797889 615
1582799164 616
1582801259 617
1582802861 618
1582803516 619
1582805661 620
1582806431 621
1582809112 622
1582809645 623
1582810821 624
1582811578 625
1582811752 626
1582818178 627
1582822971 628
1582826009 629
1582827871 630
1582833326 631
1582836786 632
1582837282 633
1582838314 634
1582838841 635
1582839768 636
1582841199 637
1582841279 638
1582842132 639
1582843507 640
1582843895 641
1582846870 642
1582847664 643
1582849603 644
1582851554 645
1582854281 646
1582870865 647
1582872089 648
1582873197 649
1582876968 650
1582879735 651
1582880484 652
1582880893 653
1582882183 654
1582882889 655
1582883645 656
1582883970 657
1582884112 658
1582886279 659
1582886664 660
1582887068 661
1582888323 662
1582888836 663
1582889001 664
1582890578 665
1582891735 666
1582893249 667
1582894109 668
1582897018 669
1582899158 670
1582899172 671
1582900772 672
1582901583 673
1582901972 674
1582902555 675
1582903999 676
1582906321 677
1582909276 678
1582911754 679
1582912062 680
1582913556 681
1582918759 682
1582918892 683
1582919023 684
1582919717 685
1582920244 686
1582922689 687
1582923317 688
1582923575 689
1582923783 690
1582928171 691
1582931983 692
1582933156 693
1582935651 694
1582939292 695
1582957039 696
1582959634 697
1582960509 698
1582962218 699
1582962507 700
1582967196 701
1582973475 702
1582974341 703
1582976265 704
1582976268 705
1582978340 706
1582986017 707
1582986686 708
1582987636 709
1582990379 710
1582990926 711
1582992395 712
1582992628 713
1582993180 714
1582994276 715
1582998494 716
1582999938 717
1583000348 718
1583000756 719
1583002524 720
1583005014 721
1583005185 722
1583005572 723
1583006131 724
1583006155 725
1583006481 726
1583010269 727
1583010636 728
1583010946 729
1583011724 730
1583013290 731
1583013644 732
1583015969 733
1583017232 734
1583018787 735
1583021646 736
1583044078 737
1583049042 738
1583058550 739
1583061724 740
1583062578 741
1583065191 742
1583072042 743
1583074110 744
1583077462 745
1583080027 746
1583082260 747
1583083304 748
1583084335 749
1583085795 750
1583087673 751
1583089711 752
1583090422 753
1583090849 754
1583091164 755
1583091777 756
1583091915 757
1583093498 758
1583093790 759
1583093841 760
1583095000 761
1583100276 762
1583100396 763
1583101696 764
1583102192 765
1583103340 766
1583105552 767
1583108849 768
1583115640 769
1583131695 770
1583132180 771
1583132608 772
1583136924 773
1583142250 774
1583143847 775
1583148676 776
1583148926 777
1583151672 778
1583151695 779
1583151823 780
1583153334 781
1583154010 782
1583155665 783
1583155695 784
1583156047 785
1583157797 786
1583158490 787
1583159875 788
1583160067 789
1583162859 790
1583164380 791
1583165324 792
1583166187 793
1583167820 794
1583168212 795
1583168388 796
1583168876 797
1583170301 798
1583170607 799
1583170657 800
1583176121 801
1583176819 802
1583181768 803
1583184677 804
1583184726 805
1583184797 806
1583185240 807
1583186026 808
1583186484 809
1583186961 810
1583187874 811
1583189093 812
1583190945 813
1583193331 814
1583193843 815
1583196207 816
1583198653 817
1583220371 818
1583226444 819
1583228639 820
1583233159 821
1583235269 822
1583238361 823
1583238806 824
1583239491 825
1583239723 826
1583240739 827
1583241226 828
1583244336 829
1583246002 830
1583246336 831
1583247714 832
1583249219 833
1583249276 834
1583254819 835
1583255173 836
1583257851 837
1583260664 838
1583261701 839
1583265172 840
1583265571 841
1583265761 842
1583266056 843
1583266872 844
1583268079 845
1583269982 846
1583271259 847
1583271873 848
1583278055 849
1583279920 850
1583306960 851
1583307812 852
1583312153 853
1583316804 854
1583317287 855
1583317526 856
1583322666 857
1583323546 858
1583324701 859
1583326008 860
1583326796 861
1583326851 862
1583329707 863
1583329766 864
1583332387 865
1583333553 866
1583333785 867
1583335222 868
1583335783 869
1583337199 870
1583337975 871
1583338335 872
1583344069 873
1583346646 874
1583347076 875
1583348858 876
1583350184 877
1583352957 878
1583353853 879
1583359476 880
1583359624 881
1583364588 882
1583372542 883
1583380549 884
1583387023 885
1583390165 886
1583391427 887
1583396050 888
1583397004 889
1583398157 890
1583398264 891
1583399990 892
1583402131 893
1583404628 894
1583404933 895
1583405206 896
1583405779 897
1583407969 898
1583410520 899
1583410746 900
1583411088 901
1583413297 902
1583413520 903
1583415867 904
1583417396 905
1583420357 906
1583421541 907
1583423911 908
1583425391 909
1583426054 910
1583426515 911
1583428076 912
1583431629 913
1583432622 914
1583432997 915
1583434109 916
1583437042 917
1583437268 918
1583437934 919
1583438645 920
1583439390 921
1583440606 922
1583442074 923
1583444599 924
1583444894 925
1583446175 926
1583448634 927
1583451252 928
1583455362 929
1583456117 930
1583460415 931
1583481795 932
1583482837 933
1583486516 934
1583487723 935
1583487750 936
1583488161 937
1583489104 938
1583489620 939
1583490809 940
1583491793 941
1583493356 942
1583494195 943
1583498447 944
1583500372 945
1583502357 946
1583502776 947
1583502942 948
1583503109 949
1583504046 950
1583504220 951
1583506390 952
1583506817 953
1583507778 954
1583507851 955
1583508542 956
1583512801 957
1583516683 958
1583518309 959
1583521633 960
1583523014 961
1583523508 962
1583525044 963
1583525210 964
1583526375 965
1583531166 966
1583533921 967
1583538214 968
1583539557 969
1583543124 970
1583548163 971
1583570868 972
1583572314 973
1583572469 974
1583574314 975
1583580628 976
1583584152 977
1583584677 978
1583587384 979
1583589852 980
1583594211 981
1583596315 982
1583599326 983
1583601605 984
1583604168 985
1583608959 986
1583609464 987
1583611726 988
1583613775 989
1583614769 990
1583614870 991
1583615655 992
1583616071 993
1583619428 994
1583625565 995
1583625739 996
1583633920 997
1583637915 998
1583638146 999
1583646243 1000
1583655198 1001
1583660557 1002
1583662122 1003
1583663416 1004
1583667935 1005
1583669007 1006
1583670517 1007
1583672828 1008
1583673059 1009
1583673226 1010
1583675607 1011
1583679377 1012
1583680251 1013
1583680914 1014
1583684085 1015
1583685229 1016
1583690335 1017
1583692576 1018
1583694339 1019
1583696359 1020
1583696780 1021
1583699910 1022
1583700177 1023
1583703376 1024
1583706195 1025
1583706383 1026
1583706602 1027
1583709824 1028
1583711113 1029
1583713283 1030
1583715360 1031
1583724944 1032
1583734573 1033
1583737708 1034
1583744677 1035
1583744788 1036
1583745880 1037
1583746584 1038
1583755915 1039
1583757348 1040
1583757420 1041
1583761852 1042
1583762414 1043
1583763398 1044
1583763567 1045
1583767396 1046
1583768343 1047
1583768722 1048
1583770805 1049
1583771803 1050
1583771869 1051
1583772231 1052
1583772333 1053
1583772465 1054
1583776537 1055
1583778825 1056
1583782810 1057
1583782888 1058
1583784344 1059
1583785090 1060
1583785928 1061
1583786999 1062
1583787396 1063
1583790111 1064
1583790496 1065
1583791485 1066
1583794288 1067
1583795516 1068
1583799918 1069
1583800180 1070
1583800460 1071
1583801264 1072
1583816476 1073
1583826500 1074
1583827615 1075
1583832091 1076
1583832986 1077
1583834461 1078
1583836407 1079
1583839480 1080
1583839881 1081
1583840635 1082
1583841059 1083
1583842421 1084
1583843509 1085
1583844807 1086
1583844963 1087
1583847478 1088
1583848213 1089
1583849807 1090
1583853754 1091
1583855305 1092
1583855713 1093
1583859888 1094
1583863946 1095
1583865779 1096
1583866945 1097
1583870780 1098
1583871684 1099
1583898259 1100
1583911358 1101
1583912331 1102
1583912883 1103
1583913184 1104
1583916382 1105
1583918962 1106
1583920638 1107
1583922046 1108
1583931353 1109
1583933197 1110
1583934954 1111
1583937801 1112
1583940791 1113
1583941386 1114
1583945865 1115
1583947908 1116
1583949421 1117
1583949647 1118
1583951652 1119
1583952568 1120
1583953323 1121
1583954390 1122
1583954753 1123
1583957008 1124
1583958576 1125
1583961415 1126
1583961419 1127
1583961950 1128
1583963329 1129
1583963615 1130
1583964215 1131
1583965735 1132
1583968352 1133
1583969483 1134
1583969544 1135
1583970080 1136
1583971804 1137
1583973557 1138
1583974878 1139
1583976073 1140
1583980767 1141
1583980807 1142
1583988858 1143
1583989126 1144
1583992428 1145
1583998732 1146
1584000090 1147
1584000892 1148
1584001484 1149
1584003074 1150
1584003794 1151
1584007557 1152
1584007776 1153
1584008348 1154
1584009266 1155
1584009297 1156
1584009316 1157
1584009865 1158
1584011401 1159
1584012897 1160
1584013359 1161
1584013582 1162
1584014076 1163
1584017842 1164
1584019384 1165
1584020001 1166
1584021612 1167
1584022009 1168
1584022269 1169
1584024031 1170
1584025706 1171
1584025998 1172
1584029582 1173
1584030426 1174
1584030778 1175
1584033341 1176
1584033602 1177
1584035120 1178
1584036545 1179
1584039510 1180
1584039668 1181
1584040451 1182
1584041336 1183
1584042253 1184
1584042361 1185
1584042823 1186
1584043275 1187
1584043316 1188
1584043330 1189
1584043351 1190
1584043367 1191
1584043391 1192
1584043427 1193
1584043476 1194
1584043515 1195
1584043631 1196
1584043646 1197
1584043738 1198
1584043765 1199
1584043816 1200
1584044318 1201
1584044373 1202
1584044405 1203
1584044722 1204
1584044814 1205
1584044872 1206
1584045196 1207
1584045216 1208
1584045454 1209
1584045733 1210
1584047255 1211
1584047733 1212
1584047857 1213
1584047957 1214
1584048272 1215
1584048799 1216
1584048984 1217
1584049489 1218
1584049823 1219
1584050059 1220
1584050165 1221
1584050949 1222
1584051150 1223
1584051350 1224
1584052701 1225
1584052927 1226
1584053131 1227
1584054807 1228
1584055601 1229
1584055645 1230
1584056053 1231
1584057057 1232
1584057757 1233
1584058901 1234
1584059485 1235
1584059849 1236
1584060080 1237
1584071834 1238
1584075439 1239
1584079510 1240
1584079568 1241
1584080401 1242
1584081554 1243
1584082531 1244
1584083341 1245
1584087096 1246
1584088091 1247
1584088150 1248
1584090231 1249
1584091257 1250
1584092550 1251
1584093655 1252
1584094450 1253
1584095317 1254
1584096938 1255
1584098998 1256
1584100275 1257
1584101767 1258
1584102150 1259
1584102553 1260
1584104796 1261
1584105279 1262
1584106094 1263
1584106438 1264
1584106816 1265
1584107665 1266
1584109653 1267
1584110896 1268
1584111891 1269
1584114441 1270
1584114458 1271
1584114937 1272
1584118451 1273
1584119351 1274
1584120803 1275
1584122433 1276
1584122583 1277
1584125525 1278
1584125721 1279
1584125944 1280
1584126229 1281
1584127174 1282
1584127716 1283
1584128617 1284
1584129430 1285
1584131970 1286
1584132939 1287
1584133610 1288
1584135937 1289
1584136241 1290
1584136491 1291
1584136753 1292
1584137422 1293
1584137585 1294
1584137812 1295
1584137986 1296
1584138104 1297
1584139102 1298
1584140004 1299
1584141095 1300
1584145853 1301
1584147330 1302
1584149891 1303
1584166434 1304
1584176087 1305
1584177771 1306
1584179949 1307
1584181088 1308
1584181360 1309
1584181985 1310
1584183437 1311
1584184029 1312
1584184613 1313
1584186496 1314
1584186875 1315
1584187272 1316
1584189358 1317
1584189688 1318
1584190967 1319
1584192993 1320
1584193804 1321
1584194806 1322
1584196516 1323
1584196519 1324
1584196982 1325
1584197030 1326
1584198538 1327
1584201100 1328
1584201823 1329
1584202937 1330
1584203493 1331
1584207487 1332
1584209232 1333
1584209496 1334
1584209943 1335
1584212096 1336
1584213881 1337
1584214174 1338
1584214618 1339
1584215222 1340
1584215272 1341
1584215574 1342
1584215953 1343
1584216016 1344
1584216111 1345
1584217017 1346
1584217074 1347
1584217468 1348
1584217510 1349
1584217584 1350
1584217661 1351
1584217728 1352
1584217938 1353
1584218130 1354
1584218398 1355
1584218437 1356
1584218609 1357
1584218747 1358
1584218752 1359
1584218757 1360
1584218921 1361
1584218926 1362
1584219054 1363
1584219306 1364
1584219923 1365
1584220291 1366
1584220401 1367
1584220750 1368
1584220857 1369
1584220896 1370
1584221080 1371
1584221491 1372
1584221565 1373
1584221656 1374
1584221664 1375
1584221734 1376
1584222221 1377
1584222342 1378
1584222407 1379
1584223121 1380
1584223446 1381
1584223522 1382
1584223806 1383
1584224552 1384
1584224728 1385
1584225157 1386
1584225463 1387
1584225948 1388
1584226030 1389
1584226387 1390
1584226730 1391
1584227310 1392
1584228224 1393
1584228448 1394
1584228655 1395
1584228709 1396
1584228762 1397
1584230471 1398
1584230508 1399
1584230633 1400
1584231105 1401
1584231127 1402
1584231836 1403
1584232760 1404
1584233485 1405
1584233602 1406
1584234405 1407
1584235319 1408
1584235329 1409
1584235456 1410
1584235846 1411
1584236160 1412
1584237774 1413
1584252017 1414
1584254250 1415
1584256800 1416
1584258453 1417
1584259587 1418
1584259794 1419
1584259941 1420
1584261510 1421
1584261600 1422
1584261735 1423
1584263044 1424
1584263125 1425
1584263314 1426
1584263727 1427
1584265334 1428
1584266719 1429
1584267366 1430
1584268067 1431
1584268285 1432
1584268451 1433
1584268453 1434
1584269354 1435
1584271431 1436
1584271621 1437
1584271870 1438
1584271991 1439
1584272080 1440
1584272379 1441
1584272453 1442
1584273427 1443
1584273705 1444
1584273731 1445
1584273797 1446
1584273824 1447
1584274228 1448
1584275060 1449
1584275106 1450
1584275526 1451
1584276423 1452
1584277364 1453
1584279118 1454
1584280143 1455
1584280207 1456
1584280658 1457
1584281015 1458
1584282583 1459
1584282818 1460
1584283191 1461
1584284060 1462
1584284093 1463
1584285493 1464
1584286721 1465
1584287018 1466
1584287107 1467
1584287449 1468
1584287556 1469
1584288969 1470
1584289446 1471
1584290342 1472
1584291410 1473
1584291824 1474
1584292255 1475
1584292483 1476
1584292899 1477
1584292998 1478
1584293260 1479
1584293396 1480
1584293589 1481
1584293641 1482
1584293788 1483
1584294018 1484
1584294123 1485
1584294397 1486
1584294643 1487
1584294775 1488
1584295196 1489
1584295349 1490
1584295528 1491
1584295551 1492
1584296028 1493
1584296132 1494
1584297020 1495
1584297051 1496
1584297172 1497
1584298096 1498
1584298541 1499
1584299300 1500
1584299330 1501
1584299433 1502
1584300024 1503
1584300239 1504
1584301560 1505
1584301598 1506
1584302599 1507
1584303481 1508
1584303737 1509
1584304546 1510
1584304546 1511
1584304863 1512
1584304882 1513
1584305241 1514
1584305456 1515
1584305965 1516
1584306014 1517
1584306689 1518
1584307247 1519
1584307335 1520
1584307473 1521
1584308454 1522
1584309219 1523
1584310057 1524
1584310339 1525
1584310654 1526
1584310953 1527
1584311800 1528
1584311899 1529
1584311959 1530
1584312368 1531
1584312433 1532
1584312637 1533
1584313412 1534
1584313855 1535
1584314495 1536
1584314586 1537
1584315039 1538
1584318635 1539
1584320675 1540
1584322907 1541
1584322974 1542
1584324385 1543
1584325782 1544
1584328234 1545
1584328789 1546
1584329646 1547
1584335305 1548
1584339301 1549
1584341464 1550
1584342243 1551
1584342803 1552
1584344641 1553
1584344840 1554
1584345456 1555
1584346635 1556
1584346691 1557
1584346978 1558
1584347593 1559
1584347607 1560
1584347911 1561
1584348544 1562
1584348810 1563
1584349240 1564
1584349615 1565
1584351189 1566
1584351422 1567
1584352274 1568
1584352706 1569
1584352806 1570
1584353819 1571
1584354266 1572
1584354402 1573
1584355192 1574
1584355466 1575
1584355923 1576
1584356336 1577
1584356396 1578
1584356462 1579
1584356723 1580
1584356886 1581
1584357079 1582
1584357590 1583
1584357965 1584
1584358281 1585
1584358295 1586
1584358947 1587
1584359105 1588
1584359423 1589
1584359497 1590
1584359592 1591
1584359750 1592
1584360103 1593
1584360150 1594
1584360428 1595
1584361423 1596
1584362027 1597
1584362632 1598
1584362677 1599
1584362847 1600
1584362882 1601
1584363072 1602
1584363197 1603
1584363815 1604
1584364160 1605
1584364939 1606
1584365561 1607
1584365575 1608
1584366717 1609
1584368013 1610
1584368017 1611
1584368076 1612
1584369862 1613
1584369942 1614
1584370980 1615
1584371232 1616
1584371310 1617
1584372010 1618
1584372211 1619
1584372549 1620
1584373576 1621
1584373765 1622
1584373969 1623
1584373996 1624
1584374822 1625
1584375396 1626
1584375440 1627
1584376089 1628
1584376233 1629
1584376235 1630
1584376760 1631
1584377004 1632
1584377840 1633
1584377924 1634
1584378048 1635
1584378341 1636
1584378406 1637
1584379259 1638
1584379717 1639
1584379972 1640
1584379994 1641
1584380038 1642
1584382435 1643
1584382656 1644
1584382672 1645
1584383414 1646
1584383981 1647
1584384311 1648
1584384715 1649
1584384880 1650
1584385060 1651
1584385111 1652
1584385292 1653
1584385630 1654
1584385633 1655
1584386217 1656
1584386768 1657
1584386977 1658
1584387555 1659
1584388081 1660
1584388104 1661
1584388317 1662
1584388656 1663
1584388677 1664
1584389086 1665
1584389134 1666
1584389164 1667
1584389290 1668
1584389457 1669
1584389629 1670
1584389802 1671
1584389937 1672
1584391129 1673
1584391646 1674
1584391838 1675
1584392509 1676
1584392570 1677
1584392665 1678
1584393432 1679
1584393686 1680
1584394071 1681
1584394251 1682
1584394351 1683
1584395340 1684
1584395914 1685
1584396782 1686
1584396903 1687
1584397049 1688
1584397135 1689
1584397235 1690
1584397371 1691
1584398021 1692
1584398423 1693
1584398612 1694
1584398618 1695
1584398809 1696
1584399170 1697
1584399325 1698
1584400031 1699
1584400404 1700
1584400427 1701
1584400460 1702
1584400951 1703
1584401321 1704
1584402511 1705
1584402626 1706
1584402814 1707
1584403377 1708
1584403668 1709
1584404183 1710
1584404738 1711
1584404799 1712
1584411037 1713
1584411260 1714
1584425548 1715
1584425562 1716
1584428360 1717
1584430319 1718
1584430471 1719
1584431436 1720
1584431867 1721
1584433247 1722
1584433311 1723
1584434985 1724
1584435525 1725
1584436657 1726
1584436945 1727
1584436958 1728
1584438638 1729
1584439057 1730
1584441130 1731
1584441871 1732
1584442072 1733
1584443285 1734
1584443833 1735
1584443922 1736
1584444322 1737
1584444634 1738
1584445251 1739
1584445633 1740
1584446266 1741
1584446346 1742
1584447511 1743
1584447611 1744
1584447649 1745
1584447698 1746
1584448352 1747
1584448433 1748
1584448666 1749
1584449225 1750
1584450078 1751
1584451094 1752
1584451843 1753
1584453048 1754
1584453828 1755
1584454587 1756
1584456251 1757
1584456762 1758
1584456864 1759
1584457880 1760
1584459051 1761
1584459095 1762
1584459371 1763
1584459663 1764
1584460317 1765
1584460331 1766
1584461187 1767
1584462802 1768
1584462843 1769
1584463038 1770
1584463321 1771
1584463364 1772
1584463592 1773
1584464619 1774
1584465037 1775
1584465561 1776
1584465994 1777
1584466028 1778
1584466305 1779
1584466376 1780
1584466443 1781
1584470849 1782
1584472900 1783
1584473887 1784
1584474056 1785
1584474065 1786
1584474341 1787
1584477179 1788
1584478380 1789
1584482613 1790
1584482734 1791
1584483980 1792
1584485518 1793
1584485997 1794
1584489264 1795
1584489904 1796
1584490264 1797
1584490642 1798
1584491082 1799
1584491238 1800
1584491596 1801
1584516458 1802
1584518900 1803
1584519736 1804
1584521381 1805
1584522966 1806
1584523173 1807
1584523948 1808
1584524651 1809
1584525126 1810
1584525695 1811
1584526297 1812
1584527151 1813
1584528474 1814
1584530077 1815
1584530421 1816
1584531754 1817
1584531983 1818
1584532310 1819
1584532336 1820
1584534894 1821
1584535086 1822
1584535092 1823
1584535418 1824
1584538648 1825
1584539820 1826
1584540049 1827
1584540882 1828
1584541085 1829
1584543159 1830
1584543688 1831
1584543941 1832
1584544153 1833
1584544402 1834
1584544908 1835
1584547426 1836
1584548330 1837
1584548445 1838
1584548994 1839
1584552256 1840
1584553192 1841
1584554057 1842
1584554826 1843
1584555053 1844
1584555817 1845
1584557544 1846
1584558627 1847
1584558724 1848
1584559186 1849
1584559456 1850
1584559526 1851
1584560624 1852
1584561196 1853
1584562554 1854
1584562987 1855
1584563172 1856
1584563644 1857
1584563691 1858
1584565028 1859
1584565405 1860
1584566371 1861
1584567177 1862
1584568495 1863
1584570380 1864
1584571226 1865
1584578348 1866
1584578845 1867
1584579271 1868
1584603667 1869
1584604036 1870
1584604469 1871
1584607740 1872
1584612873 1873
1584614702 1874
1584616339 1875
1584618923 1876
1584619030 1877
1584620707 1878
1584620996 1879
1584622863 1880
1584625355 1881
1584630607 1882
1584631991 1883
1584632885 1884
1584633341 1885
1584633994 1886
1584636600 1887
1584636858 1888
1584637159 1889
1584639441 1890
1584640741 1891
1584641040 1892
1584644573 1893
1584645527 1894
1584649964 1895
1584653809 1896
1584656110 1897
1584656499 1898
1584658546 1899
1584660096 1900
1584670147 1901
1584677227 1902
1584687656 1903
1584690136 1904
1584692267 1905
1584693849 1906
1584694018 1907
1584694425 1908
1584696987 1909
1584698314 1910
1584698690 1911
1584699077 1912
1584700442 1913
1584702105 1914
1584702278 1915
1584703510 1916
1584703810 1917
1584704184 1918
1584704650 1919
1584705429 1920
1584706296 1921
1584707866 1922
1584710739 1923
1584712099 1924
1584716945 1925
1584718199 1926
1584720083 1927
1584720838 1928
1584721897 1929
1584722315 1930
1584722978 1931
1584723403 1932
1584723771 1933
1584723799 1934
1584724486 1935
1584725420 1936
1584727860 1937
1584727960 1938
1584732857 1939
1584734243 1940
1584734344 1941
1584734704 1942
1584735101 1943
1584736301 1944
1584736744 1945
1584737966 1946
1584737972 1947
1584738023 1948
1584740330 1949
1584740400 1950
1584740682 1951
1584743929 1952
1584745107 1953
1584746236 1954
1584747353 1955
1584749313 1956
1584749771 1957
1584755096 1958
1584756654 1959
1584756675 1960
1584757668 1961
1584771988 1962
1584776215 1963
1584776360 1964
1584785020 1965
1584786444 1966
1584790755 1967
1584793983 1968
1584794520 1969
1584796003 1970
1584800258 1971
1584800351 1972
1584800485 1973
1584808466 1974
1584810580 1975
1584816006 1976
1584816530 1977
1584816715 1978
1584820419 1979
1584820638 1980
1584822807 1981
1584823233 1982
1584826291 1983
1584826700 1984
1584827001 1985
1584829731 1986
1584829988 1987
1584831484 1988
1584833133 1989
1584833292 1990
1584833711 1991
1584835338 1992
1584836185 1993
1584842394 1994
1584844297 1995
1584848947 1996
1584859364 1997
1584864825 1998
1584864858 1999
1584867378 2000
1584869616 2001
1584870156 2002
1584870476 2003
1584874411 2004
1584876458 2005
1584878907 2006
1584882275 2007
1584883291 2008
1584885004 2009
1584885828 2010
1584887480 2011
1584892537 2012
1584892582 2013
1584894447 2014
1584898106 2015
1584901804 2016
1584902064 2017
1584906437 2018
1584907450 2019
1584907891 2020
1584911090 2021
1584911108 2022
1584912895 2023
1584914530 2024
1584916381 2025
1584916972 2026
1584918155 2027
1584919668 2028
1584920397 2029
1584922415 2030
1584922910 2031
1584927024 2032
1584942277 2033
1584947455 2034
1584947476 2035
1584962174 2036
1584963313 2037
1584965033 2038
1584965227 2039
1584969000 2040
1584969036 2041
1584971706 2042
1584972873 2043
1584974040 2044
1584974126 2045
1584976460 2046
1584976533 2047
1584976807 2048
1584977452 2049
1584978015 2050
1584979589 2051
1584980297 2052
1584980375 2053
1584980772 2054
1584981484 2055
1584982934 2056
1584984735 2057
1584985383 2058
1584987113 2059
1584987935 2060
1584990539 2061
1584994701 2062
1584995707 2063
1584997043 2064
1584999386 2065
1585000496 2066
1585000939 2067
1585002202 2068
1585003050 2069
1585030438 2070
1585038916 2071
1585042190 2072
1585043303 2073
1585044668 2074
1585044738 2075
1585049243 2076
1585062493 2077
1585065861 2078
1585069332 2079
1585070050 2080
1585073473 2081
1585076131 2082
1585082818 2083
1585087377 2084
1585119539 2085
1585123565 2086
1585123787 2087
1585126202 2088
1585126539 2089
1585132908 2090
1585139712 2091
1585150674 2092
1585151330 2093
1585151754 2094
1585156434 2095
1585156497 2096
1585156664 2097
1585157991 2098
1585159248 2099
1585160325 2100
1585163221 2101
1585164365 2102
1585168749 2103
1585169363 2104
1585169819 2105
1585178033 2106
1585180771 2107
1585184143 2108
1585191549 2109
1585217953 2110
1585218593 2111
1585219537 2112
1585228728 2113
1585229842 2114
1585238066 2115
1585240672 2116
1585243652 2117
1585251319 2118
1585251319 2119
1585261803 2120
1585262332 2121
1585263851 2122
1585268345 2123
1585288515 2124
1585301109 2125
1585304706 2126
1585305658 2127
1585310549 2128
1585311433 2129
1585311899 2130
1585314085 2131
1585316504 2132
1585319094 2133
1585319159 2134
1585322469 2135
1585327192 2136
1585328026 2137
1585328490 2138
1585333771 2139
1585346148 2140
1585350976 2141
1585353990 2142
1585356207 2143
1585356371 2144
1585360524 2145
1585361662 2146
1585369988 2147
1585382707 2148
1585386805 2149
1585387998 2150
1585388193 2151
1585389750 2152
1585392523 2153
1585392618 2154
1585394792 2155
1585394884 2156
1585396836 2157
1585398129 2158
1585398427 2159
1585400478 2160
1585404098 2161
1585404557 2162
1585412626 2163
1585414574 2164
1585417603 2165
1585419974 2166
1585420272 2167
1585420291 2168
1585421386 2169
1585423320 2170
1585424064 2171
1585430555 2172
1585430645 2173
1585443960 2174
1585445651 2175
1585472433 2176
1585476346 2177
1585479210 2178
1585479263 2179
1585479332 2180
1585483132 2181
1585487616 2182
1585490235 2183
1585490932 2184
1585493515 2185
1585498217 2186
1585499064 2187
1585500286 2188
1585509737 2189
1585514615 2190
1585516106 2191
1585519706 2192
1585524810 2193
1585527163 2194
1585555288 2195
1585556713 2196
1585559913 2197
1585565813 2198
1585570161 2199
1585573744 2200
1585589129 2201
1585596575 2202
1585597177 2203
1585602471 2204
1585602970 2205
1585612585 2206
1585630900 2207
1585648520 2208
1585655891 2209
1585656637 2210
1585657363 2211
1585658180 2212
1585663394 2213
1585663771 2214
1585669104 2215
1585671581 2216
1585673758 2217
1585683070 2218
1585734524 2219
1585747126 2220
1585753528 2221
1585754670 2222
1585771679 2223
1585779285 2224
1585782160 2225
1585784845 2226
1585788319 2227
1585819439 2228
1585824580 2229
1585828269 2230
1585839586 2231
1585845237 2232
1585850566 2233
1585851896 2234
1585863545 2235
1585868544 2236
1585870417 2237
1585896732 2238
1585909362 2239
1585911361 2240
1585922674 2241
1585923276 2242
1585929679 2243
1585930158 2244
1585933597 2245
1585938272 2246
1585956132 2247
1585956148 2248
1585958224 2249
1585958903 2250
1585978559 2251
1585990855 2252
1586018401 2253
1586022561 2254
1586024419 2255
1586033963 2256
1586055536 2257
1586084722 2258
1586094239 2259
1586096921 2260
1586098273 2261
1586106175 2262
1586116282 2263
1586117364 2264
1586124149 2265
1586125852 2266
1586140078 2267
1586166331 2268
1586167324 2269
1586167525 2270
1586173488 2271
1586178654 2272
1586180464 2273
1586180827 2274
1586180969 2275
1586185203 2276
1586196788 2277
1586198448 2278
1586201201 2279
1586204953 2280
1586207756 2281
1586209225 2282
1586209803 2283
1586215370 2284
1586215990 2285
1586217136 2286
1586220876 2287
1586257436 2288
1586257636 2289
1586257793 2290
1586263293 2291
1586267032 2292
1586273011 2293
1586287352 2294
1586291159 2295
1586296495 2296
1586340034 2297
1586344691 2298
1586352309 2299
1586353198 2300
1586366562 2301
1586369200 2302
1586372256 2303
1586374570 2304
1586380714 2305
1586443351 2306
1586444161 2307
1586469718 2308
1586473546 2309
1586480270 2310
1586483090 2311
1586502196 2312
1586526174 2313
1586546792 2314
1586619429 2315
1586623787 2316
1586623848 2317
1586627751 2318
1586628030 2319
1586653267 2320
1586654915 2321
1586688618 2322
1586688908 2323
1586695295 2324
1586696313 2325
1586707820 2326
1586707993 2327
1586711928 2328
1586720951 2329
1586742804 2330
1586768656 2331
1586774139 2332
1586776882 2333
1586808336 2334
1586808458 2335
1586809248 2336
1586809543 2337
1586810787 2338
1586811360 2339
1586812405 2340
1586813743 2341
1586814080 2342
1586814428 2343
1586815525 2344
1586817822 2345
1586819093 2346
1586820709 2347
1586822306 2348
1586822802 2349
1586827138 2350
1586827865 2351
1586861284 2352
1586869759 2353
1586870050 2354
1586872137 2355
1586886578 2356
1586891379 2357
1586893337 2358
1586904795 2359
1586947331 2360
1586950857 2361
1586958467 2362
1586977822 2363
1586979899 2364
1586987719 2365
1587029238 2366
1587059746 2367
1587073381 2368
1587080119 2369
1587136721 2370
1587138812 2371
1587139400 2372
1587140673 2373
1587140774 2374
1587149305 2375
1587168594 2376
1587175508 2377
1587200619 2378
1587208834 2379
1587210213 2380
1587220757 2381
1587223103 2382
1587235686 2383
1587235704 2384
1587238887 2385
1587239610 2386
1587254262 2387
1587261679 2388
1587299017 2389
1587306140 2390
1587320496 2391
1587320779 2392
1587324792 2393
1587339383 2394
1587344879 2395
1587397051 2396
1587402510 2397
1587403093 2398
1587461283 2399
1587471890 2400
1587495926 2401
1587498763 2402
1587499959 2403
1587511870 2404
1587539243 2405
1587549267 2406
1587570243 2407
1587592012 2408
1587595194 2409
1587644363 2410
1587645366 2411
1587647615 2412
1587724929 2413
1587726321 2414
1587729615 2415
1587742326 2416
1587762593 2417
1587819968 2418
1587838120 2419
1587846345 2420
1587856384 2421
1587857274 2422
1587859442 2423
1587860616 2424
1587891002 2425
1587913492 2426
1587933119 2427
1587945481 2428
1588015992 2429
1588086561 2430
1588089493 2431
1588090888 2432
1588093201 2433
1588113491 2434
1588149741 2435
1588163866 2436
1588181489 2437
1588196144 2438
1588236411 2439
1588245006 2440
1588245247 2441
1588258162 2442
1588274752 2443
1588281474 2444
1588290785 2445
1588335402 2446
1588348232 2447
1588353601 2448
1588422315 2449
1588443322 2450
1588508906 2451
1588510780 2452
1588553946 2453
1588678574 2454
1588711572 2455
1588714176 2456
1588756707 2457
1588764674 2458
1588765228 2459
1588800382 2460
1588868510 2461
1588868688 2462
1588873336 2463
1588945360 2464
1588960193 2465
1588964238 2466
1589031904 2467
1589046370 2468
1589052771 2469
1589054435 2470
1589122640 2471
1589142107 2472
1589147525 2473
1589151966 2474
1589158220 2475
1589185295 2476
1589196756 2477
1589199978 2478
1589202262 2479
1589240803 2480
1589279565 2481
1589283745 2482
1589289898 2483
1589300676 2484
1589315651 2485
1589466719 2486
1589712998 2487
1589717842 2488
1589797025 2489
1589815205 2490
1589838154 2491
1589888721 2492
1590000499 2493
1590056110 2494
1590060606 2495
1590174302 2496
1590311890 2497
1590317795 2498
1590320194 2499
1590364234 2500
1590392359 2501
1590434559 2502
1590488619 2503
1590528518 2504
1590674666 2505
1590685472 2506
1590687762 2507
1590687933 2508
1590761553 2509
1590782132 2510
1590844281 2511
1590976337 2512
1591042554 2513
1591230086 2514
1591271783 2515
1591966267 2516
1592331989 2517
1592485322 2518
1592837643 2519
1592898386 2520
1593015879 2521
1593017013 2522
1593038373 2523
1593090633 2524
1593128449 2525
1593215394 2526
1593447713 2527
1593459816 2528
1593605710 2529
1593627817 2530
1594024819 2531
1594144217 2532
1594285384 2533
1594303365 2534
1594632323 2535
1594723510 2536
1594821611 2537
1595090195 2538
1595148222 2539
1595262121 2540
