1579478400 2089 2 231 231
1580083200 6794 17 319 153
1580688000 3472 8 261 55
1581292800 3136 8 231 35
1581897600 2240 5 218 28
1582502400 12025 25 579 256
1583107200 21062 25 765 258
1583712000 39210 28 1262 508
1584316800 46440 84 1563 489
1584921600 34819 54 1253 163
1585526400 26523 25 1095 73
1586131200 24643 26 991 64
1586736000 23664 40 963 64
1587340800 16281 24 766 34
1587945600 16749 11 754 24
1588550400 15726 13 703 22
1589155200 10109 10 610 14
1589760000 6508 4 470 12
1590364800 7797 5 453 11
1590969600 5379 3 355 4
1591574400 3030 0 309 1
1592179200 2962 2 297 2
1592784000 3715 0 336 8
1593388800 1957 2 246 3
1593993600 3236 3 309 4
1594598400 4622 5 358 5
1595203200 3880 2 351 7
1595808000 4248 1 324 7
1596412800 4830 6 339 8
1597017600 5428 6 369 11
1597622400 6134 6 375 11
1598227200 6356 2 409 16
1598832000 5273 3 381 14
1599436800 8650 6 438 12
1600041600 7914 7 400 9
1600646400 9331 3 481 16
1601251200 6308 4 418 9
1601856000 7266 4 420 9
1602460800 13000 7 561 25
1603065600 10927 4 545 19
1603670400 24920 11 882 62
1604275200 10040 9 602 14
1604880000 10352 2 551 14
1605484800 6783 9 439 9
1606089600 6066 5 425 2
1606694400 6424 2 372 11
1607299200 7952 9 430 10
1607904000 7600 16 431 10
1608508800 7075 11 429 6
1609113600 10754 10 478 13
1609718400 9695 7 496 13
1610323200 11004 9 546 14
1610928000 11114 10 520 11
1611532800 14002 9 594 12
1612137600 8498 6 480 7
1612742400 6978 7 422 9
1613347200 6307 4 386 6
