1579611316 1
1579611751 2
1579621979 3
1579636944 4
1579639995 5
1579678473 6
1579724250 7
1579727123 8
1579730378 9
1579733220 10
1579734009 11
1579734215 12
1579734792 13
1579735590 14
1579760592 15
1579772175 16
1579776449 17
1579778672 18
1579784057 19
1579784270 20
1579792908 21
1579806529 22
1579811179 23
1579827367 24
1579840018 25
1579844499 26
1579849340 27
1579852403 28
1579853947 29
1579854262 30
1579858590 31
1579861015 32
1579861671 33
1579872263 34
1579880211 35
1579886746 36
1579890751 37
1579899120 38
1579899597 39
1579899824 40
1579900093 41
1579900888 42
1579901630 43
1579901787 44
1579901916 45
1579904004 46
1579904655 47
1579906055 48
1579906351 49
1579906939 50
1579908329 51
1579915723 52
1579916416 53
1579917630 54
1579934676 55
1579940047 56
1579943548 57
1579943708 58
1579944902 59
1579946835 60
1579949677 61
1579957910 62
1579962525 63
1579964705 64
1579966349 65
1579968270 66
1579975431 67
1579976055 68
1579978580 69
1579979940 70
1579982100 71
1579984623 72
1579990366 73
1579995294 74
1580025385 75
1580034093 76
1580036556 77
1580039617 78
1580040653 79
1580072563 80
1580079026 81
1580109046 82
1580119156 83
1580130647 84
1580134245 85
1580135310 86
1580142357 87
1580145999 88
1580147519 89
1580149929 90
1580163355 91
1580186044 92
1580200461 93
1580208217 94
1580209714 95
1580214642 96
1580215430 97
1580218095 98
1580237499 99
1580242009 100
1580244435 101
1580246007 102
1580291450 103
1580309486 104
1580329136 105
1580372528 106
1580378199 107
1580386391 108
1580390124 109
1580393334 110
1580404348 111
1580419059 112
1580474163 113
1580495851 114
1580545588 115
1580559931 116
1580571642 117
1580596569 118
1580645299 119
1580654725 120
1580659674 121
1580721735 122
1580740545 123
1580740922 124
1580762786 125
1580836548 126
1580858244 127
1580921851 128
1581010663 129
1581061851 130
1581070613 131
1581072844 132
1581159381 133
1581159953 134
1581172511 135
1581183489 136
1581193042 137
1581334312 138
1581339543 139
1581428997 140
1581496171 141
1581509957 142
1581546660 143
1581635783 144
1581646190 145
1581771472 146
1581924361 147
1582272984 148
1582284629 149
1582326576 150
1582385296 151
1582390772 152
1582391951 153
1582402425 154
1582410431 155
1582420665 156
1582463236 157
1582497549 158
1582546289 159
1582549914 160
1582555762 161
1582561004 162
1582562717 163
1582563983 164
1582568627 165
1582571134 166
1582614333 167
1582627726 168
1582638763 169
1582645706 170
1582651225 171
1582666546 172
1582673226 173
1582717298 174
1582732714 175
1582752458 176
1582781146 177
1582786046 178
1582795284 179
1582797889 180
1582801259 181
1582826009 182
1582836786 183
1582838314 184
1582839768 185
1582841279 186
1582847664 187
1582876968 188
1582887068 189
1582901583 190
1582902555 191
1582909276 192
1582918892 193
1582920244 194
1582923317 195
1582923575 196
1582962507 197
1582976265 198
1582978340 199
1582986686 200
1582990379 201
1582994276 202
1582999938 203
1583005014 204
1583006481 205
1583010946 206
1583013290 207
1583072042 208
1583091915 209
1583100276 210
1583115640 211
1583131695 212
1583143847 213
1583148676 214
1583151672 215
1583151695 216
1583155695 217
1583160067 218
1583164380 219
1583167820 220
1583176121 221
1583186961 222
1583193843 223
1583196207 224
1583220371 225
1583235269 226
1583238361 227
1583239723 228
1583260664 229
1583278055 230
1583306960 231
1583323546 232
1583326851 233
1583329707 234
1583329766 235
1583344069 236
1583348858 237
1583391427 238
1583396050 239
1583398157 240
1583398264 241
1583399990 242
1583405206 243
1583410520 244
1583421541 245
1583432997 246
1583437268 247
1583438645 248
1583446175 249
1583455362 250
1583489104 251
1583490809 252
1583493356 253
1583502776 254
1583504046 255
1583518309 256
1583526375 257
1583608959 258
1583614769 259
1583614870 260
1583625739 261
1583662122 262
1583673059 263
1583692576 264
1583734573 265
1583763398 266
1583763567 267
1583778825 268
1583784344 269
1583791485 270
1583800460 271
1583826500 272
1583859888 273
1583865779 274
1583866945 275
1583912331 276
1583916382 277
1583933197 278
1583937801 279
1583951652 280
1583961419 281
1583964215 282
1583980767 283
1583998732 284
1584009266 285
1584009297 286
1584009316 287
1584009865 288
1584021612 289
1584030778 290
1584039668 291
1584042361 292
1584043316 293
1584043391 294
1584043427 295
1584044318 296
1584048984 297
1584049489 298
1584050165 299
1584050949 300
1584059485 301
1584059849 302
1584079568 303
1584088150 304
1584102150 305
1584105279 306
1584106094 307
1584106438 308
1584125721 309
1584127174 310
1584132939 311
1584133610 312
1584147330 313
1584181985 314
1584186496 315
1584186875 316
1584196519 317
1584197030 318
1584203493 319
1584217074 320
1584217584 321
1584218398 322
1584218747 323
1584221734 324
1584222407 325
1584228655 326
1584230471 327
1584231105 328
1584231836 329
1584232760 330
1584235846 331
1584237774 332
1584256800 333
1584259794 334
1584261600 335
1584261735 336
1584265334 337
1584267366 338
1584271870 339
1584272379 340
1584273731 341
1584275526 342
1584279118 343
1584282583 344
1584284060 345
1584288969 346
1584293788 347
1584294018 348
1584294643 349
1584294775 350
1584303737 351
1584309219 352
1584313855 353
1584328789 354
1584354266 355
1584354402 356
1584360103 357
1584363072 358
1584364160 359
1584364939 360
1584382435 361
1584383414 362
1584384880 363
1584388677 364
1584389086 365
1584389164 366
1584389457 367
1584396782 368
1584398423 369
1584399325 370
1584404183 371
1584404799 372
1584431436 373
1584431867 374
1584434985 375
1584439057 376
1584447649 377
1584454587 378
1584463592 379
1584522966 380
1584524651 381
1584548445 382
1584548994 383
1584563644 384
1584578348 385
1584630607 386
1584632885 387
1584649964 388
1584693849 389
1584706296 390
1584723799 391
1584737966 392
1584756675 393
1584757668 394
1584790755 395
1584794520 396
1584800258 397
1584800351 398
1584816530 399
1584829731 400
1584844297 401
1584867378 402
1584912895 403
1584916972 404
1584974040 405
1584976533 406
1584987113 407
1584987935 408
1585228728 409
1585251319 411
1585251319 411
1585268345 412
1585288515 413
1585311899 414
1585316504 415
1585327192 416
1585328026 417
1585328490 418
1585333771 419
1585356371 420
1585392523 421
1585404098 422
1585430555 423
1585479263 424
1585498217 425
1585509737 426
1585597177 427
1585779285 428
1585782160 429
1585868544 430
1585956132 431
1586117364 432
1586125852 433
1586166331 434
1586180464 435
1586215990 436
1586352309 437
1586623848 438
1586707820 439
1586822802 440
1586893337 441
1587059746 442
1587073381 443
1587402510 444
1587471890 445
1587645366 446
1587846345 447
1588163866 448
1588290785 449
1588335402 450
1588510780 451
1589046370 452
1589315651 453
1589717842 454
1589797025 455
1590060606 456
1590761553 457
1592485322 458
1593215394 459
1593459816 460
1594723510 461
1594821611 462
1595513781 463
1595669522 464
1595680752 465
1597685005 466
1597876840 467
1597917450 468
1598197407 469
1598216779 470
1598746945 471
1598963997 472
1599039249 473
1599738169 474
1600161383 475
1600390943 476
1600499517 477
1601118883 478
1601463061 479
1601919560 480
1602629684 481
1602669909 482
1603020178 483
1603288843 484
1603655884 485
1603790132 486
1603825136 487
1603845303 488
1603935241 489
1603971522 490
1603983029 491
1604186922 492
1605203334 493
1605279487 494
1606514217 495
1606742238 496
1606915356 497
1607432368 498
1607455806 499
1608466818 500
1609530183 501
1609617098 502
1609760651 503
1609788707 504
1610362316 505
1610737466 506
1611523359 507
1611834217 508
1612206819 509
1612827603 510
1612885440 511
1614786893 512
1615203963 513
1615486206 514
1615660347 515
1616500593 516
1617693033 517
1618008131 518
1619376102 519
1620835717 520
1620903424 521
1621002130 522
1621008803 523
1621031082 524
1621422249 525
1621477797 526
1621729164 527
1623188200 528
1623338843 529
1623440058 530
1624627306 531
1624897287 532
1625146262 533
1625150897 534
1625745490 535
1625758040 536
1626124783 537
1626204656 538
1626209536 539
1626273983 540
1626289763 541
1626303701 542
1626462317 543
1626521897 544
1626602239 545
1626704611 546
1626878670 547
1626883382 548
1626910320 549
1627082447 550
1627328396 551
1627426094 552
1627473188 553
1627570511 554
1627931779 555
1627934211 556
1628003846 557
1628016297 558
1628019356 559
1628021477 560
1628033817 561
1628081982 562
1628113322 563
1628257828 564
1628266193 565
1628277310 566
1628290380 567
1628328511 568
1628365086 569
1628423885 570
1628433248 571
1628478250 572
1628501278 573
1628537950 574
