1579611316 1
1579611555 2
1579611751 3
1579621979 4
1579636944 5
1579678473 6
1579727123 7
1579734009 8
1579734792 9
1579735590 10
1579760592 11
1579772175 12
1579776449 13
1579778672 14
1579784270 15
1579784502 16
1579792908 17
1579793640 18
1579811179 19
1579823091 20
1579849340 21
1579858590 22
1579861015 23
1579861671 24
1579872263 25
1579887245 26
1579898020 27
1579899120 28
1579899597 29
1579899824 30
1579900888 31
1579901886 32
1579904004 33
1579906055 34
1579906351 35
1579906939 36
1579908329 37
1579915186 38
1579915723 39
1579916416 40
1579917630 41
1579934676 42
1579940047 43
1579943548 44
1579946835 45
1579947909 46
1579950615 47
1579957886 48
1579966349 49
1579966383 50
1579968270 51
1579972896 52
1579976177 53
1579978580 54
1579979940 55
1579990366 56
1580025385 57
1580034093 58
1580036556 59
1580040653 60
1580072563 61
1580077054 62
1580079026 63
1580116947 64
1580119156 65
1580121793 66
1580130647 67
1580135310 68
1580141917 69
1580147519 70
1580149929 71
1580150937 72
1580200461 73
1580209714 74
1580214642 75
1580215430 76
1580237499 77
1580239614 78
1580291450 79
1580292256 80
1580293461 81
1580305313 82
1580309486 83
1580329136 84
1580372528 85
1580386391 86
1580390124 87
1580393334 88
1580419059 89
1580474163 90
1580494200 91
1580545588 92
1580555486 93
1580571642 94
1580596569 95
1580597746 96
1580654725 97
1580659674 98
1580740545 99
1580762786 100
1581010663 101
1581070613 102
1581072844 103
1581159953 104
1581183489 105
1581193042 106
1581419656 107
1581428997 108
1581496171 109
1581635783 110
1581646190 111
1581770395 112
1582272984 113
1582326576 114
1582391951 115
1582410431 116
1582423902 117
1582541375 118
1582546289 119
1582555762 120
1582563983 121
1582568627 122
1582571134 123
1582614333 124
1582615975 125
1582620595 126
1582628613 127
1582638763 128
1582645706 129
1582646299 130
1582651225 131
1582666546 132
1582673226 133
1582712684 134
1582717298 135
1582732714 136
1582752458 137
1582801259 138
1582809112 139
1582826009 140
1582833326 141
1582836786 142
1582838314 143
1582870865 144
1582876968 145
1582883970 146
1582887068 147
1582901583 148
1582902555 149
1582909276 150
1582913556 151
1582923317 152
1582962507 153
1582978340 154
1582986686 155
1582990379 156
1583005014 157
1583006481 158
1583013290 159
1583072042 160
1583084335 161
1583100276 162
1583131695 163
1583148676 164
1583151672 165
1583155695 166
1583156047 167
1583160067 168
1583168388 169
1583168876 170
1583176121 171
1583193843 172
1583196207 173
1583239491 174
1583249276 175
1583260664 176
1583265172 177
1583271873 178
1583278055 179
1583316804 180
1583317526 181
1583326851 182
1583329766 183
1583396050 184
1583398157 185
1583398264 186
1583399990 187
1583405206 188
1583410520 189
1583413520 190
1583432997 191
1583437268 192
1583446175 193
1583455362 194
1583489104 195
1583490809 196
1583493356 197
1583502776 198
1583504046 199
1583526375 200
1583614769 201
1583614870 202
1583662122 203
1583673059 204
1583694339 205
1583724944 206
1583734573 207
1583744788 208
1583763398 209
1583778825 210
1583784344 211
1583791485 212
1583832091 213
1583836407 214
1583866945 215
1583916382 216
1583918962 217
1583933197 218
1583937801 219
1583961415 220
1583961419 221
1584009266 222
1584009297 223
1584009865 224
1584022269 225
1584036545 226
1584039668 227
1584043391 228
1584045454 229
1584049489 230
1584050949 231
1584059849 232
1584102150 233
1584127174 234
1584147330 235
1584196519 236
1584197030 237
1584203493 238
1584217074 239
1584217584 240
1584218398 241
1584226030 242
1584230471 243
1584231836 244
1584235329 245
1584256800 246
1584261600 247
1584265334 248
1584267366 249
1584268285 250
1584271870 251
1584272379 252
1584273731 253
1584287449 254
1584294775 255
1584313855 256
1584359497 257
1584360103 258
1584363072 259
1584364160 260
1584364939 261
1584374822 262
1584382435 263
1584383414 264
1584388677 265
1584393686 266
1584397135 267
1584398021 268
1584399325 269
1584404183 270
1584404799 271
1584434985 272
1584442072 273
1584453048 274
1584463592 275
1584522966 276
1584543941 277
1584548994 278
1584563644 279
1584570380 280
1584632885 281
1584693849 282
1584694425 283
1584703510 284
1584721897 285
1584790755 286
1584829731 287
1584882275 288
1584912895 289
1584974040 290
1584976533 291
1585000496 292
1585288515 293
1585311899 294
1585327192 295
1585333771 296
1585356371 297
1585420291 298
1585430555 299
1585472433 300
1585509737 301
1585782160 302
1586180464 303
1586352309 304
1586623848 305
1586707820 306
1587402510 307
1587471890 308
1587539243 309
1587570243 310
1587846345 311
1587857274 312
1587891002 313
1588163866 314
1588335402 315
1588510780 316
1588714176 317
1589046370 318
1593215394 319
1593459816 320
1594723510 321
1595680752 322
1597685005 323
1598216779 324
1599039249 325
1600499517 326
1601118883 327
1601919560 328
1602629684 329
1602669909 330
1603825136 331
1603840470 332
1603845303 333
1605203334 334
1606742238 335
1606764805 336
1607109632 337
1609530183 338
1609760651 339
1609788707 340
1610362316 341
1610737466 342
1611672745 343
1611834217 344
1613124153 345
1615203963 346
1615400464 347
1615486206 348
1619874710 349
1620903424 350
1621422249 351
1624627306 352
1624897287 353
1625146262 354
1625150897 355
1625758040 356
1626163920 357
1626194877 358
1626381445 359
1626432208 360
1626462317 361
1626704611 362
1626910320 363
1627057602 364
1627328396 365
1628003846 366
1628019356 367
1628081982 368
1628113322 369
1628328511 370
1628758941 371
1628807379 372
1628856811 373
1628863051 374
1628952873 375
1629135849 376
1629826552 377
1629900468 378
1629976446 379
1629986322 380
1630267236 381
1630337380 382
1630347527 383
1630432087 384
1630448650 385
1630695151 386
1630700804 387
1630841955 388
1631019071 389
