1580083200 233 11 222
1580688000 386 25 361
1581292800 441 33 408
1581897600 476 40 436
1582502400 505 45 460
1583107200 761 63 698
1583712000 1021 106 915
1584316800 1529 216 1313
1584921600 2018 457 1561
1585526400 2181 595 1586
1586131200 2254 700 1554
1586736000 2317 792 1525
1587340800 2381 878 1503
1587945600 2415 940 1475
1588550400 2439 1004 1435
1589155200 2461 1059 1402
1589760000 2475 1095 1380
1590364800 2487 1116 1371
1590969600 2498 1151 1347
1591574400 2502 1173 1329
1592179200 2503 1185 1318
1592784000 2505 1197 1308
1593388800 2513 1213 1300
1593993600 2516 1219 1297
1594598400 2520 1229 1291
1595203200 2525 1243 1282
1595808000 2532 1259 1273
1596412800 2539 1271 1268
1597017600 2547 1291 1256
1597622400 2558 1316 1242
1598227200 2569 1334 1235
1598832000 2585 1360 1225
1599436800 2599 1376 1223
1600041600 2611 1403 1208
1600646400 2620 1428 1192
1601251200 2636 1460 1176
1601856000 2645 1483 1162
1602460800 2654 1503 1151
1603065600 2679 1561 1118
1603670400 2699 1612 1087
1604275200 2761 1843 918
1604880000 2775 1958 817
1605484800 2789 2073 716
1606089600 2798 2170 628
1606694400 2800 2267 533
1607299200 2811 2348 463
1607904000 2821 2397 424
