1580083200 231 9 222
1580688000 383 21 362
1581292800 438 28 410
1581897600 473 34 439
1582502400 501 39 462
1583107200 757 56 701
1583712000 1013 92 921
1584316800 1516 189 1327
1584921600 2005 387 1618
1585526400 2167 495 1672
1586131200 2240 569 1671
1586736000 2302 638 1664
1587340800 2366 693 1673
1587945600 2400 738 1662
1588550400 2424 779 1645
1589155200 2446 816 1630
1589760000 2460 841 1619
1590364800 2472 854 1618
1590969600 2483 871 1612
1591574400 2487 888 1599
1592179200 2488 895 1593
1592784000 2490 903 1587
1593388800 2498 913 1585
1593993600 2501 915 1586
1594598400 2505 922 1583
1595203200 2510 929 1581
1595808000 2517 936 1581
1596412800 2524 941 1583
1597017600 2532 951 1581
1597622400 2543 963 1580
1598227200 2554 971 1583
1598832000 2570 988 1582
1599436800 2584 998 1586
1600041600 2596 1016 1580
1600646400 2605 1025 1580
1601251200 2621 1041 1580
1601856000 2630 1053 1577
1602460800 2639 1063 1576
1603065600 2664 1090 1574
1603670400 2683 1110 1573
1604275200 2744 1198 1546
1604880000 2758 1230 1528
1605484800 2772 1253 1519
1606089600 2781 1268 1513
1606694400 2783 1279 1504
1607299200 2794 1293 1501
1607904000 2804 1305 1499
1608508800 2814 1324 1490
1609113600 2819 1337 1482
1609718400 2832 1351 1481
1610323200 2845 1371 1474
1610928000 2859 1391 1468
1611532800 2870 1404 1466
1612137600 2882 1433 1449
1612742400 2889 1452 1437
1613347200 2897 1469 1428
1613952000 2903 1479 1424
1614556800 2906 1487 1419
1615161600 2914 1505 1409
1615766400 2926 1516 1410
1616371200 2943 1546 1397
1616976000 2949 1567 1382
1617580800 2962 1615 1347
1618185600 2972 1650 1322
1618790400 2979 1671 1308
1619395200 2982 1688 1294
1620000000 2990 1713 1277
1620604800 2999 1748 1251
1621209600 3021 1782 1239
1621814400 3037 1822 1215
1622419200 3044 1838 1206
1623024000 3050 1860 1190
1623628800 3057 1882 1175
1624233600 3062 1901 1161
1624838400 3070 1926 1144
1625443200 3079 1943 1136
1626048000 3094 1978 1116
1626652800 3159 2161 998
1627257600 3188 2264 924
1627862400 3205 2382 823
1628467200 3224 2500 724
1629072000 3241 2612 629
1629676800 3252 2788 464
1630281600 3264 2816 448
