1580083200 231 11 220
1580688000 384 25 359
1581292800 439 33 406
1581897600 474 40 434
1582502400 502 45 457
1583107200 758 63 695
1583712000 1018 105 913
1584316800 1526 214 1312
1584921600 2015 451 1564
1585526400 2178 587 1591
1586131200 2251 687 1564
1586736000 2314 774 1540
1587340800 2378 854 1524
1587945600 2412 916 1496
1588550400 2436 977 1459
1589155200 2458 1028 1430
1589760000 2472 1060 1412
1590364800 2484 1080 1404
1590969600 2495 1112 1383
1591574400 2499 1134 1365
1592179200 2500 1146 1354
1592784000 2502 1158 1344
1593388800 2510 1171 1339
1593993600 2513 1176 1337
1594598400 2517 1185 1332
1595203200 2522 1196 1326
1595808000 2529 1211 1318
1596412800 2536 1221 1315
1597017600 2544 1237 1307
1597622400 2555 1260 1295
1598227200 2566 1277 1289
1598832000 2582 1301 1281
1599436800 2596 1317 1279
1600041600 2608 1342 1266
1600646400 2617 1359 1258
1601251200 2633 1387 1246
1601856000 2642 1407 1235
1602460800 2651 1424 1227
1603065600 2676 1474 1202
1603670400 2696 1516 1180
1604275200 2758 1696 1062
1604880000 2772 1789 983
1605484800 2786 1862 924
1606089600 2795 1914 881
1606694400 2797 1966 831
1607299200 2808 1992 816
1607904000 2818 2055 763
1608508800 2828 2130 698
1609113600 2834 2203 631
1609718400 2847 2325 522
1610323200 2860 2377 483
