1579611316 1
1579611555 2
1579611751 3
1579613366 4
1579617811 5
1579621979 6
1579622150 7
1579627499 8
1579629367 9
1579630675 10
1579630765 11
1579631666 12
1579636944 13
1579639995 14
1579640280 15
1579640775 16
1579646008 17
1579678473 18
1579693339 19
1579724250 20
1579727123 21
1579727177 22
1579727975 23
1579730378 24
1579730809 25
1579733220 26
1579734009 27
1579734215 28
1579734792 29
1579735590 30
1579737627 31
1579738363 32
1579740900 33
1579742068 34
1579760592 35
1579772175 36
1579775467 37
1579776449 38
1579777951 39
1579778672 40
1579778830 41
1579784057 42
1579784270 43
1579784502 44
1579787783 45
1579791432 46
1579792908 47
1579792912 48
1579793285 49
1579793640 50
1579793677 51
1579802143 52
1579805056 53
1579806529 54
1579811179 55
1579821659 56
1579822944 57
1579823091 58
1579826431 59
1579827367 60
1579840018 61
1579844499 62
1579849146 63
1579849340 64
1579852403 65
1579853947 66
1579854262 67
1579858552 68
1579858590 69
1579858604 70
1579861015 71
1579861671 72
1579863724 73
1579870016 74
1579870844 75
1579871363 76
1579872263 77
1579873194 78
1579874713 79
1579875857 80
1579877603 81
1579880211 82
1579880806 83
1579885751 84
1579886544 85
1579886746 86
1579887026 87
1579887245 88
1579888707 89
1579890751 90
1579892037 91
1579897192 92
1579897615 93
1579897628 94
1579898020 95
1579898093 96
1579898104 97
1579898295 98
1579898366 99
1579899120 100
1579899597 101
1579899783 102
1579899824 103
1579900037 104
1579900093 105
1579900136 106
1579900290 107
1579900351 108
1579900500 109
1579900515 110
1579900888 111
1579901083 112
1579901210 113
1579901630 114
1579901787 115
1579901886 116
1579901916 117
1579902344 118
1579903110 119
1579904004 120
1579904013 121
1579904655 122
1579904674 123
1579904963 124
1579905912 125
1579906049 126
1579906055 127
1579906227 128
1579906351 129
1579906556 130
1579906859 131
1579906939 132
1579906979 133
1579907338 134
1579908229 135
1579908293 136
1579908329 137
1579908840 138
1579909219 139
1579911342 140
1579915186 141
1579915723 142
1579916416 143
1579917298 144
1579917630 145
1579919733 146
1579920712 147
1579922026 148
1579934676 149
1579938071 150
1579938750 151
1579939400 152
1579940047 153
1579943548 154
1579943708 155
1579943871 156
1579944323 157
1579944902 158
1579946835 159
1579947236 160
1579947909 161
1579949445 162
1579949468 163
1579949652 164
1579949677 165
1579950448 166
1579950615 167
1579951014 168
1579951945 169
1579953209 170
1579956895 171
1579957886 172
1579957910 173
1579958003 174
1579958330 175
1579961352 176
1579961635 177
1579962300 178
1579962525 179
1579962557 180
1579964705 181
1579966349 182
1579966383 183
1579967323 184
1579967349 185
1579968270 186
1579969765 187
1579972703 188
1579972896 189
1579973982 190
1579975431 191
1579975776 192
1579976055 193
1579976177 194
1579976762 195
1579977121 196
1579978580 197
1579979761 198
1579979940 199
1579982056 200
1579982100 201
1579984623 202
1579986219 203
1579987781 204
1579990366 205
1579995294 206
1579999312 207
1580021099 208
1580023491 209
1580025385 210
1580032617 211
1580032644 212
1580034093 213
1580036233 214
1580036556 215
1580037245 216
1580039617 217
1580039816 218
1580040653 219
1580041049 220
1580041576 221
1580044253 222
1580056459 223
1580063156 224
1580069107 225
1580072563 226
1580073364 227
1580077054 228
1580077921 229
1580078790 230
1580079026 231
1580081552 232
1580082532 233
1580109046 234
1580116947 235
1580118638 236
1580119156 237
1580121793 238
1580122138 239
1580129294 240
1580129688 241
1580130647 242
1580133359 243
1580134245 244
1580135310 245
1580135506 246
1580135682 247
1580137293 248
1580139983 249
1580140796 250
1580141917 251
1580142357 252
1580143850 253
1580145999 254
1580147519 255
1580148839 256
1580149825 257
1580149929 258
1580149994 259
1580150937 260
1580152565 261
1580153583 262
1580157337 263
1580157604 264
1580162604 265
1580163235 266
1580163355 267
1580179150 268
1580180392 269
1580186044 270
1580200461 271
1580204608 272
1580205290 273
1580208217 274
1580208891 275
1580209087 276
1580209441 277
1580209664 278
1580209714 279
1580210960 280
1580214064 281
1580214642 282
1580214715 283
1580215430 284
1580218095 285
1580218312 286
1580234905 287
1580237499 288
1580239491 289
1580239614 290
1580239642 291
1580240823 292
1580242009 293
1580242271 294
1580244435 295
1580246007 296
1580250782 297
1580252123 298
1580263337 299
1580266899 300
1580281426 301
1580286821 302
1580289227 303
1580291450 304
1580291926 305
1580292256 306
1580293317 307
1580293461 308
1580294692 309
1580295949 310
1580297046 311
1580304197 312
1580305313 313
1580308050 314
1580309486 315
1580314182 316
1580328596 317
1580329136 318
1580333196 319
1580334924 320
1580341579 321
1580352894 322
1580361242 323
1580372528 324
1580378199 325
1580378646 326
1580379102 327
1580380689 328
1580381070 329
1580381504 330
1580383871 331
1580386391 332
1580389339 333
1580390124 334
1580393334 335
1580396988 336
1580397439 337
1580404348 338
1580418110 339
1580418279 340
1580419059 341
1580420960 342
1580425672 343
1580460065 344
1580461280 345
1580464664 346
1580468550 347
1580472399 348
1580473279 349
1580474163 350
1580477055 351
1580478927 352
1580484853 353
1580487904 354
1580494200 355
1580495775 356
1580495851 357
1580497424 358
1580503648 359
1580503712 360
1580505690 361
1580518207 362
1580545588 363
1580546975 364
1580547601 365
1580549272 366
1580554637 367
1580555486 368
1580559931 369
1580563178 370
1580571642 371
1580596569 372
1580597746 373
1580602005 374
1580611880 375
1580615662 376
1580641210 377
1580641805 378
1580645299 379
1580647089 380
1580654725 381
1580655562 382
1580659674 383
1580673381 384
1580682687 385
1580684741 386
1580699492 387
1580716630 388
1580721735 389
1580724385 390
1580728884 391
1580740545 392
1580740922 393
1580744082 394
1580748471 395
1580762786 396
1580768440 397
1580772379 398
1580802759 399
1580819234 400
1580825801 401
1580836548 402
1580837864 403
1580843552 404
1580858244 405
1580866186 406
1580889641 407
1580905759 408
1580913537 409
1580916749 410
1580920567 411
1580921681 412
1580921851 413
1580927084 414
1580936329 415
1580978260 416
1580986937 417
1581010663 418
1581061851 419
1581070613 420
1581072844 421
1581074277 422
1581086123 423
1581094415 424
1581098706 425
1581118315 426
1581157548 427
1581158479 428
1581159381 429
1581159953 430
1581161411 431
1581162629 432
1581172511 433
1581176407 434
1581177359 435
1581181207 436
1581183489 437
1581187306 438
1581188385 439
1581193042 440
1581195345 441
1581324821 442
1581331161 443
1581331394 444
1581334312 445
1581339543 446
1581357967 447
1581370515 448
1581412981 449
1581414559 450
1581419656 451
1581428997 452
1581429752 453
1581435264 454
1581442081 455
1581445993 456
1581449554 457
1581450308 458
1581496171 459
1581509957 460
1581513139 461
1581546660 462
1581581725 463
1581582731 464
1581585241 465
1581585824 466
1581594387 467
1581610854 468
1581612353 469
1581635783 470
1581646190 471
1581679386 472
1581770395 473
1581771472 474
1581798034 475
1581884638 476
1581924361 477
1581943066 478
1581953185 479
1581983608 480
1581998295 481
1582141950 482
1582220672 483
1582272984 484
1582282745 485
1582284629 486
1582326576 487
1582377942 488
1582385296 489
1582390772 490
1582391951 491
1582396817 492
1582402425 493
1582410431 494
1582420665 495
1582423902 496
1582456071 497
1582457845 498
1582461884 499
1582463236 500
1582482830 501
1582483015 502
1582497493 503
1582497549 504
1582535958 505
1582537820 506
1582541375 507
1582544318 508
1582546289 509
1582547431 510
1582549050 511
1582549138 512
1582549914 513
1582554319 514
1582555618 515
1582555659 516
1582555762 517
1582558310 518
1582558442 519
1582559505 520
1582561004 521
1582561573 522
1582561978 523
1582562195 524
1582562717 525
1582563983 526
1582565270 527
1582565759 528
1582568627 529
1582571134 530
1582573286 531
1582573993 532
1582575979 533
1582581666 534
1582598944 535
1582614333 536
1582615975 537
1582620595 538
1582622443 539
1582627726 540
1582628613 541
1582629053 542
1582630446 543
1582630853 544
1582631966 545
1582633462 546
1582638628 547
1582638763 548
1582640340 549
1582641162 550
1582642459 551
1582643188 552
1582645706 553
1582646299 554
1582648592 555
1582650461 556
1582651225 557
1582655012 558
1582655306 559
1582655367 560
1582659266 561
1582659301 562
1582662828 563
1582665550 564
1582666546 565
1582668436 566
1582673226 567
1582673343 568
1582702480 569
1582712684 570
1582714369 571
1582715238 572
1582715729 573
1582716039 574
1582717298 575
1582720744 576
1582722355 577
1582724283 578
1582724605 579
1582725429 580
1582728811 581
1582732492 582
1582732619 583
1582732714 584
1582733528 585
1582734922 586
1582735067 587
1582735408 588
1582735601 589
1582736182 590
1582737595 591
1582738899 592
1582739226 593
1582740609 594
1582744299 595
1582745431 596
1582747271 597
1582752458 598
1582753999 599
1582754587 600
1582754765 601
1582755496 602
1582781146 603
1582785858 604
1582786046 605
1582795284 606
1582797060 607
1582797451 608
1582797889 609
1582799164 610
1582801259 611
1582802861 612
1582803516 613
1582805661 614
1582806431 615
1582809112 616
1582809645 617
1582810821 618
1582811578 619
1582811752 620
1582818178 621
1582822971 622
1582826009 623
1582827871 624
1582833326 625
1582836786 626
1582837282 627
1582838314 628
1582838841 629
1582839768 630
1582841199 631
1582841279 632
1582842132 633
1582843507 634
1582843895 635
1582846870 636
1582847664 637
1582849603 638
1582851554 639
1582854281 640
1582870865 641
1582872089 642
1582873197 643
1582876968 644
1582879735 645
1582880484 646
1582880893 647
1582882183 648
1582883645 649
1582883970 650
1582884112 651
1582886279 652
1582886664 653
1582887068 654
1582888323 655
1582888836 656
1582889001 657
1582890578 658
1582891735 659
1582893249 660
1582894109 661
1582897018 662
1582899158 663
1582899172 664
1582900772 665
1582901583 666
1582901972 667
1582902555 668
1582903999 669
1582906321 670
1582909276 671
1582911754 672
1582912062 673
1582913556 674
1582918759 675
1582918892 676
1582919023 677
1582919717 678
1582920244 679
1582922689 680
1582923317 681
1582923575 682
1582923783 683
1582928171 684
1582931983 685
1582933156 686
1582935651 687
1582939292 688
1582957039 689
1582959634 690
1582960509 691
1582962218 692
1582962507 693
1582967196 694
1582973475 695
1582974341 696
1582976265 697
1582976268 698
1582978340 699
1582986017 700
1582986686 701
1582987636 702
1582990379 703
1582990926 704
1582992395 705
1582992628 706
1582993180 707
1582994276 708
1582998494 709
1582999938 710
1583000348 711
1583000756 712
1583002524 713
1583005014 714
1583005185 715
1583005572 716
1583006131 717
1583006155 718
1583006481 719
1583010269 720
1583010636 721
1583010946 722
1583011724 723
1583013290 724
1583013644 725
1583015969 726
1583017232 727
1583018787 728
1583021646 729
1583044078 730
1583049042 731
1583058550 732
1583061724 733
1583062578 734
1583065191 735
1583072042 736
1583074110 737
1583077462 738
1583080027 739
1583082260 740
1583083304 741
1583084335 742
1583085795 743
1583087673 744
1583089711 745
1583090422 746
1583090849 747
1583091164 748
1583091777 749
1583091915 750
1583093498 751
1583093790 752
1583093841 753
1583095000 754
1583100276 755
1583100396 756
1583101696 757
1583102192 758
1583103340 759
1583105552 760
1583108849 761
1583115640 762
1583131695 763
1583132180 764
1583132608 765
1583136924 766
1583142250 767
1583143847 768
1583148676 769
1583148926 770
1583151672 771
1583151695 772
1583151823 773
1583153334 774
1583154010 775
1583155665 776
1583155695 777
1583156047 778
1583157797 779
1583158490 780
1583159875 781
1583160067 782
1583162859 783
1583164380 784
1583165324 785
1583167820 786
1583168212 787
1583168388 788
1583168876 789
1583170301 790
1583170607 791
1583170657 792
1583176121 793
1583176819 794
1583181768 795
1583184677 796
1583184726 797
1583184797 798
1583185240 799
1583186026 800
1583186484 801
1583186961 802
1583187874 803
1583189093 804
1583190945 805
1583193331 806
1583193843 807
1583196207 808
1583198653 809
1583220371 810
1583226444 811
1583228639 812
1583233159 813
1583235269 814
1583238361 815
1583238806 816
1583239491 817
1583239723 818
1583240739 819
1583241226 820
1583244336 821
1583246002 822
1583246336 823
1583247714 824
1583249219 825
1583249276 826
1583254819 827
1583255173 828
1583257851 829
1583260664 830
1583261701 831
1583265172 832
1583265571 833
1583265761 834
1583266056 835
1583266872 836
1583268079 837
1583269982 838
1583271259 839
1583271873 840
1583278055 841
1583279920 842
1583306960 843
1583307812 844
1583312153 845
1583316804 846
1583317287 847
1583317526 848
1583322666 849
1583323546 850
1583324701 851
1583326008 852
1583326796 853
1583326851 854
1583329707 855
1583329766 856
1583332387 857
1583333553 858
1583333785 859
1583335222 860
1583335783 861
1583337199 862
1583337975 863
1583338335 864
1583344069 865
1583346646 866
1583347076 867
1583348858 868
1583350184 869
1583352957 870
1583353853 871
1583359476 872
1583359624 873
1583364588 874
1583372542 875
1583380549 876
1583387023 877
1583390165 878
1583391427 879
1583396050 880
1583397004 881
1583398157 882
1583398264 883
1583399990 884
1583402131 885
1583404628 886
1583404933 887
1583405206 888
1583405779 889
1583407969 890
1583410520 891
1583410746 892
1583411088 893
1583413297 894
1583413520 895
1583415867 896
1583417396 897
1583420357 898
1583421541 899
1583423911 900
1583425391 901
1583426054 902
1583426515 903
1583428076 904
1583431629 905
1583432622 906
1583432997 907
1583434109 908
1583437042 909
1583437268 910
1583437934 911
1583438645 912
1583439390 913
1583440606 914
1583442074 915
1583444599 916
1583444894 917
1583446175 918
1583448634 919
1583451252 920
1583455362 921
1583456117 922
1583460415 923
1583481795 924
1583482837 925
1583486516 926
1583487723 927
1583487750 928
1583488161 929
1583489104 930
1583489620 931
1583490809 932
1583491793 933
1583493356 934
1583494195 935
1583498447 936
1583500372 937
1583502357 938
1583502776 939
1583502942 940
1583503109 941
1583504046 942
1583504220 943
1583506390 944
1583506817 945
1583507778 946
1583507851 947
1583508542 948
1583512801 949
1583516683 950
1583518309 951
1583521633 952
1583523014 953
1583523508 954
1583525044 955
1583525210 956
1583526375 957
1583531166 958
1583533921 959
1583538214 960
1583539557 961
1583543124 962
1583548163 963
1583570868 964
1583572314 965
1583572469 966
1583574314 967
1583580628 968
1583584152 969
1583584677 970
1583587384 971
1583589852 972
1583594211 973
1583596315 974
1583599326 975
1583601605 976
1583604168 977
1583608959 978
1583609464 979
1583611726 980
1583613775 981
1583614769 982
1583614870 983
1583615655 984
1583616071 985
1583619428 986
1583625565 987
1583625739 988
1583633920 989
1583637915 990
1583638146 991
1583646243 992
1583655198 993
1583660557 994
1583662122 995
1583663416 996
1583667935 997
1583669007 998
1583670517 999
1583672828 1000
1583673059 1001
1583673226 1002
1583675607 1003
1583679377 1004
1583680251 1005
1583680914 1006
1583684085 1007
1583685229 1008
1583690335 1009
1583692576 1010
1583694339 1011
1583696780 1012
1583699910 1013
1583700177 1014
1583703376 1015
1583706195 1016
1583706383 1017
1583706602 1018
1583709824 1019
1583711113 1020
1583713283 1021
1583715360 1022
1583724944 1023
1583734573 1024
1583737708 1025
1583744677 1026
1583744788 1027
1583745880 1028
1583746584 1029
1583755915 1030
1583757348 1031
1583757420 1032
1583761852 1033
1583762414 1034
1583763398 1035
1583763567 1036
1583767396 1037
1583768343 1038
1583768722 1039
1583770805 1040
1583771803 1041
1583771869 1042
1583772231 1043
1583772333 1044
1583772465 1045
1583776537 1046
1583778825 1047
1583782810 1048
1583782888 1049
1583784344 1050
1583785090 1051
1583785928 1052
1583786999 1053
1583787396 1054
1583790111 1055
1583790496 1056
1583791485 1057
1583794288 1058
1583795516 1059
1583799918 1060
1583800180 1061
1583800460 1062
1583801264 1063
1583816476 1064
1583826500 1065
1583827615 1066
1583832091 1067
1583832986 1068
1583834461 1069
1583836407 1070
1583839480 1071
1583839881 1072
1583840635 1073
1583841059 1074
1583842421 1075
1583843509 1076
1583844807 1077
1583844963 1078
1583847478 1079
1583848213 1080
1583849807 1081
1583853754 1082
1583855305 1083
1583855713 1084
1583859888 1085
1583863946 1086
1583865779 1087
1583866945 1088
1583870780 1089
1583871684 1090
1583898259 1091
1583911358 1092
1583912331 1093
1583912883 1094
1583913184 1095
1583916382 1096
1583918962 1097
1583920638 1098
1583922046 1099
1583933197 1100
1583934954 1101
1583937801 1102
1583940791 1103
1583941386 1104
1583945865 1105
1583947908 1106
1583949421 1107
1583949647 1108
1583951652 1109
1583952568 1110
1583953323 1111
1583954390 1112
1583954753 1113
1583957008 1114
1583958576 1115
1583961415 1116
1583961419 1117
1583961950 1118
1583963329 1119
1583963615 1120
1583964215 1121
1583965735 1122
1583968352 1123
1583969483 1124
1583969544 1125
1583970080 1126
1583971804 1127
1583973557 1128
1583974878 1129
1583976073 1130
1583980767 1131
1583980807 1132
1583988858 1133
1583989126 1134
1583992428 1135
1583998732 1136
1584000090 1137
1584000892 1138
1584001484 1139
1584003074 1140
1584003794 1141
1584007557 1142
1584007776 1143
1584008348 1144
1584009266 1145
1584009297 1146
1584009316 1147
1584009865 1148
1584011401 1149
1584012897 1150
1584013359 1151
1584013582 1152
1584014076 1153
1584017842 1154
1584019384 1155
1584020001 1156
1584021612 1157
1584022009 1158
1584022269 1159
1584024031 1160
1584025706 1161
1584025998 1162
1584029582 1163
1584030426 1164
1584030778 1165
1584033341 1166
1584033602 1167
1584035120 1168
1584036545 1169
1584039510 1170
1584039668 1171
1584040451 1172
1584041336 1173
1584042253 1174
1584042361 1175
1584042823 1176
1584043275 1177
1584043316 1178
1584043330 1179
1584043351 1180
1584043367 1181
1584043391 1182
1584043427 1183
1584043476 1184
1584043515 1185
1584043631 1186
1584043646 1187
1584043738 1188
1584043765 1189
1584043816 1190
1584044318 1191
1584044373 1192
1584044405 1193
1584044722 1194
1584044814 1195
1584044872 1196
1584045196 1197
1584045216 1198
1584045454 1199
1584045733 1200
1584047255 1201
1584047733 1202
1584047857 1203
1584047957 1204
1584048272 1205
1584048799 1206
1584048984 1207
1584049489 1208
1584049823 1209
1584050059 1210
1584050165 1211
1584050949 1212
1584051150 1213
1584051350 1214
1584052701 1215
1584052927 1216
1584053131 1217
1584054807 1218
1584055601 1219
1584055645 1220
1584056053 1221
1584057057 1222
1584057757 1223
1584058901 1224
1584059485 1225
1584059849 1226
1584060080 1227
1584071834 1228
1584075439 1229
1584079510 1230
1584079568 1231
1584080401 1232
1584081554 1233
1584082531 1234
1584083341 1235
1584087096 1236
1584088091 1237
1584088150 1238
1584090231 1239
1584091257 1240
1584092550 1241
1584093655 1242
1584094450 1243
1584095317 1244
1584096938 1245
1584098998 1246
1584100275 1247
1584101767 1248
1584102150 1249
1584102553 1250
1584104796 1251
1584105279 1252
1584106094 1253
1584106438 1254
1584106816 1255
1584107665 1256
1584109653 1257
1584110896 1258
1584111891 1259
1584114441 1260
1584114458 1261
1584114937 1262
1584118451 1263
1584119351 1264
1584120803 1265
1584122433 1266
1584122583 1267
1584125525 1268
1584125721 1269
1584125944 1270
1584126229 1271
1584127174 1272
1584127716 1273
1584128617 1274
1584129430 1275
1584131970 1276
1584132939 1277
1584133610 1278
1584135937 1279
1584136241 1280
1584136491 1281
1584136753 1282
1584137422 1283
1584137585 1284
1584137812 1285
1584137986 1286
1584138104 1287
1584139102 1288
1584140004 1289
1584141095 1290
1584145853 1291
1584147330 1292
1584149891 1293
1584166434 1294
1584176087 1295
1584177771 1296
1584179949 1297
1584181088 1298
1584181360 1299
1584181985 1300
1584183437 1301
1584184029 1302
1584184613 1303
1584186496 1304
1584186875 1305
1584187272 1306
1584189358 1307
1584189688 1308
1584190967 1309
1584192993 1310
1584193804 1311
1584194806 1312
1584196516 1313
1584196519 1314
1584196982 1315
1584197030 1316
1584198538 1317
1584201100 1318
1584201823 1319
1584202937 1320
1584203493 1321
1584207487 1322
1584209232 1323
1584209496 1324
1584209943 1325
1584212096 1326
1584213881 1327
1584214174 1328
1584214618 1329
1584215222 1330
1584215272 1331
1584215574 1332
1584215953 1333
1584216016 1334
1584216111 1335
1584217017 1336
1584217074 1337
1584217468 1338
1584217510 1339
1584217584 1340
1584217661 1341
1584217728 1342
1584217938 1343
1584218130 1344
1584218398 1345
1584218437 1346
1584218609 1347
1584218747 1348
1584218752 1349
1584218757 1350
1584218921 1351
1584218926 1352
1584219054 1353
1584219306 1354
1584219923 1355
1584220291 1356
1584220401 1357
1584220750 1358
1584220857 1359
1584220896 1360
1584221080 1361
1584221491 1362
1584221565 1363
1584221656 1364
1584221664 1365
1584221734 1366
1584222221 1367
1584222342 1368
1584222407 1369
1584223121 1370
1584223446 1371
1584223522 1372
1584223806 1373
1584224552 1374
1584224728 1375
1584225157 1376
1584225463 1377
1584225948 1378
1584226030 1379
1584226387 1380
1584226730 1381
1584227310 1382
1584228224 1383
1584228448 1384
1584228655 1385
1584228709 1386
1584228762 1387
1584230471 1388
1584230508 1389
1584230633 1390
1584231105 1391
1584231127 1392
1584231836 1393
1584232760 1394
1584233485 1395
1584233602 1396
1584234405 1397
1584235319 1398
1584235329 1399
1584235456 1400
1584235846 1401
1584236160 1402
1584237774 1403
1584252017 1404
1584254250 1405
1584256800 1406
1584258453 1407
1584259587 1408
1584259794 1409
1584259941 1410
1584261510 1411
1584261600 1412
1584261735 1413
1584263044 1414
1584263125 1415
1584263314 1416
1584263727 1417
1584265334 1418
1584266719 1419
1584267366 1420
1584268067 1421
1584268285 1422
1584268451 1423
1584268453 1424
1584269354 1425
1584271431 1426
1584271621 1427
1584271870 1428
1584271991 1429
1584272080 1430
1584272379 1431
1584272453 1432
1584273427 1433
1584273705 1434
1584273731 1435
1584273797 1436
1584273824 1437
1584274228 1438
1584275060 1439
1584275106 1440
1584275526 1441
1584276423 1442
1584277364 1443
1584279118 1444
1584280143 1445
1584280207 1446
1584280658 1447
1584281015 1448
1584282583 1449
1584282818 1450
1584283191 1451
1584284060 1452
1584284093 1453
1584285493 1454
1584286721 1455
1584287018 1456
1584287107 1457
1584287449 1458
1584287556 1459
1584288969 1460
1584289446 1461
1584290342 1462
1584291410 1463
1584291824 1464
1584292255 1465
1584292483 1466
1584292899 1467
1584292998 1468
1584293260 1469
1584293396 1470
1584293589 1471
1584293641 1472
1584293788 1473
1584294018 1474
1584294123 1475
1584294397 1476
1584294643 1477
1584294775 1478
1584295196 1479
1584295349 1480
1584295528 1481
1584295551 1482
1584296028 1483
1584296132 1484
1584297020 1485
1584297051 1486
1584297172 1487
1584298096 1488
1584298541 1489
1584299300 1490
1584299330 1491
1584299433 1492
1584300024 1493
1584300239 1494
1584301560 1495
1584301598 1496
1584302599 1497
1584303481 1498
1584303737 1499
1584304546 1500
1584304546 1501
1584304863 1502
1584304882 1503
1584305241 1504
1584305456 1505
1584305965 1506
1584306014 1507
1584306689 1508
1584307247 1509
1584307335 1510
1584307473 1511
1584308454 1512
1584309219 1513
1584310057 1514
1584310339 1515
1584310654 1516
1584310953 1517
1584311800 1518
1584311899 1519
1584311959 1520
1584312368 1521
1584312433 1522
1584312637 1523
1584313412 1524
1584313855 1525
1584314495 1526
1584314586 1527
1584315039 1528
1584318635 1529
1584320675 1530
1584322907 1531
1584322974 1532
1584324385 1533
1584325782 1534
1584328234 1535
1584328789 1536
1584329646 1537
1584335305 1538
1584339301 1539
1584341464 1540
1584342243 1541
1584342803 1542
1584344641 1543
1584344840 1544
1584345456 1545
1584346635 1546
1584346691 1547
1584346978 1548
1584347593 1549
1584347607 1550
1584347911 1551
1584348544 1552
1584348810 1553
1584349240 1554
1584349615 1555
1584351189 1556
1584351422 1557
1584352274 1558
1584352706 1559
1584352806 1560
1584353819 1561
1584354266 1562
1584354402 1563
1584355192 1564
1584355466 1565
1584355923 1566
1584356336 1567
1584356396 1568
1584356462 1569
1584356723 1570
1584356886 1571
1584357079 1572
1584357590 1573
1584357965 1574
1584358281 1575
1584358295 1576
1584358947 1577
1584359105 1578
1584359423 1579
1584359497 1580
1584359592 1581
1584359750 1582
1584360103 1583
1584360150 1584
1584360428 1585
1584361423 1586
1584362027 1587
1584362632 1588
1584362677 1589
1584362847 1590
1584362882 1591
1584363072 1592
1584363197 1593
1584363815 1594
1584364160 1595
1584364939 1596
1584365561 1597
1584365575 1598
1584366717 1599
1584368013 1600
1584368017 1601
1584368076 1602
1584369862 1603
1584369942 1604
1584370980 1605
1584371232 1606
1584371310 1607
1584372010 1608
1584372211 1609
1584372549 1610
1584373576 1611
1584373765 1612
1584373969 1613
1584373996 1614
1584374822 1615
1584375396 1616
1584375440 1617
1584376089 1618
1584376233 1619
1584376235 1620
1584376760 1621
1584377004 1622
1584377840 1623
1584377924 1624
1584378048 1625
1584378341 1626
1584378406 1627
1584379259 1628
1584379717 1629
1584379972 1630
1584379994 1631
1584380038 1632
1584382435 1633
1584382656 1634
1584382672 1635
1584383414 1636
1584383981 1637
1584384311 1638
1584384715 1639
1584384880 1640
1584385060 1641
1584385111 1642
1584385292 1643
1584385630 1644
1584385633 1645
1584386217 1646
1584386768 1647
1584386977 1648
1584387555 1649
1584388081 1650
1584388104 1651
1584388317 1652
1584388656 1653
1584388677 1654
1584389086 1655
1584389134 1656
1584389164 1657
1584389290 1658
1584389457 1659
1584389629 1660
1584389802 1661
1584389937 1662
1584391129 1663
1584391646 1664
1584391838 1665
1584392509 1666
1584392570 1667
1584392665 1668
1584393432 1669
1584393686 1670
1584394071 1671
1584394251 1672
1584394351 1673
1584395340 1674
1584395914 1675
1584396782 1676
1584396903 1677
1584397049 1678
1584397135 1679
1584397235 1680
1584397371 1681
1584398021 1682
1584398423 1683
1584398612 1684
1584398618 1685
1584398809 1686
1584399170 1687
1584399325 1688
1584400031 1689
1584400404 1690
1584400427 1691
1584400460 1692
1584400951 1693
1584401321 1694
1584402511 1695
1584402626 1696
1584402814 1697
1584403377 1698
1584403668 1699
1584404183 1700
1584404738 1701
1584404799 1702
1584411037 1703
1584411260 1704
1584425548 1705
1584425562 1706
1584428360 1707
1584430319 1708
1584430471 1709
1584431436 1710
1584431867 1711
1584433247 1712
1584433311 1713
1584434985 1714
1584435525 1715
1584436657 1716
1584436945 1717
1584436958 1718
1584438638 1719
1584439057 1720
1584441130 1721
1584441871 1722
1584442072 1723
1584443285 1724
1584443833 1725
1584443922 1726
1584444322 1727
1584444634 1728
1584445251 1729
1584445633 1730
1584446266 1731
1584446346 1732
1584447511 1733
1584447611 1734
1584447649 1735
1584447698 1736
1584448352 1737
1584448433 1738
1584448666 1739
1584449225 1740
1584450078 1741
1584451094 1742
1584451843 1743
1584453048 1744
1584453828 1745
1584454587 1746
1584456251 1747
1584456762 1748
1584456864 1749
1584457880 1750
1584459051 1751
1584459095 1752
1584459371 1753
1584459663 1754
1584460317 1755
1584460331 1756
1584461187 1757
1584462802 1758
1584462843 1759
1584463038 1760
1584463321 1761
1584463364 1762
1584463592 1763
1584464619 1764
1584465037 1765
1584465561 1766
1584465994 1767
1584466028 1768
1584466305 1769
1584466376 1770
1584466443 1771
1584470849 1772
1584472900 1773
1584473887 1774
1584474056 1775
1584474065 1776
1584474341 1777
1584477179 1778
1584478380 1779
1584482613 1780
1584482734 1781
1584483980 1782
1584485518 1783
1584485997 1784
1584489264 1785
1584489904 1786
1584490264 1787
1584490642 1788
1584491238 1789
1584491596 1790
1584516458 1791
1584518900 1792
1584519736 1793
1584521381 1794
1584522966 1795
1584523173 1796
1584523948 1797
1584524651 1798
1584525126 1799
1584525695 1800
1584526297 1801
1584527151 1802
1584528474 1803
1584530077 1804
1584530421 1805
1584531754 1806
1584531983 1807
1584532310 1808
1584532336 1809
1584534894 1810
1584535086 1811
1584535092 1812
1584535418 1813
1584538648 1814
1584539820 1815
1584540049 1816
1584540882 1817
1584541085 1818
1584543159 1819
1584543688 1820
1584543941 1821
1584544153 1822
1584544402 1823
1584544908 1824
1584547426 1825
1584548330 1826
1584548445 1827
1584548994 1828
1584552256 1829
1584553192 1830
1584554057 1831
1584554826 1832
1584555053 1833
1584555817 1834
1584557544 1835
1584558627 1836
1584558724 1837
1584559186 1838
1584559456 1839
1584559526 1840
1584560624 1841
1584561196 1842
1584562554 1843
1584562987 1844
1584563172 1845
1584563644 1846
1584563691 1847
1584565028 1848
1584565405 1849
1584566371 1850
1584567177 1851
1584568495 1852
1584570380 1853
1584571226 1854
1584578348 1855
1584578845 1856
1584579271 1857
1584603667 1858
1584604036 1859
1584604469 1860
1584607740 1861
1584612873 1862
1584614702 1863
1584616339 1864
1584618923 1865
1584619030 1866
1584620707 1867
1584620996 1868
1584622863 1869
1584625355 1870
1584630607 1871
1584631991 1872
1584632885 1873
1584633994 1874
1584636600 1875
1584636858 1876
1584637159 1877
1584639441 1878
1584640741 1879
1584641040 1880
1584644573 1881
1584645527 1882
1584649964 1883
1584653809 1884
1584656110 1885
1584656499 1886
1584658546 1887
1584660096 1888
1584670147 1889
1584677227 1890
1584687656 1891
1584690136 1892
1584692267 1893
1584693849 1894
1584694018 1895
1584694425 1896
1584696987 1897
1584698314 1898
1584698690 1899
1584699077 1900
1584700442 1901
1584702105 1902
1584702278 1903
1584703510 1904
1584703810 1905
1584704184 1906
1584704650 1907
1584705429 1908
1584706296 1909
1584707866 1910
1584710739 1911
1584712099 1912
1584716945 1913
1584718199 1914
1584720083 1915
1584720838 1916
1584721897 1917
1584722315 1918
1584722978 1919
1584723403 1920
1584723771 1921
1584723799 1922
1584724486 1923
1584725420 1924
1584727860 1925
1584727960 1926
1584732857 1927
1584734243 1928
1584734344 1929
1584734704 1930
1584735101 1931
1584736301 1932
1584736744 1933
1584737966 1934
1584737972 1935
1584738023 1936
1584740330 1937
1584740400 1938
1584740682 1939
1584743929 1940
1584745107 1941
1584746236 1942
1584747353 1943
1584749313 1944
1584749771 1945
1584755096 1946
1584756654 1947
1584756675 1948
1584757668 1949
1584771988 1950
1584776215 1951
1584776360 1952
1584785020 1953
1584786444 1954
1584790755 1955
1584793983 1956
1584794520 1957
1584796003 1958
1584800258 1959
1584800351 1960
1584800485 1961
1584808466 1962
1584810580 1963
1584816006 1964
1584816530 1965
1584816715 1966
1584820419 1967
1584820638 1968
1584822807 1969
1584823233 1970
1584826291 1971
1584826700 1972
1584827001 1973
1584829731 1974
1584829988 1975
1584831484 1976
1584833133 1977
1584833292 1978
1584833711 1979
1584835338 1980
1584836185 1981
1584842394 1982
1584844297 1983
1584848947 1984
1584859364 1985
1584864825 1986
1584864858 1987
1584867378 1988
1584869616 1989
1584870156 1990
1584870476 1991
1584874411 1992
1584876458 1993
1584878907 1994
1584882275 1995
1584883291 1996
1584885004 1997
1584885828 1998
1584887480 1999
1584892537 2000
1584892582 2001
1584894447 2002
1584898106 2003
1584901804 2004
1584902064 2005
1584906437 2006
1584907450 2007
1584907891 2008
1584911090 2009
1584911108 2010
1584912895 2011
1584914530 2012
1584916381 2013
1584916972 2014
1584918155 2015
1584919668 2016
1584920397 2017
1584922415 2018
1584922910 2019
1584927024 2020
1584942277 2021
1584947455 2022
1584947476 2023
1584962174 2024
1584963313 2025
1584965033 2026
1584965227 2027
1584969000 2028
1584969036 2029
1584971706 2030
1584972873 2031
1584974040 2032
1584974126 2033
1584976460 2034
1584976533 2035
1584976807 2036
1584977452 2037
1584978015 2038
1584979589 2039
1584980297 2040
1584980772 2041
1584981484 2042
1584982934 2043
1584984735 2044
1584985383 2045
1584987113 2046
1584987935 2047
1584990539 2048
1584994701 2049
1584995707 2050
1584997043 2051
1584999386 2052
1585000496 2053
1585000939 2054
1585002202 2055
1585003050 2056
1585030438 2057
1585038916 2058
1585042190 2059
1585043303 2060
1585044668 2061
1585044738 2062
1585049243 2063
1585062493 2064
1585065861 2065
1585069332 2066
1585070050 2067
1585073473 2068
1585076131 2069
1585082818 2070
1585087377 2071
1585119539 2072
1585123565 2073
1585123787 2074
1585126202 2075
1585126539 2076
1585132908 2077
1585139712 2078
1585150674 2079
1585151330 2080
1585151754 2081
1585156434 2082
1585156497 2083
1585156664 2084
1585157991 2085
1585159248 2086
1585160325 2087
1585163221 2088
1585164365 2089
1585168749 2090
1585169363 2091
1585169819 2092
1585178033 2093
1585180771 2094
1585184143 2095
1585191549 2096
1585217953 2097
1585218593 2098
1585219537 2099
1585228728 2100
1585229842 2101
1585238066 2102
1585240672 2103
1585243652 2104
1585251319 2105
1585251319 2106
1585261803 2107
1585262332 2108
1585263851 2109
1585268345 2110
1585288515 2111
1585301109 2112
1585304706 2113
1585305658 2114
1585310549 2115
1585311433 2116
1585311899 2117
1585314085 2118
1585316504 2119
1585319094 2120
1585319159 2121
1585322469 2122
1585327192 2123
1585328026 2124
1585328490 2125
1585333771 2126
1585346148 2127
1585350976 2128
1585353990 2129
1585356207 2130
1585356371 2131
1585360524 2132
1585361662 2133
1585369988 2134
1585382707 2135
1585386805 2136
1585387998 2137
1585388193 2138
1585389750 2139
1585392523 2140
1585392618 2141
1585394792 2142
1585394884 2143
1585396836 2144
1585398129 2145
1585398427 2146
1585400478 2147
1585404098 2148
1585404557 2149
1585412626 2150
1585414574 2151
1585417603 2152
1585419974 2153
1585420272 2154
1585420291 2155
1585421386 2156
1585423320 2157
1585424064 2158
1585430555 2159
1585430645 2160
1585443960 2161
1585445651 2162
1585472433 2163
1585476346 2164
1585479210 2165
1585479263 2166
1585479332 2167
1585483132 2168
1585487616 2169
1585490235 2170
1585490932 2171
1585493515 2172
1585498217 2173
1585499064 2174
1585500286 2175
1585509737 2176
1585514615 2177
1585516106 2178
1585519706 2179
1585524810 2180
1585527163 2181
1585555288 2182
1585556713 2183
1585559913 2184
1585565813 2185
1585570161 2186
1585573744 2187
1585589129 2188
1585596575 2189
1585597177 2190
1585602471 2191
1585602970 2192
1585612585 2193
1585630900 2194
1585648520 2195
1585655891 2196
1585656637 2197
1585657363 2198
1585658180 2199
1585663394 2200
1585663771 2201
1585669104 2202
1585671581 2203
1585673758 2204
1585683070 2205
1585734524 2206
1585747126 2207
1585753528 2208
1585754670 2209
1585771679 2210
1585779285 2211
1585782160 2212
1585784845 2213
1585788319 2214
1585819439 2215
1585824580 2216
1585828269 2217
1585839586 2218
1585845237 2219
1585850566 2220
1585851896 2221
1585863545 2222
1585868544 2223
1585870417 2224
1585896732 2225
1585909362 2226
1585911361 2227
1585922674 2228
1585923276 2229
1585929679 2230
1585930158 2231
1585933597 2232
1585938272 2233
1585956132 2234
1585956148 2235
1585958224 2236
1585958903 2237
1585978559 2238
1585990855 2239
1586018401 2240
1586022561 2241
1586024419 2242
1586033963 2243
1586055536 2244
1586084722 2245
1586094239 2246
1586096921 2247
1586098273 2248
1586106175 2249
1586116282 2250
1586117364 2251
1586124149 2252
1586125852 2253
1586140078 2254
1586166331 2255
1586167324 2256
1586167525 2257
1586173488 2258
1586178654 2259
1586180464 2260
1586180827 2261
1586180969 2262
1586185203 2263
1586196788 2264
1586198448 2265
1586201201 2266
1586204953 2267
1586207756 2268
1586209225 2269
1586209803 2270
1586215370 2271
1586215990 2272
1586217136 2273
1586220876 2274
1586257436 2275
1586257636 2276
1586257793 2277
1586263293 2278
1586267032 2279
1586273011 2280
1586287352 2281
1586291159 2282
1586296495 2283
1586340034 2284
1586344691 2285
1586352309 2286
1586353198 2287
1586366562 2288
1586369200 2289
1586372256 2290
1586374570 2291
1586380714 2292
1586443351 2293
1586444161 2294
1586469718 2295
1586473546 2296
1586480270 2297
1586483090 2298
1586502196 2299
1586526174 2300
1586546792 2301
1586619429 2302
1586623787 2303
1586623848 2304
1586627751 2305
1586628030 2306
1586653267 2307
1586654915 2308
1586688618 2309
1586688908 2310
1586695295 2311
1586696313 2312
1586707820 2313
1586707993 2314
1586711928 2315
1586720951 2316
1586742804 2317
1586768656 2318
1586774139 2319
1586776882 2320
1586808336 2321
1586808458 2322
1586809248 2323
1586809543 2324
1586810787 2325
1586811360 2326
1586812405 2327
1586813743 2328
1586814080 2329
1586814428 2330
1586815525 2331
1586817822 2332
1586819093 2333
1586820709 2334
1586822306 2335
1586822802 2336
1586827138 2337
1586827865 2338
1586861284 2339
1586869759 2340
1586870050 2341
1586872137 2342
1586886578 2343
1586891379 2344
1586893337 2345
1586904795 2346
1586947331 2347
1586950857 2348
1586958467 2349
1586977822 2350
1586979899 2351
1586987719 2352
1587029238 2353
1587059746 2354
1587073381 2355
1587080119 2356
1587136721 2357
1587138812 2358
1587139400 2359
1587140673 2360
1587140774 2361
1587149305 2362
1587168594 2363
1587175508 2364
1587200619 2365
1587208834 2366
1587210213 2367
1587220757 2368
1587223103 2369
1587235686 2370
1587235704 2371
1587239610 2372
1587254262 2373
1587261679 2374
1587299017 2375
1587306140 2376
1587320496 2377
1587320779 2378
1587324792 2379
1587339383 2380
1587344879 2381
1587397051 2382
1587402510 2383
1587403093 2384
1587461283 2385
1587471890 2386
1587495926 2387
1587498763 2388
1587499959 2389
1587511870 2390
1587539243 2391
1587549267 2392
1587570243 2393
1587592012 2394
1587595194 2395
1587644363 2396
1587645366 2397
1587647615 2398
1587724929 2399
1587726321 2400
1587729615 2401
1587742326 2402
1587762593 2403
1587819968 2404
1587838120 2405
1587846345 2406
1587856384 2407
1587857274 2408
1587859442 2409
1587860616 2410
1587891002 2411
1587913492 2412
1587933119 2413
1587945481 2414
1588015992 2415
1588086561 2416
1588089493 2417
1588090888 2418
1588093201 2419
1588113491 2420
1588149741 2421
1588163866 2422
1588181489 2423
1588196144 2424
1588236411 2425
1588245006 2426
1588245247 2427
1588258162 2428
1588274752 2429
1588281474 2430
1588290785 2431
1588335402 2432
1588348232 2433
1588353601 2434
1588422315 2435
1588443322 2436
1588508906 2437
1588510780 2438
1588553946 2439
1588678574 2440
1588711572 2441
1588714176 2442
1588756707 2443
1588764674 2444
1588765228 2445
1588800382 2446
1588868510 2447
1588868688 2448
1588873336 2449
1588945360 2450
1588960193 2451
1588964238 2452
1589031904 2453
1589046370 2454
1589052771 2455
1589054435 2456
1589122640 2457
1589142107 2458
1589147525 2459
1589151966 2460
1589158220 2461
1589185295 2462
1589196756 2463
1589199978 2464
1589202262 2465
1589240803 2466
1589279565 2467
1589283745 2468
1589289898 2469
1589300676 2470
1589315651 2471
1589466719 2472
1589712998 2473
1589717842 2474
1589797025 2475
1589815205 2476
1589838154 2477
1589888721 2478
1590000499 2479
1590056110 2480
1590060606 2481
1590174302 2482
1590311890 2483
1590317795 2484
1590320194 2485
1590364234 2486
1590392359 2487
1590434559 2488
1590488619 2489
1590528518 2490
1590674666 2491
1590685472 2492
1590687762 2493
1590687933 2494
1590761553 2495
1590782132 2496
1590844281 2497
1590976337 2498
1591042554 2499
1591230086 2500
1591271783 2501
1591966267 2502
1592331989 2503
1592485322 2504
1592837643 2505
1592898386 2506
1593015879 2507
1593017013 2508
1593038373 2509
1593090633 2510
1593128449 2511
1593215394 2512
1593447713 2513
1593459816 2514
1593605710 2515
1594024819 2516
1594144217 2517
1594285384 2518
1594303365 2519
1594632323 2520
1594723510 2521
1594821611 2522
1595090195 2523
1595148222 2524
1595262121 2525
1595513781 2526
1595537065 2527
1595584791 2528
1595638088 2529
1595669522 2530
1595680752 2531
1595843992 2532
1595886709 2533
1595893651 2534
1595943850 2535
1596069774 2536
1596131843 2537
1596145097 2538
1596464543 2539
1596530671 2540
1596598872 2541
1596747183 2542
1596754699 2543
1596912584 2544
1596977015 2545
1597007931 2546
1597020246 2547
1597082767 2548
1597153938 2549
1597170712 2550
1597173858 2551
1597236518 2552
1597434161 2553
1597515885 2554
1597516596 2555
1597571362 2556
1597587812 2557
1597671212 2558
1597685005 2559
1597688266 2560
1597846742 2561
1597876840 2562
1597917450 2563
1598000591 2564
1598121994 2565
1598125472 2566
1598197407 2567
1598216779 2568
1598277714 2569
1598282805 2570
1598348282 2571
1598390567 2572
1598527931 2573
1598535366 2574
1598555073 2575
1598564729 2576
1598620262 2577
1598622164 2578
1598644967 2579
1598746945 2580
1598799027 2581
1598802393 2582
1598807934 2583
1598817549 2584
1598869391 2585
1598870265 2586
1598957261 2587
1598957978 2588
1598963997 2589
1598973812 2590
1598993028 2591
1599002780 2592
1599039249 2593
1599072602 2594
1599177289 2595
1599209826 2596
1599403183 2597
1599431442 2598
1599523296 2599
1599567535 2600
1599567721 2601
1599644533 2602
1599660548 2603
1599738169 2604
1599741671 2605
1599767348 2606
1599820694 2607
1599848698 2608
1599855621 2609
1599946100 2610
1600070298 2611
1600092539 2612
1600102759 2613
1600127038 2614
1600161383 2615
1600390943 2616
1600452959 2617
1600499517 2618
1600547248 2619
1600683145 2620
1600810301 2621
1600858594 2622
1600898846 2623
1600905178 2624
1600953505 2625
1600979095 2626
1601032705 2627
1601039818 2628
1601051821 2629
1601107230 2630
1601112171 2631
1601116139 2632
1601118883 2633
1601119923 2634
1601192717 2635
1601288127 2636
1601288299 2637
1601329392 2638
1601336806 2639
1601463061 2640
1601482767 2641
1601548466 2642
1601622750 2643
1601833467 2644
1601889740 2645
1601898737 2646
1601919560 2647
1601939179 2648
1602006048 2649
1602105082 2650
1602160645 2651
1602407235 2652
1602439875 2653
1602518523 2654
1602543174 2655
1602576336 2656
1602582762 2657
1602586810 2658
1602629684 2659
1602669909 2660
1602682622 2661
1602706150 2662
1602706473 2663
1602706704 2664
1602709270 2665
1602758110 2666
1602777054 2667
1602781955 2668
1602786163 2669
1602846289 2670
1602851214 2671
1602864258 2672
1602948416 2673
1602968630 2674
1602971213 2675
1603019592 2676
1603020178 2677
1603024307 2678
1603125347 2679
1603194993 2680
1603195410 2681
1603223195 2682
1603232164 2683
1603235787 2684
1603288843 2685
1603291795 2686
1603392641 2687
1603441046 2688
1603458706 2689
1603467388 2690
1603477602 2691
1603482585 2692
1603494994 2693
1603615667 2694
1603655884 2695
1603658475 2696
1603661126 2697
1603664813 2698
1603672681 2699
1603716410 2700
1603731920 2701
1603735882 2702
1603739185 2703
1603742157 2704
1603790132 2705
1603795782 2706
1603796351 2707
1603798845 2708
1603809948 2709
1603817813 2710
1603819740 2711
1603825136 2712
1603834167 2713
1603834629 2714
1603840470 2715
1603845303 2716
1603876826 2717
1603881887 2718
1603885493 2719
1603895751 2720
1603899756 2721
1603900258 2722
1603914332 2723
1603915990 2724
1603917077 2725
1603917216 2726
1603917505 2727
1603917910 2728
1603918584 2729
1603918717 2730
1603919379 2731
1603928213 2732
1603935241 2733
1603955291 2734
1603968950 2735
1603971522 2736
1603980285 2737
1603980508 2738
1603983029 2739
1603992859 2740
1603995672 2741
1603997559 2742
1604002038 2743
1604021890 2744
1604050231 2745
1604052623 2746
1604054647 2747
1604093153 2748
1604102931 2749
1604122623 2750
1604139937 2751
1604142460 2752
1604164219 2753
1604168501 2754
1604186922 2755
1604188604 2756
1604239245 2757
1604239885 2758
1604241108 2759
1604268054 2760
1604276005 2761
1604304105 2762
1604338050 2763
1604342677 2764
1604344602 2765
1604349184 2766
1604433116 2767
1604486999 2768
1604593210 2769
1604600833 2770
1604601222 2771
1604677870 2772
1604744820 2773
1604871323 2774
1605036863 2775
1605092315 2776
1605092599 2777
1605123139 2778
1605194372 2779
1605203334 2780
1605221989 2781
1605273318 2782
1605279487 2783
1605318885 2784
1605347688 2785
1605384448 2786
1605397875 2787
1605406033 2788
1605516390 2789
1605568715 2790
1605650061 2791
1605725338 2792
1605727891 2793
1605727985 2794
1605805465 2795
1605823316 2796
1605989645 2797
1606311563 2798
1606514217 2799
1606729292 2800
1606742238 2801
1606754385 2802
1606764805 2803
1606857708 2804
1606915356 2805
1606991375 2806
1606992344 2807
1607070348 2808
1607109632 2809
1607166479 2810
1607340137 2811
1607373717 2812
1607395665 2813
1607432368 2814
1607455806 2815
1607562412 2816
1607612790 2817
1607678627 2818
1607679965 2819
1607853315 2820
1607931346 2821
1607978991 2822
1608032983 2823
1608033312 2824
1608150727 2825
1608234434 2826
1608323258 2827
1608466818 2828
1608471114 2829
1608504240 2830
1608554368 2831
