1579611316 1
1579611555 2
1579621979 3
1579629367 4
1579636944 5
1579639995 6
1579678473 7
1579724250 8
1579727123 9
1579727177 10
1579730378 11
1579733220 12
1579734009 13
1579735590 14
1579737627 15
1579740900 16
1579760592 17
1579772175 18
1579778672 19
1579784057 20
1579784270 21
1579784502 22
1579791432 23
1579792908 24
1579793640 25
1579793677 26
1579806529 27
1579811179 28
1579821659 29
1579827367 30
1579849340 31
1579854262 32
1579858552 33
1579858590 34
1579861015 35
1579861671 36
1579870844 37
1579872263 38
1579873194 39
1579880211 40
1579886746 41
1579887245 42
1579890751 43
1579897615 44
1579898104 45
1579899120 46
1579899597 47
1579899783 48
1579899824 49
1579900351 50
1579900888 51
1579901210 52
1579901630 53
1579901787 54
1579905912 55
1579906049 56
1579906055 57
1579906859 58
1579906939 59
1579908329 60
1579915723 61
1579917298 62
1579940047 63
1579943708 64
1579946835 65
1579949468 66
1579951945 67
1579957910 68
1579961635 69
1579962525 70
1579966349 71
1579968270 72
1579975776 73
1579976055 74
1579978580 75
1579979761 76
1579979940 77
1579982056 78
1579990366 79
1579995294 80
1580034093 81
1580036556 82
1580039617 83
1580040653 84
1580069107 85
1580072563 86
1580073364 87
1580079026 88
1580118638 89
1580119156 90
1580130647 91
1580142357 92
1580145999 93
1580147519 94
1580149929 95
1580150937 96
1580153583 97
1580186044 98
1580200461 99
1580214642 100
1580215430 101
1580237499 102
1580239491 103
1580239642 104
1580240823 105
1580252123 106
1580281426 107
1580291450 108
1580292256 109
1580309486 110
1580372528 111
1580380689 112
1580386391 113
1580390124 114
1580393334 115
1580404348 116
1580419059 117
1580472399 118
1580478927 119
1580484853 120
1580495775 121
1580545588 122
1580546975 123
1580549272 124
1580555486 125
1580559931 126
1580596569 127
1580721735 128
1580740545 129
1580740922 130
1580920567 131
1581070613 132
1581159381 133
1581159953 134
1581172511 135
1581183489 136
1581193042 137
1581334312 138
1581339543 139
1581428997 140
1581435264 141
1581635783 142
1581770395 143
1582391951 144
1582410431 145
1582423902 146
1582463236 147
1582483015 148
1582547431 149
1582549138 150
1582549914 151
1582555762 152
1582561004 153
1582561978 154
1582563983 155
1582568627 156
1582573286 157
1582614333 158
1582620595 159
1582627726 160
1582628613 161
1582638763 162
1582643188 163
1582645706 164
1582666546 165
1582673226 166
1582717298 167
1582720744 168
1582722355 169
1582728811 170
1582732714 171
1582735601 172
1582745431 173
1582753999 174
1582755496 175
1582781146 176
1582786046 177
1582795284 178
1582803516 179
1582806431 180
1582809112 181
1582809645 182
1582836786 183
1582838314 184
1582839768 185
1582841279 186
1582847664 187
1582849603 188
1582870865 189
1582876968 190
1582887068 191
1582899158 192
1582909276 193
1582918892 194
1582923317 195
1582976265 196
1582992628 197
1582994276 198
1583005014 199
1583013290 200
1583072042 201
1583082260 202
1583087673 203
1583091915 204
1583131695 205
1583148676 206
1583155695 207
1583168876 208
1583181768 209
1583246002 210
1583249276 211
1583271259 212
1583278055 213
1583316804 214
1583326851 215
1583329707 216
1583329766 217
1583391427 218
1583398157 219
1583399990 220
1583410520 221
1583415867 222
1583426515 223
1583434109 224
1583437042 225
1583437934 226
1583489104 227
1583490809 228
1583502776 229
1583518309 230
1583526375 231
1583543124 232
1583614769 233
1583625739 234
1583663416 235
1583673059 236
1583700177 237
1583744677 238
1583744788 239
1583757348 240
1583757420 241
1583763567 242
1583772231 243
1583784344 244
1583791485 245
1583832091 246
1583844963 247
1583848213 248
1583859888 249
1583865779 250
1583916382 251
1583918962 252
1583970080 253
1583998732 254
1584009266 255
1584021612 256
1584030778 257
1584036545 258
1584043330 259
1584043427 260
1584045733 261
1584048984 262
1584050949 263
1584091257 264
1584102150 265
1584105279 266
1584114937 267
1584118451 268
1584125525 269
1584127174 270
1584132939 271
1584137986 272
1584139102 273
1584147330 274
1584149891 275
1584186496 276
1584196519 277
1584197030 278
1584212096 279
1584217074 280
1584218398 281
1584221491 282
1584227310 283
1584228655 284
1584231836 285
1584233485 286
1584235329 287
1584269354 288
1584271870 289
1584273731 290
1584279118 291
1584291410 292
1584294775 293
1584303481 294
1584305456 295
1584309219 296
1584318635 297
1584355923 298
1584373996 299
1584378048 300
1584382435 301
1584383414 302
1584386768 303
1584388677 304
1584389164 305
1584397235 306
1584398423 307
1584399325 308
1584404183 309
1584425562 310
1584439057 311
1584446346 312
1584453048 313
1584463592 314
1584522966 315
1584525695 316
1584532310 317
1584532336 318
1584535086 319
1584543159 320
1584543941 321
1584570380 322
1584579271 323
1584612873 324
1584630607 325
1584632885 326
1584649964 327
1584703510 328
1584721897 329
1584723799 330
1584756675 331
1584757668 332
1584800258 333
1584827001 334
1584829731 335
1584831484 336
1584842394 337
1584870156 338
1584894447 339
1584912895 340
1584974040 341
1584976533 342
1584976807 343
1584980772 344
1584987113 345
1585042190 346
1585049243 347
1585070050 348
1585328026 349
1585333771 350
1585356371 351
1585421386 352
1585479263 353
1585490235 354
1585498217 355
1585597177 356
1585655891 357
1585754670 358
1585782160 359
1586024419 360
1586098273 361
1586125852 362
1586166331 363
1586180464 364
1586207756 365
1586623848 366
1586814080 367
1586893337 368
1586987719 369
1587402510 370
1587471890 371
1587539243 372
1587891002 373
1588163866 374
1588236411 375
1588335402 376
1588510780 377
1588553946 378
1588756707 379
1589196756 380
1589315651 381
1592837643 382
1592898386 383
1593215394 384
1595680752 385
1597846742 386
1598197407 387
1598799027 388
1599039249 389
1599660548 390
1600070298 391
1600102759 392
1600499517 393
1600953505 394
1601051821 395
1601889740 396
1601919560 397
1602006048 398
1602706150 399
1602777054 400
1602781955 401
1602851214 402
1603467388 403
1603716410 404
1603739185 405
1603845303 406
1603968950 407
1603997559 408
1604122623 409
1604304105 410
1605279487 411
1605397875 412
1605568715 413
1606311563 414
1606742238 415
1606754385 416
1607109632 417
1607373717 418
1607455806 419
1607562412 420
1607612790 421
1607678627 422
1607679965 423
1607853315 424
1607931346 425
1607978991 426
1608032983 427
1608033312 428
