1579611316 1
1579611555 2
1579617811 3
1579621979 4
1579622150 5
1579629367 6
1579630675 7
1579630765 8
1579631666 9
1579636944 10
1579639995 11
1579640280 12
1579640775 13
1579646008 14
1579678473 15
1579693339 16
1579724250 17
1579727123 18
1579727177 19
1579727975 20
1579730378 21
1579733220 22
1579734009 23
1579734215 24
1579734792 25
1579735590 26
1579737627 27
1579740900 28
1579760592 29
1579775467 30
1579778672 31
1579778830 32
1579784057 33
1579784270 34
1579784502 35
1579792908 36
1579792912 37
1579793677 38
1579806529 39
1579811179 40
1579822944 41
1579823091 42
1579826431 43
1579827367 44
1579840018 45
1579844499 46
1579849146 47
1579849340 48
1579852403 49
1579853947 50
1579854262 51
1579858552 52
1579858590 53
1579861015 54
1579861671 55
1579863724 56
1579870016 57
1579870844 58
1579872263 59
1579875857 60
1579880211 61
1579886746 62
1579887026 63
1579887245 64
1579888707 65
1579890751 66
1579892037 67
1579897192 68
1579897615 69
1579898020 70
1579898093 71
1579898104 72
1579899120 73
1579899597 74
1579899783 75
1579899824 76
1579900093 77
1579900136 78
1579900290 79
1579900351 80
1579900500 81
1579900515 82
1579900888 83
1579901083 84
1579901210 85
1579901630 86
1579901787 87
1579901886 88
1579901916 89
1579902344 90
1579903110 91
1579904013 92
1579904655 93
1579904963 94
1579905912 95
1579906049 96
1579906055 97
1579906227 98
1579906351 99
1579906859 100
1579906939 101
1579906979 102
1579907338 103
1579908229 104
1579908293 105
1579908329 106
1579909219 107
1579911342 108
1579915723 109
1579916416 110
1579917630 111
1579919733 112
1579920712 113
1579922026 114
1579934676 115
1579940047 116
1579943708 117
1579943871 118
1579946835 119
1579947909 120
1579949445 121
1579949468 122
1579949677 123
1579950615 124
1579951014 125
1579951945 126
1579953209 127
1579956895 128
1579957886 129
1579957910 130
1579958330 131
1579961635 132
1579962300 133
1579962525 134
1579964705 135
1579966349 136
1579966383 137
1579967349 138
1579968270 139
1579973982 140
1579975431 141
1579976055 142
1579976177 143
1579978580 144
1579979761 145
1579979940 146
1579982056 147
1579982100 148
1579984623 149
1579986219 150
1579987781 151
1579990366 152
1579995294 153
1579999312 154
1580023491 155
1580025385 156
1580032617 157
1580032644 158
1580034093 159
1580036556 160
1580039617 161
1580039816 162
1580040653 163
1580063156 164
1580069107 165
1580072563 166
1580073364 167
1580077054 168
1580079026 169
1580081552 170
1580082532 171
1580109046 172
1580116947 173
1580119156 174
1580129294 175
1580129688 176
1580130647 177
1580133359 178
1580134245 179
1580135310 180
1580135506 181
1580141917 182
1580142357 183
1580143850 184
1580145999 185
1580147519 186
1580149825 187
1580149929 188
1580149994 189
1580150937 190
1580152565 191
1580157337 192
1580162604 193
1580163235 194
1580163355 195
1580179150 196
1580186044 197
1580200461 198
1580205290 199
1580208891 200
1580209087 201
1580209441 202
1580209664 203
1580209714 204
1580210960 205
1580214642 206
1580215390 207
1580215430 208
1580218095 209
1580233880 210
1580237499 211
1580239491 212
1580239614 213
1580239642 214
1580242009 215
1580244435 216
1580246007 217
1580252123 218
1580281426 219
1580286821 220
1580289227 221
1580291450 222
1580292256 223
1580294692 224
1580297046 225
1580308050 226
1580309486 227
1580328596 228
1580329136 229
1580352894 230
1580361242 231
1580372528 232
1580378199 233
1580379102 234
1580380689 235
1580381070 236
1580386391 237
1580389339 238
1580390124 239
1580396988 240
1580404348 241
1580418110 242
1580419059 243
1580420960 244
1580461280 245
1580464664 246
1580468550 247
1580472399 248
1580473279 249
1580474163 250
1580478927 251
1580494200 252
1580495775 253
1580505690 254
1580545588 255
1580546975 256
1580547601 257
1580555486 258
1580559931 259
1580571642 260
1580596569 261
1580611880 262
1580615662 263
1580645299 264
1580647089 265
1580654725 266
1580655562 267
1580659674 268
1580673381 269
1580682687 270
1580716630 271
1580721735 272
1580724385 273
1580740545 274
1580740922 275
1580762786 276
1580763051 277
1580802759 278
1580819234 279
1580825801 280
1580836548 281
1580837864 282
1580858244 283
1580866186 284
1580889641 285
1580920567 286
1580921681 287
1580921851 288
1580978260 289
1581010663 290
1581061851 291
1581070613 292
1581072844 293
1581118315 294
1581158479 295
1581159381 296
1581159953 297
1581161411 298
1581162629 299
1581177359 300
1581181207 301
1581183489 302
1581187306 303
1581193042 304
1581195345 305
1581331161 306
1581331394 307
1581334312 308
1581339543 309
1581352644 310
1581357967 311
1581414559 312
1581419656 313
1581428997 314
1581429752 315
1581435264 316
1581496171 317
1581509957 318
1581546660 319
1581635783 320
1581646190 321
1581770395 322
1581771472 323
1581798034 324
1581884638 325
1581924361 326
1581943066 327
1581983608 328
1581998295 329
1582116561 330
1582272984 331
1582326576 332
1582390772 333
1582391951 334
1582396817 335
1582402425 336
1582410431 337
1582420665 338
1582423902 339
1582456071 340
1582463236 341
1582482830 342
1582483015 343
1582497493 344
1582497549 345
1582535958 346
1582546289 347
1582547431 348
1582549050 349
1582549914 350
1582554319 351
1582555659 352
1582555762 353
1582561004 354
1582561978 355
1582563983 356
1582565270 357
1582568627 358
1582571134 359
1582573286 360
1582575979 361
1582614333 362
1582615975 363
1582620595 364
1582627726 365
1582628613 366
1582629053 367
1582631966 368
1582638763 369
1582641162 370
1582645706 371
1582650461 372
1582651225 373
1582655306 374
1582655367 375
1582665550 376
1582666546 377
1582673226 378
1582714369 379
1582715729 380
1582717298 381
1582720744 382
1582722355 383
1582728811 384
1582730322 385
1582732492 386
1582735067 387
1582735601 388
1582736182 389
1582737595 390
1582738899 391
1582740609 392
1582752458 393
1582754587 394
1582755496 395
1582781146 396
1582786046 397
1582795284 398
1582797060 399
1582797889 400
1582806431 401
1582809112 402
1582809645 403
1582810821 404
1582811752 405
1582826009 406
1582827871 407
1582836786 408
1582837282 409
1582838314 410
1582839768 411
1582841199 412
1582841279 413
1582843507 414
1582847664 415
1582849603 416
1582870865 417
1582872089 418
1582876968 419
1582879735 420
1582880893 421
1582883645 422
1582883970 423
1582886279 424
1582886664 425
1582887068 426
1582888323 427
1582899158 428
1582899172 429
1582900772 430
1582901583 431
1582903999 432
1582909276 433
1582911754 434
1582913556 435
1582918759 436
1582918892 437
1582920244 438
1582922689 439
1582923783 440
1582931983 441
1582933156 442
1582939292 443
1582959634 444
1582960509 445
1582962507 446
1582967196 447
1582972173 448
1582974341 449
1582976265 450
1582986017 451
1582990379 452
1582992395 453
1582993180 454
1582994276 455
1582999938 456
1583000348 457
1583002524 458
1583005014 459
1583006481 460
1583010636 461
1583010946 462
1583011724 463
1583013290 464
1583017232 465
1583018787 466
1583061724 467
1583062578 468
1583065191 469
1583072042 470
1583074110 471
1583082260 472
1583084335 473
1583087673 474
1583090422 475
1583090849 476
1583091164 477
1583091777 478
1583091915 479
1583093841 480
1583095000 481
1583100276 482
1583101696 483
1583102192 484
1583105552 485
1583108849 486
1583115640 487
1583131695 488
1583136924 489
1583143847 490
1583148676 491
1583151672 492
1583151823 493
1583154010 494
1583155695 495
1583156047 496
1583157797 497
1583165324 498
1583166187 499
1583168388 500
1583168876 501
1583170301 502
1583170657 503
1583176121 504
1583176819 505
1583181768 506
1583184797 507
1583186026 508
1583186484 509
1583187874 510
1583189093 511
1583193843 512
1583198653 513
1583226444 514
1583233159 515
1583235269 516
1583238361 517
1583238806 518
1583239723 519
1583246002 520
1583249276 521
1583254819 522
1583255173 523
1583260664 524
1583265761 525
1583266056 526
1583266872 527
1583268079 528
1583269982 529
1583271259 530
1583271873 531
1583279920 532
1583317526 533
1583324701 534
1583326008 535
1583326796 536
1583326851 537
1583329766 538
1583333553 539
1583335222 540
1583337199 541
1583344069 542
1583347076 543
1583359476 544
1583364588 545
1583387023 546
1583390165 547
1583391427 548
1583396050 549
1583397004 550
1583398157 551
1583398264 552
1583405206 553
1583405779 554
1583407969 555
1583410520 556
1583413520 557
1583426515 558
1583428076 559
1583431629 560
1583432997 561
1583434109 562
1583437042 563
1583437268 564
1583438645 565
1583444894 566
1583446175 567
1583448634 568
1583451252 569
1583455362 570
1583460415 571
1583476393 572
1583486516 573
1583489104 574
1583489620 575
1583490809 576
1583491793 577
1583493356 578
1583500372 579
1583502357 580
1583502776 581
1583502942 582
1583503109 583
1583504046 584
1583506817 585
1583516683 586
1583518309 587
1583523014 588
1583523508 589
1583525044 590
1583526375 591
1583533921 592
1583538214 593
1583543124 594
1583570868 595
1583574314 596
1583584152 597
1583584677 598
1583587384 599
1583589852 600
1583599326 601
1583604168 602
1583608959 603
1583613775 604
1583614769 605
1583614870 606
1583615655 607
1583616071 608
1583619428 609
1583625739 610
1583638146 611
1583660557 612
1583662122 613
1583663416 614
1583675607 615
1583680251 616
1583680914 617
1583690335 618
1583692576 619
1583696359 620
1583696780 621
1583699910 622
1583700177 623
1583703376 624
1583706195 625
1583724944 626
1583734573 627
1583737708 628
1583744677 629
1583744788 630
1583755915 631
1583757348 632
1583761852 633
1583762414 634
1583763398 635
1583763567 636
1583768722 637
1583772231 638
1583776537 639
1583778825 640
1583782888 641
1583784344 642
1583787396 643
1583790111 644
1583790496 645
1583791485 646
1583799918 647
1583816476 648
1583826500 649
1583827615 650
1583830685 651
1583832091 652
1583832986 653
1583844963 654
1583848213 655
1583849807 656
1583853754 657
1583859888 658
1583865779 659
1583912883 660
1583916382 661
1583931353 662
1583933197 663
1583941386 664
1583947908 665
1583949421 666
1583953323 667
1583958576 668
1583961415 669
1583961419 670
1583963329 671
1583964215 672
1583969544 673
1583970080 674
1583980767 675
1583988858 676
1583992428 677
1584000090 678
1584001484 679
1584003074 680
1584009266 681
1584009297 682
1584009316 683
1584009865 684
1584013582 685
1584021612 686
1584022009 687
1584022269 688
1584024031 689
1584030426 690
1584036545 691
1584039510 692
1584039668 693
1584042253 694
1584043316 695
1584043330 696
1584043367 697
1584043391 698
1584043427 699
1584043816 700
1584045196 701
1584045454 702
1584045733 703
1584047957 704
1584048984 705
1584049489 706
1584049823 707
1584050165 708
1584051350 709
1584052927 710
1584053131 711
1584054807 712
1584055601 713
1584057057 714
1584059849 715
1584060080 716
1584083341 717
1584088091 718
1584088150 719
1584090231 720
1584091257 721
1584093655 722
1584095317 723
1584102150 724
1584105279 725
1584106094 726
1584106438 727
1584106816 728
1584107665 729
1584114458 730
1584114937 731
1584118451 732
1584119351 733
1584120803 734
1584122433 735
1584122583 736
1584125525 737
1584127174 738
1584127716 739
1584135937 740
1584136241 741
1584136753 742
1584137812 743
1584137986 744
1584139102 745
1584145853 746
1584147330 747
1584149891 748
1584176087 749
1584177771 750
1584179949 751
1584181360 752
1584184029 753
1584184613 754
1584186496 755
1584186875 756
1584189688 757
1584190967 758
1584196516 759
1584196519 760
1584197030 761
1584203493 762
1584212096 763
1584215272 764
1584215953 765
1584217074 766
1584217468 767
1584217510 768
1584217584 769
1584217728 770
1584218921 771
1584218926 772
1584220750 773
1584221080 774
1584221664 775
1584221734 776
1584222407 777
1584223522 778
1584223806 779
1584224552 780
1584224728 781
1584226387 782
1584227310 783
1584228448 784
1584230633 785
1584231105 786
1584231836 787
1584232760 788
1584237774 789
1584256800 790
1584259794 791
1584261600 792
1584263125 793
1584263727 794
1584265334 795
1584266719 796
1584267366 797
1584268285 798
1584268453 799
1584269354 800
1584271431 801
1584271621 802
1584271870 803
1584272080 804
1584272379 805
1584273705 806
1584273824 807
1584274228 808
1584275060 809
1584275106 810
1584279118 811
1584283191 812
1584284060 813
1584287449 814
1584288969 815
1584289446 816
1584290342 817
1584291410 818
1584291824 819
1584293260 820
1584293396 821
1584293788 822
1584294018 823
1584294397 824
1584294775 825
1584295528 826
1584295551 827
1584296028 828
1584297172 829
1584298541 830
1584299330 831
1584300239 832
1584301560 833
1584301598 834
1584302599 835
1584303737 836
1584305456 837
1584305965 838
1584306014 839
1584306689 840
1584307335 841
1584309219 842
1584310953 843
1584311800 844
1584311899 845
1584313412 846
1584313855 847
1584320675 848
1584328789 849
1584335305 850
1584346691 851
1584348544 852
1584352274 853
1584352806 854
1584353819 855
1584354266 856
1584354402 857
1584355923 858
1584356886 859
1584358947 860
1584359105 861
1584360103 862
1584360150 863
1584360428 864
1584362027 865
1584362632 866
1584363072 867
1584363197 868
1584364160 869
1584365561 870
1584368013 871
1584368076 872
1584369942 873
1584370980 874
1584372010 875
1584373996 876
1584374822 877
1584377840 878
1584378341 879
1584378406 880
1584382435 881
1584382672 882
1584383981 883
1584384311 884
1584386768 885
1584387555 886
1584388317 887
1584388656 888
1584389086 889
1584389134 890
1584389164 891
1584391129 892
1584392665 893
1584394351 894
1584395340 895
1584396903 896
1584397235 897
1584397371 898
1584398021 899
1584398423 900
1584399325 901
1584400404 902
1584400951 903
1584401321 904
1584402626 905
1584404183 906
1584425562 907
1584430471 908
1584431436 909
1584434985 910
1584435525 911
1584436657 912
1584436958 913
1584438638 914
1584441871 915
1584442072 916
1584444634 917
1584445633 918
1584446346 919
1584447511 920
1584448352 921
1584448666 922
1584451843 923
1584454587 924
1584456251 925
1584456762 926
1584456864 927
1584457880 928
1584460331 929
1584461187 930
1584463038 931
1584465037 932
1584466028 933
1584466305 934
1584474056 935
1584474341 936
1584477179 937
1584482613 938
1584483980 939
1584491082 940
1584491596 941
1584516458 942
1584518900 943
1584525126 944
1584525695 945
1584535086 946
1584535418 947
1584539820 948
1584540882 949
1584543941 950
1584544402 951
1584548445 952
1584548994 953
1584553192 954
1584555053 955
1584555817 956
1584558627 957
1584559456 958
1584560624 959
1584562554 960
1584563644 961
1584563691 962
1584567177 963
1584578348 964
1584578845 965
1584579271 966
1584612873 967
1584614702 968
1584625355 969
1584630607 970
1584632885 971
1584633341 972
1584653809 973
1584656499 974
1584658546 975
1584677227 976
1584694425 977
1584698690 978
1584702105 979
1584703510 980
1584703810 981
1584704184 982
1584705429 983
1584710739 984
1584716945 985
1584718199 986
1584720083 987
1584721897 988
1584722978 989
1584723771 990
1584723799 991
1584725420 992
1584727960 993
1584734704 994
1584736301 995
1584736744 996
1584737972 997
1584743929 998
1584745107 999
1584747353 1000
1584749771 1001
1584756654 1002
1584757668 1003
1584771988 1004
1584790755 1005
1584796003 1006
1584800258 1007
1584810580 1008
1584826291 1009
1584827001 1010
1584829988 1011
1584831484 1012
1584833133 1013
1584844297 1014
1584864858 1015
1584867378 1016
1584870156 1017
1584870476 1018
1584874411 1019
1584882275 1020
1584883291 1021
1584885004 1022
1584887480 1023
1584892537 1024
1584902064 1025
1584907450 1026
1584907891 1027
1584912895 1028
1584914530 1029
1584920397 1030
1584922910 1031
1584927024 1032
1584947455 1033
1584947476 1034
1584962174 1035
1584963313 1036
1584969000 1037
1584974040 1038
1584974126 1039
1584976533 1040
1584979589 1041
1584980297 1042
1584980375 1043
1584980772 1044
1584981484 1045
1584985383 1046
1584987113 1047
1584990539 1048
1584994701 1049
1584995707 1050
1585000496 1051
1585000939 1052
1585044738 1053
1585070050 1054
1585076131 1055
1585123565 1056
1585151330 1057
1585156497 1058
1585156664 1059
1585160325 1060
1585178033 1061
1585180771 1062
1585184813 1063
1585191549 1064
1585217953 1065
1585218593 1066
1585219537 1067
1585228728 1068
1585229842 1069
1585238066 1070
1585240672 1071
1585243652 1072
1585251319 1074
1585251319 1074
1585261803 1075
1585261920 1076
1585262332 1077
1585263851 1078
1585268345 1079
1585288515 1080
1585301109 1081
1585304706 1082
1585305658 1083
1585310549 1084
1585311433 1085
1585311899 1086
1585314085 1087
1585316504 1088
1585319094 1089
1585319159 1090
1585322469 1091
1585327192 1092
1585328026 1093
1585328490 1094
1585333771 1095
1585346148 1096
1585350976 1097
1585353990 1098
1585356207 1099
1585356371 1100
1585360524 1101
1585361662 1102
1585369988 1103
1585382707 1104
1585386805 1105
1585387998 1106
1585388193 1107
1585389750 1108
1585392523 1109
1585392618 1110
1585394792 1111
1585394884 1112
1585396836 1113
1585398129 1114
1585398427 1115
1585400478 1116
1585404098 1117
1585404557 1118
1585412626 1119
1585414574 1120
1585417603 1121
1585419974 1122
1585420272 1123
1585420291 1124
1585421386 1125
1585423320 1126
1585424064 1127
1585430555 1128
1585430645 1129
1585443960 1130
1585445651 1131
1585472433 1132
1585476346 1133
1585479210 1134
1585479263 1135
1585479332 1136
1585483132 1137
1585487616 1138
1585490235 1139
1585490932 1140
1585493515 1141
1585498217 1142
1585499064 1143
1585500286 1144
1585509737 1145
1585514615 1146
1585516106 1147
1585519706 1148
1585524810 1149
1585527163 1150
1585555288 1151
1585556713 1152
1585559913 1153
1585565813 1154
1585570161 1155
1585573744 1156
1585589129 1157
1585596575 1158
1585597177 1159
1585602471 1160
1585602970 1161
1585612585 1162
1585630900 1163
1585648520 1164
1585655891 1165
1585656637 1166
1585657363 1167
1585658180 1168
1585663394 1169
1585663771 1170
1585669104 1171
1585671581 1172
1585673758 1173
1585683070 1174
1585734524 1175
1585747126 1176
1585753528 1177
1585754670 1178
1585771679 1179
1585779285 1180
1585782160 1181
1585784845 1182
1585788319 1183
1585819439 1184
