1579611316 1
1579611555 2
1579611751 3
1579613366 4
1579617811 5
1579621979 6
1579622150 7
1579627499 8
1579629367 9
1579630675 10
1579630765 11
1579631666 12
1579636944 13
1579639995 14
1579640280 15
1579640775 16
1579646008 17
1579678473 18
1579693339 19
1579724250 20
1579727123 21
1579727177 22
1579727975 23
1579730378 24
1579730809 25
1579733220 26
1579734009 27
1579734215 28
1579734792 29
1579735590 30
1579737627 31
1579738363 32
1579740900 33
1579742068 34
1579760592 35
1579772175 36
1579775467 37
1579776449 38
1579777951 39
1579778672 40
1579778830 41
1579784057 42
1579784270 43
1579784502 44
1579787783 45
1579791432 46
1579792908 47
1579792912 48
1579793285 49
1579793640 50
1579793677 51
1579802143 52
1579805056 53
1579806529 54
1579811179 55
1579821659 56
1579822944 57
1579823091 58
1579826431 59
1579827367 60
1579840018 61
1579844499 62
1579849146 63
1579849340 64
1579852403 65
1579853947 66
1579854262 67
1579858552 68
1579858590 69
1579858604 70
1579861015 71
1579861671 72
1579863724 73
1579870016 74
1579870844 75
1579871363 76
1579872263 77
1579873194 78
1579874713 79
1579875857 80
1579877603 81
1579880211 82
1579880806 83
1579885751 84
1579886544 85
1579886746 86
1579887026 87
1579887245 88
1579888707 89
1579890751 90
1579892037 91
1579897192 92
1579897615 93
1579897628 94
1579898020 95
1579898093 96
1579898104 97
1579898295 98
1579898366 99
1579899120 100
1579899597 101
1579899783 102
1579899824 103
1579900037 104
1579900093 105
1579900136 106
1579900290 107
1579900351 108
1579900500 109
1579900515 110
1579900888 111
1579901083 112
1579901210 113
1579901630 114
1579901787 115
1579901886 116
1579901916 117
1579902344 118
1579903110 119
1579904004 120
1579904013 121
1579904655 122
1579904674 123
1579904963 124
1579905912 125
1579906049 126
1579906055 127
1579906227 128
1579906351 129
1579906556 130
1579906859 131
1579906939 132
1579906979 133
1579907338 134
1579908229 135
1579908293 136
1579908329 137
1579908840 138
1579909219 139
1579911342 140
1579915186 141
1579915723 142
1579916416 143
1579917298 144
1579917630 145
1579919733 146
1579920712 147
1579922026 148
1579924938 149
1579934676 150
1579938071 151
1579938750 152
1579939400 153
1579940047 154
1579943548 155
1579943708 156
1579943871 157
1579944323 158
1579944902 159
1579946835 160
1579947236 161
1579947909 162
1579949445 163
1579949468 164
1579949652 165
1579949677 166
1579950448 167
1579950615 168
1579951014 169
1579951945 170
1579953209 171
1579956895 172
1579957886 173
1579957910 174
1579958003 175
1579958330 176
1579961352 177
1579961635 178
1579962300 179
1579962525 180
1579962557 181
1579964705 182
1579966349 183
1579966383 184
1579967323 185
1579967349 186
1579968270 187
1579969765 188
1579972703 189
1579972896 190
1579973982 191
1579975431 192
1579975776 193
1579976055 194
1579976177 195
1579976762 196
1579977121 197
1579978580 198
1579979761 199
1579979940 200
1579982056 201
1579982100 202
1579984623 203
1579986219 204
1579987781 205
1579990366 206
1579995294 207
1579999312 208
1580021099 209
1580023491 210
1580025385 211
1580032617 212
1580032644 213
1580034093 214
1580036233 215
1580036556 216
1580037245 217
1580039617 218
1580039816 219
1580040653 220
1580041049 221
1580041576 222
1580044253 223
1580056459 224
1580063156 225
1580069107 226
1580072563 227
1580073364 228
1580077054 229
1580077921 230
1580078790 231
1580079026 232
1580081552 233
1580082532 234
1580109046 235
1580116947 236
1580118638 237
1580119156 238
1580121793 239
1580122138 240
1580129294 241
1580129688 242
1580130647 243
1580133359 244
1580134245 245
1580135310 246
1580135506 247
1580135682 248
1580137293 249
1580139983 250
1580140796 251
1580141917 252
1580142357 253
1580143850 254
1580145999 255
1580147519 256
1580148839 257
1580149825 258
1580149929 259
1580149994 260
1580150937 261
1580152565 262
1580153583 263
1580157337 264
1580157604 265
1580162604 266
1580163235 267
1580163355 268
1580179150 269
1580180392 270
1580186044 271
1580200461 272
1580204608 273
1580205290 274
1580208217 275
1580208891 276
1580209087 277
1580209441 278
1580209664 279
1580209714 280
1580210960 281
1580214064 282
1580214642 283
1580214715 284
1580215430 285
1580218095 286
1580218312 287
1580234905 288
1580237499 289
1580239491 290
1580239614 291
1580239642 292
1580240823 293
1580242009 294
1580242271 295
1580244435 296
1580246007 297
1580250782 298
1580252123 299
1580263337 300
1580266899 301
1580281426 302
1580286821 303
1580289227 304
1580291450 305
1580291926 306
1580292256 307
1580293317 308
1580293461 309
1580294692 310
1580295949 311
1580297046 312
1580304197 313
1580305313 314
1580308050 315
1580309486 316
1580314182 317
1580328596 318
1580329136 319
1580333196 320
1580334924 321
1580341579 322
1580352894 323
1580361242 324
1580372528 325
1580378199 326
1580378646 327
1580379102 328
1580380689 329
1580381070 330
1580381504 331
1580383871 332
1580386391 333
1580389339 334
1580390124 335
1580393334 336
1580396988 337
1580397439 338
1580404348 339
1580418110 340
1580418279 341
1580419059 342
1580420960 343
1580425672 344
1580460065 345
1580461280 346
1580464664 347
1580468550 348
1580472399 349
1580473279 350
1580474163 351
1580477055 352
1580478927 353
1580484853 354
1580487904 355
1580494200 356
1580495775 357
1580495851 358
1580497424 359
1580503648 360
1580503712 361
1580505690 362
1580518207 363
1580545588 364
1580546975 365
1580547601 366
1580549272 367
1580554637 368
1580555486 369
1580559931 370
1580563178 371
1580571642 372
1580596569 373
1580597746 374
1580602005 375
1580611880 376
1580615662 377
1580641210 378
1580641805 379
1580645299 380
1580647089 381
1580654725 382
1580655562 383
1580659674 384
1580673381 385
1580682687 386
1580684741 387
1580699492 388
1580716630 389
1580721735 390
1580724385 391
1580728884 392
1580740545 393
1580740922 394
1580744082 395
1580748471 396
1580762786 397
1580763051 398
1580768440 399
1580772379 400
1580802759 401
1580819234 402
1580825801 403
1580836548 404
1580837864 405
1580843552 406
1580858244 407
1580866186 408
1580889641 409
1580905759 410
1580913537 411
1580916749 412
1580920567 413
1580921681 414
1580921851 415
1580927084 416
1580936329 417
1580978260 418
1580986937 419
1581010663 420
1581061851 421
1581070613 422
1581072844 423
1581074277 424
1581086123 425
1581094415 426
1581098706 427
1581118315 428
1581157548 429
1581158479 430
1581159381 431
1581159953 432
1581161411 433
1581162629 434
1581172511 435
1581176407 436
1581177359 437
1581181207 438
1581183489 439
1581187306 440
1581188385 441
1581193042 442
1581195345 443
1581324821 444
1581331161 445
1581331394 446
1581334312 447
1581339543 448
1581357967 449
1581370515 450
1581412981 451
1581414559 452
1581419656 453
1581428997 454
1581429752 455
1581435264 456
1581442081 457
1581445993 458
1581449554 459
1581450308 460
1581496171 461
1581509957 462
1581513139 463
1581546660 464
1581581725 465
1581582731 466
1581585241 467
1581585824 468
1581594387 469
1581610854 470
1581612353 471
1581635783 472
1581646190 473
1581679386 474
1581770395 475
1581771472 476
1581798034 477
1581884638 478
1581924361 479
1581943066 480
1581953185 481
1581983608 482
1581998295 483
1582116561 484
1582141950 485
1582220672 486
1582272984 487
1582282745 488
1582284629 489
1582326576 490
1582377942 491
1582385296 492
1582390772 493
1582391951 494
1582396817 495
1582402425 496
1582410431 497
1582420665 498
1582423902 499
1582456071 500
1582457845 501
1582461884 502
1582463236 503
1582482830 504
1582483015 505
1582497493 506
1582497549 507
1582535958 508
1582537820 509
1582541025 510
1582541375 511
1582544318 512
1582546289 513
1582547431 514
1582549050 515
1582549138 516
1582549914 517
1582554319 518
1582555618 519
1582555659 520
1582555762 521
1582558310 522
1582558442 523
1582559505 524
1582561004 525
1582561573 526
1582561978 527
1582562195 528
1582562717 529
1582563983 530
1582565270 531
1582565759 532
1582568627 533
1582571134 534
1582573286 535
1582573993 536
1582575979 537
1582581666 538
1582598944 539
1582614333 540
1582615975 541
1582620595 542
1582622443 543
1582627726 544
1582628613 545
1582629053 546
1582630446 547
1582630853 548
1582631966 549
1582633462 550
1582638628 551
1582638763 552
1582640340 553
1582641162 554
1582642459 555
1582643188 556
1582645706 557
1582646299 558
1582648592 559
1582650461 560
1582651225 561
1582655012 562
1582655306 563
1582655367 564
1582659266 565
1582659301 566
1582662828 567
1582665550 568
1582666546 569
1582668436 570
1582673226 571
1582673343 572
1582702480 573
1582712684 574
1582714369 575
1582715238 576
1582715729 577
1582716039 578
1582717298 579
1582720744 580
1582722355 581
1582724283 582
1582724605 583
1582725429 584
1582728811 585
1582732492 586
1582732619 587
1582732714 588
1582733528 589
1582734922 590
1582735067 591
1582735408 592
1582735601 593
1582736182 594
1582737595 595
1582738899 596
1582739226 597
1582740609 598
1582744299 599
1582745431 600
1582747271 601
1582752458 602
1582753999 603
1582754587 604
1582754765 605
1582755496 606
1582781146 607
1582785858 608
1582786046 609
1582795284 610
1582797060 611
1582797451 612
1582797889 613
1582799164 614
1582801259 615
1582802861 616
1582803516 617
1582805661 618
1582806431 619
1582809112 620
1582809645 621
1582810821 622
1582811578 623
1582811752 624
1582818178 625
1582822971 626
1582826009 627
1582827871 628
1582833326 629
1582836786 630
1582837282 631
1582838314 632
1582838841 633
1582839768 634
1582841199 635
1582841279 636
1582842132 637
1582843507 638
1582843895 639
1582846870 640
1582847664 641
1582849603 642
1582851554 643
1582854281 644
1582870865 645
1582872089 646
1582873197 647
1582876968 648
1582879735 649
1582880484 650
1582880893 651
1582882183 652
1582883645 653
1582883970 654
1582884112 655
1582886279 656
1582886664 657
1582887068 658
1582888323 659
1582888836 660
1582889001 661
1582890578 662
1582891735 663
1582893249 664
1582894109 665
1582897018 666
1582899158 667
1582899172 668
1582900772 669
1582901583 670
1582901972 671
1582902555 672
1582903999 673
1582906321 674
1582909276 675
1582911754 676
1582912062 677
1582913556 678
1582918759 679
1582918892 680
1582919023 681
1582919717 682
1582920244 683
1582922689 684
1582923317 685
1582923575 686
1582923783 687
1582928171 688
1582931983 689
1582933156 690
1582935651 691
1582939292 692
1582957039 693
1582959634 694
1582960509 695
1582962218 696
1582962507 697
1582967196 698
1582973475 699
1582974341 700
1582976265 701
1582976268 702
1582978340 703
1582986017 704
1582986686 705
1582987636 706
1582990379 707
1582990926 708
1582992395 709
1582992628 710
1582993180 711
1582994276 712
1582998494 713
1582999938 714
1583000348 715
1583000756 716
1583002524 717
1583005014 718
1583005185 719
1583005572 720
1583006131 721
1583006155 722
1583006481 723
1583010269 724
1583010636 725
1583010946 726
1583011724 727
1583013290 728
1583013644 729
1583015969 730
1583017232 731
1583018787 732
1583021646 733
1583044078 734
1583049042 735
1583058550 736
1583061724 737
1583062578 738
1583065191 739
1583072042 740
1583074110 741
1583077462 742
1583080027 743
1583082260 744
1583083304 745
1583084335 746
1583085795 747
1583087673 748
1583089711 749
1583090422 750
1583090849 751
1583091164 752
1583091777 753
1583091915 754
1583093498 755
1583093790 756
1583093841 757
1583095000 758
1583100276 759
1583100396 760
1583101696 761
1583102192 762
1583103340 763
1583105552 764
1583108849 765
1583115640 766
1583131695 767
1583132180 768
1583132608 769
1583136924 770
1583142250 771
1583143847 772
1583148676 773
1583148926 774
1583151672 775
1583151695 776
1583151823 777
1583153334 778
1583154010 779
1583155665 780
1583155695 781
1583156047 782
1583157797 783
1583158490 784
1583159875 785
1583160067 786
1583162859 787
1583164380 788
1583165324 789
1583166187 790
1583167820 791
1583168212 792
1583168388 793
1583168876 794
1583170301 795
1583170607 796
1583170657 797
1583176121 798
1583176819 799
1583181768 800
1583184677 801
1583184726 802
1583184797 803
1583185240 804
1583186026 805
1583186484 806
1583186961 807
1583187874 808
1583189093 809
1583190945 810
1583193331 811
1583193843 812
1583196207 813
1583198653 814
1583220371 815
1583226444 816
1583228639 817
1583233159 818
1583235269 819
1583238361 820
1583238806 821
1583239491 822
1583239723 823
1583240739 824
1583241226 825
1583244336 826
1583246002 827
1583246336 828
1583247714 829
1583249219 830
1583249276 831
1583254819 832
1583255173 833
1583257851 834
1583260664 835
1583261701 836
1583265172 837
1583265571 838
1583265761 839
1583266056 840
1583266872 841
1583268079 842
1583269982 843
1583271259 844
1583271873 845
1583278055 846
1583279920 847
1583306960 848
1583307812 849
1583312153 850
1583316804 851
1583317287 852
1583317526 853
1583322666 854
1583323546 855
1583324701 856
1583326008 857
1583326796 858
1583326851 859
1583329707 860
1583329766 861
1583332387 862
1583333553 863
1583333785 864
1583335222 865
1583335783 866
1583337199 867
1583337975 868
1583338335 869
1583344069 870
1583346646 871
1583347076 872
1583348858 873
1583350184 874
1583352957 875
1583353853 876
1583359476 877
1583359624 878
1583364588 879
1583372542 880
1583380549 881
1583387023 882
1583390165 883
1583391427 884
1583396050 885
1583397004 886
1583398157 887
1583398264 888
1583399990 889
1583402131 890
1583404628 891
1583404933 892
1583405206 893
1583405779 894
1583407969 895
1583410520 896
1583410746 897
1583411088 898
1583413297 899
1583413520 900
1583415867 901
1583417396 902
1583420357 903
1583421541 904
1583423911 905
1583425391 906
1583426054 907
1583426515 908
1583428076 909
1583431629 910
1583432622 911
1583432997 912
1583434109 913
1583437042 914
1583437268 915
1583437934 916
1583438645 917
1583439390 918
1583440606 919
1583442074 920
1583444599 921
1583444894 922
1583446175 923
1583448634 924
1583451252 925
1583455362 926
1583456117 927
1583460415 928
1583481795 929
1583482837 930
1583486516 931
1583487723 932
1583487750 933
1583488161 934
1583489104 935
1583489620 936
1583490809 937
1583491793 938
1583493356 939
1583494195 940
1583498447 941
1583500372 942
1583502357 943
1583502776 944
1583502942 945
1583503109 946
1583504046 947
1583504220 948
1583506390 949
1583506817 950
1583507778 951
1583507851 952
1583508542 953
1583512801 954
1583516683 955
1583518309 956
1583521633 957
1583523014 958
1583523508 959
1583525044 960
1583525210 961
1583526375 962
1583531166 963
1583533921 964
1583538214 965
1583539557 966
1583543124 967
1583548163 968
1583570868 969
1583572314 970
1583572469 971
1583574314 972
1583580628 973
1583584152 974
1583584677 975
1583587384 976
1583589852 977
1583594211 978
1583596315 979
1583599326 980
1583601605 981
1583604168 982
1583608959 983
1583609464 984
1583611726 985
1583613775 986
1583614769 987
1583614870 988
1583615655 989
1583616071 990
1583619428 991
1583625565 992
1583625739 993
1583633920 994
1583637915 995
1583638146 996
1583646243 997
1583655198 998
1583660557 999
1583662122 1000
1583663416 1001
1583667935 1002
1583669007 1003
1583670517 1004
1583672828 1005
1583673059 1006
1583673226 1007
1583675607 1008
1583679377 1009
1583680251 1010
1583680914 1011
1583684085 1012
1583685229 1013
1583690335 1014
1583692576 1015
1583694339 1016
1583696359 1017
1583696780 1018
1583699910 1019
1583700177 1020
1583703376 1021
1583706195 1022
1583706383 1023
1583706602 1024
1583709824 1025
1583711113 1026
1583713283 1027
1583715360 1028
1583724944 1029
1583734573 1030
1583737708 1031
1583744677 1032
1583744788 1033
1583745880 1034
1583746584 1035
1583755915 1036
1583757348 1037
1583757420 1038
1583761852 1039
1583762414 1040
1583763398 1041
1583763567 1042
1583767396 1043
1583768343 1044
1583768722 1045
1583770805 1046
1583771803 1047
1583771869 1048
1583772231 1049
1583772333 1050
1583772465 1051
1583776537 1052
1583778825 1053
1583782810 1054
1583782888 1055
1583784344 1056
1583785090 1057
1583785928 1058
1583786999 1059
1583787396 1060
1583790111 1061
1583790496 1062
1583791485 1063
1583794288 1064
1583795516 1065
1583799918 1066
1583800180 1067
1583800460 1068
1583801264 1069
1583816476 1070
1583826500 1071
1583827615 1072
1583832091 1073
1583832986 1074
1583834461 1075
1583836407 1076
1583839480 1077
1583839881 1078
1583840635 1079
1583841059 1080
1583842421 1081
1583843509 1082
1583844807 1083
1583844963 1084
1583847478 1085
1583848213 1086
1583849807 1087
1583853754 1088
1583855305 1089
1583855713 1090
1583859888 1091
1583863946 1092
1583865779 1093
1583866945 1094
1583870780 1095
1583871684 1096
1583898259 1097
1583911358 1098
1583912331 1099
1583912883 1100
1583913184 1101
1583916382 1102
1583918962 1103
1583920638 1104
1583922046 1105
1583933197 1106
1583934954 1107
1583937801 1108
1583940791 1109
1583941386 1110
1583945865 1111
1583947908 1112
1583949421 1113
1583949647 1114
1583951652 1115
1583952568 1116
1583953323 1117
1583954390 1118
1583954753 1119
1583957008 1120
1583958576 1121
1583961415 1122
1583961419 1123
1583961950 1124
1583963329 1125
1583963615 1126
1583964215 1127
1583965735 1128
1583968352 1129
1583969483 1130
1583969544 1131
1583970080 1132
1583971804 1133
1583973557 1134
1583974878 1135
1583976073 1136
1583980767 1137
1583980807 1138
1583988858 1139
1583989126 1140
1583992428 1141
1583998732 1142
1584000090 1143
1584000892 1144
1584001484 1145
1584003074 1146
1584003794 1147
1584007557 1148
1584007776 1149
1584008348 1150
1584009266 1151
1584009297 1152
1584009316 1153
1584009865 1154
1584011401 1155
1584012897 1156
1584013359 1157
1584013582 1158
1584014076 1159
1584017842 1160
1584019384 1161
1584020001 1162
1584021612 1163
1584022009 1164
1584022269 1165
1584024031 1166
1584025706 1167
1584025998 1168
1584029582 1169
1584030426 1170
1584030778 1171
1584033341 1172
1584033602 1173
1584035120 1174
1584036545 1175
1584039510 1176
1584039668 1177
1584040451 1178
1584041336 1179
1584042253 1180
1584042361 1181
1584042823 1182
1584043275 1183
1584043316 1184
1584043330 1185
1584043351 1186
1584043367 1187
1584043391 1188
1584043427 1189
1584043476 1190
1584043515 1191
1584043631 1192
1584043646 1193
1584043738 1194
1584043765 1195
1584043816 1196
1584044318 1197
1584044373 1198
1584044405 1199
1584044722 1200
1584044814 1201
1584044872 1202
1584045196 1203
1584045216 1204
1584045454 1205
1584045733 1206
1584047255 1207
1584047733 1208
1584047857 1209
1584047957 1210
1584048272 1211
1584048799 1212
1584048984 1213
1584049489 1214
1584049823 1215
1584050059 1216
1584050165 1217
1584050949 1218
1584051150 1219
1584051350 1220
1584052701 1221
1584052927 1222
1584053131 1223
1584054807 1224
1584055601 1225
1584055645 1226
1584056053 1227
1584057057 1228
1584057757 1229
1584058901 1230
1584059485 1231
1584059849 1232
1584060080 1233
1584071834 1234
1584075439 1235
1584079510 1236
1584079568 1237
1584080401 1238
1584081554 1239
1584082531 1240
1584083341 1241
1584087096 1242
1584088091 1243
1584088150 1244
1584090231 1245
1584091257 1246
1584092550 1247
1584093655 1248
1584094450 1249
1584095317 1250
1584096938 1251
1584098998 1252
1584100275 1253
1584101767 1254
1584102150 1255
1584102553 1256
1584104796 1257
1584105279 1258
1584106094 1259
1584106438 1260
1584106816 1261
1584107665 1262
1584109653 1263
1584110896 1264
1584111891 1265
1584114441 1266
1584114458 1267
1584114937 1268
1584118451 1269
1584119351 1270
1584120803 1271
1584122433 1272
1584122583 1273
1584125525 1274
1584125721 1275
1584125944 1276
1584126229 1277
1584127174 1278
1584127716 1279
1584128617 1280
1584129430 1281
1584131970 1282
1584132939 1283
1584133610 1284
1584135937 1285
1584136241 1286
1584136491 1287
1584136753 1288
1584137422 1289
1584137585 1290
1584137812 1291
1584137986 1292
1584138104 1293
1584139102 1294
1584140004 1295
1584141095 1296
1584145853 1297
1584147330 1298
1584149891 1299
1584166434 1300
1584176087 1301
1584177771 1302
1584179949 1303
1584181088 1304
1584181360 1305
1584181985 1306
1584183437 1307
1584184029 1308
1584184613 1309
1584186496 1310
1584186875 1311
1584187272 1312
1584189358 1313
1584189688 1314
1584190967 1315
1584192993 1316
1584193804 1317
1584194806 1318
1584196516 1319
1584196519 1320
1584196982 1321
1584197030 1322
1584198538 1323
1584201100 1324
1584201823 1325
1584202937 1326
1584203493 1327
1584207487 1328
1584209232 1329
1584209496 1330
1584209943 1331
1584212096 1332
1584213881 1333
1584214174 1334
1584214618 1335
1584215222 1336
1584215272 1337
1584215574 1338
1584215953 1339
1584216016 1340
1584216111 1341
1584217017 1342
1584217074 1343
1584217468 1344
1584217510 1345
1584217584 1346
1584217661 1347
1584217728 1348
1584217938 1349
1584218130 1350
1584218398 1351
1584218437 1352
1584218609 1353
1584218747 1354
1584218752 1355
1584218757 1356
1584218921 1357
1584218926 1358
1584219054 1359
1584219306 1360
1584219923 1361
1584220291 1362
1584220401 1363
1584220750 1364
1584220857 1365
1584220896 1366
1584221080 1367
1584221491 1368
1584221565 1369
1584221656 1370
1584221664 1371
1584221734 1372
1584222221 1373
1584222342 1374
1584222407 1375
1584223121 1376
1584223446 1377
1584223522 1378
1584223806 1379
1584224552 1380
1584224728 1381
1584225157 1382
1584225463 1383
1584225948 1384
1584226030 1385
1584226387 1386
1584226730 1387
1584227310 1388
1584228224 1389
1584228448 1390
1584228655 1391
1584228709 1392
1584228762 1393
1584230471 1394
1584230508 1395
1584230633 1396
1584231105 1397
1584231127 1398
1584231836 1399
1584232760 1400
1584233485 1401
1584233602 1402
1584234405 1403
1584235319 1404
1584235329 1405
1584235456 1406
1584235846 1407
1584236160 1408
1584237774 1409
1584252017 1410
1584254250 1411
1584256800 1412
1584258453 1413
1584259587 1414
1584259794 1415
1584259941 1416
1584261510 1417
1584261600 1418
1584261735 1419
1584263044 1420
1584263125 1421
1584263314 1422
1584263727 1423
1584265334 1424
1584266719 1425
1584267366 1426
1584268067 1427
1584268285 1428
1584268451 1429
1584268453 1430
1584269354 1431
1584271431 1432
1584271621 1433
1584271870 1434
1584271991 1435
1584272080 1436
1584272379 1437
1584272453 1438
1584273427 1439
1584273705 1440
1584273731 1441
1584273797 1442
1584273824 1443
1584274228 1444
1584275060 1445
1584275106 1446
1584275526 1447
1584276423 1448
1584277364 1449
1584279118 1450
1584280143 1451
1584280207 1452
1584280658 1453
1584281015 1454
1584282583 1455
1584282818 1456
1584283191 1457
1584284060 1458
1584284093 1459
1584285493 1460
1584286721 1461
1584287018 1462
1584287107 1463
1584287449 1464
1584287556 1465
1584288969 1466
1584289446 1467
1584290342 1468
1584291410 1469
1584291824 1470
1584292255 1471
1584292483 1472
1584292899 1473
1584292998 1474
1584293260 1475
1584293396 1476
1584293589 1477
1584293641 1478
1584293788 1479
1584294018 1480
1584294123 1481
1584294397 1482
1584294643 1483
1584294775 1484
1584295196 1485
1584295349 1486
1584295528 1487
1584295551 1488
1584296028 1489
1584296132 1490
1584297020 1491
1584297051 1492
1584297172 1493
1584298096 1494
1584298541 1495
1584299300 1496
1584299330 1497
1584299433 1498
1584300024 1499
1584300239 1500
1584301560 1501
1584301598 1502
1584302599 1503
1584303481 1504
1584303737 1505
1584304546 1506
1584304546 1507
1584304863 1508
1584304882 1509
1584305241 1510
1584305456 1511
1584305965 1512
1584306014 1513
1584306689 1514
1584307247 1515
1584307335 1516
1584307473 1517
1584308454 1518
1584309219 1519
1584310057 1520
1584310339 1521
1584310654 1522
1584310953 1523
1584311800 1524
1584311899 1525
1584311959 1526
1584312368 1527
1584312433 1528
1584312637 1529
1584313412 1530
1584313855 1531
1584314495 1532
1584314586 1533
1584315039 1534
1584318635 1535
1584320675 1536
1584322907 1537
1584322974 1538
1584324385 1539
1584325782 1540
1584328234 1541
1584328789 1542
1584329646 1543
1584335305 1544
1584339301 1545
1584341464 1546
1584342243 1547
1584342803 1548
1584344641 1549
1584344840 1550
1584345456 1551
1584346635 1552
1584346691 1553
1584346978 1554
1584347593 1555
1584347607 1556
1584347911 1557
1584348544 1558
1584348810 1559
1584349240 1560
1584349615 1561
1584351189 1562
1584351422 1563
1584352274 1564
1584352706 1565
1584352806 1566
1584353819 1567
1584354266 1568
1584354402 1569
1584355192 1570
1584355466 1571
1584355923 1572
1584356336 1573
1584356396 1574
1584356462 1575
1584356723 1576
1584356886 1577
1584357079 1578
1584357590 1579
1584357965 1580
1584358281 1581
1584358295 1582
1584358947 1583
1584359105 1584
1584359423 1585
1584359497 1586
1584359592 1587
1584359750 1588
1584360103 1589
1584360150 1590
1584360428 1591
1584361423 1592
1584362027 1593
1584362632 1594
1584362677 1595
1584362847 1596
1584362882 1597
1584363072 1598
1584363197 1599
1584363815 1600
1584364160 1601
1584364939 1602
1584365561 1603
1584365575 1604
1584366717 1605
1584368013 1606
1584368017 1607
1584368076 1608
1584369862 1609
1584369942 1610
1584370980 1611
1584371232 1612
1584371310 1613
1584372010 1614
1584372211 1615
1584372549 1616
1584373576 1617
1584373765 1618
1584373969 1619
1584373996 1620
1584374822 1621
1584375396 1622
1584375440 1623
1584376089 1624
1584376233 1625
1584376235 1626
1584376760 1627
1584377004 1628
1584377840 1629
1584377924 1630
1584378048 1631
1584378341 1632
1584378406 1633
1584379259 1634
1584379717 1635
1584379972 1636
1584379994 1637
1584380038 1638
1584382435 1639
1584382656 1640
1584382672 1641
1584383414 1642
1584383981 1643
1584384311 1644
1584384715 1645
1584384880 1646
1584385060 1647
1584385111 1648
1584385292 1649
1584385630 1650
1584385633 1651
1584386217 1652
1584386768 1653
1584386977 1654
1584387555 1655
1584388081 1656
1584388104 1657
1584388317 1658
1584388656 1659
1584388677 1660
1584389086 1661
1584389134 1662
1584389164 1663
1584389290 1664
1584389457 1665
1584389629 1666
1584389802 1667
1584389937 1668
1584391129 1669
1584391646 1670
1584391838 1671
1584392509 1672
1584392570 1673
1584392665 1674
1584393432 1675
1584393686 1676
1584394071 1677
1584394251 1678
1584394351 1679
1584395340 1680
1584395914 1681
1584396782 1682
1584396903 1683
1584397049 1684
1584397135 1685
1584397235 1686
1584397371 1687
1584398021 1688
1584398423 1689
1584398612 1690
1584398618 1691
1584398809 1692
1584399170 1693
1584399325 1694
1584400031 1695
1584400404 1696
1584400427 1697
1584400460 1698
1584400951 1699
1584401321 1700
1584402511 1701
1584402626 1702
1584402814 1703
1584403377 1704
1584403668 1705
1584404183 1706
1584404738 1707
1584404799 1708
1584411037 1709
1584411260 1710
1584425548 1711
1584425562 1712
1584428360 1713
1584430319 1714
1584430471 1715
1584431436 1716
1584431867 1717
1584433247 1718
1584433311 1719
1584434985 1720
1584435525 1721
1584436657 1722
1584436945 1723
1584436958 1724
1584438638 1725
1584439057 1726
1584441130 1727
1584441871 1728
1584442072 1729
1584443285 1730
1584443833 1731
1584443922 1732
1584444322 1733
1584444634 1734
1584445251 1735
1584445633 1736
1584446266 1737
1584446346 1738
1584447511 1739
1584447611 1740
1584447649 1741
1584447698 1742
1584448352 1743
1584448433 1744
1584448666 1745
1584449225 1746
1584450078 1747
1584451094 1748
1584451843 1749
1584453048 1750
1584453828 1751
1584454587 1752
1584456251 1753
1584456762 1754
1584456864 1755
1584457880 1756
1584459051 1757
1584459095 1758
1584459371 1759
1584459663 1760
1584460317 1761
1584460331 1762
1584461187 1763
1584462802 1764
1584462843 1765
1584463038 1766
1584463321 1767
1584463364 1768
1584463592 1769
1584464619 1770
1584465037 1771
1584465561 1772
1584465994 1773
1584466028 1774
1584466305 1775
1584466376 1776
1584466443 1777
1584470849 1778
1584472900 1779
1584473887 1780
1584474056 1781
1584474065 1782
1584474341 1783
1584477179 1784
1584478380 1785
1584482613 1786
1584482734 1787
1584483980 1788
1584485518 1789
1584485997 1790
1584489264 1791
1584489904 1792
1584490264 1793
1584490642 1794
1584491238 1795
1584491596 1796
1584516458 1797
1584518900 1798
1584519736 1799
1584521381 1800
1584522966 1801
1584523173 1802
1584523948 1803
1584524651 1804
1584525126 1805
1584525695 1806
1584526297 1807
1584527151 1808
1584528474 1809
1584530077 1810
1584530421 1811
1584531754 1812
1584531983 1813
1584532310 1814
1584532336 1815
1584534894 1816
1584535086 1817
1584535092 1818
1584535418 1819
1584538648 1820
1584539820 1821
1584540049 1822
1584540882 1823
1584541085 1824
1584543159 1825
1584543688 1826
1584543941 1827
1584544153 1828
1584544402 1829
1584544908 1830
1584547426 1831
1584548330 1832
1584548445 1833
1584548994 1834
1584552256 1835
1584553192 1836
1584554057 1837
1584554826 1838
1584555053 1839
1584555817 1840
1584557544 1841
1584558627 1842
1584558724 1843
1584559186 1844
1584559456 1845
1584559526 1846
1584560624 1847
1584561196 1848
1584562554 1849
1584562987 1850
1584563172 1851
1584563644 1852
1584563691 1853
1584565028 1854
1584565405 1855
1584566371 1856
1584567177 1857
1584568495 1858
1584570380 1859
1584571226 1860
1584578348 1861
1584578845 1862
1584579271 1863
1584603667 1864
1584604036 1865
1584604469 1866
1584607740 1867
1584612873 1868
1584614702 1869
1584616339 1870
1584618923 1871
1584619030 1872
1584620707 1873
1584620996 1874
1584622863 1875
1584625355 1876
1584630607 1877
1584631991 1878
1584632885 1879
1584633994 1880
1584636600 1881
1584636858 1882
1584637159 1883
1584639441 1884
1584640741 1885
1584641040 1886
1584644573 1887
1584645527 1888
1584649964 1889
1584653809 1890
1584656110 1891
1584656499 1892
1584658546 1893
1584660096 1894
1584670147 1895
1584677227 1896
1584687656 1897
1584690136 1898
1584692267 1899
1584693849 1900
1584694018 1901
1584694425 1902
1584696987 1903
1584698314 1904
1584698690 1905
1584699077 1906
1584700442 1907
1584702105 1908
1584702278 1909
1584703510 1910
1584703810 1911
1584704184 1912
1584704650 1913
1584705429 1914
1584706296 1915
1584707866 1916
1584710739 1917
1584712099 1918
1584716945 1919
1584718199 1920
1584720083 1921
1584720838 1922
1584721897 1923
1584722315 1924
1584722978 1925
1584723403 1926
1584723771 1927
1584723799 1928
1584724486 1929
1584725420 1930
1584727860 1931
1584727960 1932
1584732857 1933
1584734243 1934
1584734344 1935
1584734704 1936
1584735101 1937
1584736301 1938
1584736744 1939
1584737966 1940
1584737972 1941
1584738023 1942
1584740330 1943
1584740400 1944
1584740682 1945
1584743929 1946
1584745107 1947
1584746236 1948
1584747353 1949
1584749313 1950
1584749771 1951
1584755096 1952
1584756654 1953
1584756675 1954
1584757668 1955
1584771988 1956
1584776215 1957
1584776360 1958
1584785020 1959
1584786444 1960
1584790755 1961
1584793983 1962
1584794520 1963
1584796003 1964
1584800258 1965
1584800351 1966
1584800485 1967
1584808466 1968
1584810580 1969
1584816006 1970
1584816530 1971
1584816715 1972
1584820419 1973
1584820638 1974
1584822807 1975
1584823233 1976
1584826291 1977
1584826700 1978
1584827001 1979
1584829731 1980
1584829988 1981
1584831484 1982
1584833133 1983
1584833292 1984
1584833711 1985
1584835338 1986
1584836185 1987
1584842394 1988
1584844297 1989
1584848947 1990
1584859364 1991
1584864825 1992
1584864858 1993
1584867378 1994
1584869616 1995
1584870156 1996
1584870476 1997
1584874411 1998
1584876458 1999
1584878907 2000
1584882275 2001
1584883291 2002
1584885004 2003
1584885828 2004
1584887480 2005
1584892537 2006
1584892582 2007
1584894447 2008
1584898106 2009
1584901804 2010
1584902064 2011
1584906437 2012
1584907450 2013
1584907891 2014
1584911090 2015
1584911108 2016
1584912895 2017
1584914530 2018
1584916381 2019
1584916972 2020
1584918155 2021
1584919668 2022
1584920397 2023
1584922415 2024
1584922910 2025
1584927024 2026
1584942277 2027
1584947455 2028
1584947476 2029
1584962174 2030
1584963313 2031
1584965033 2032
1584965227 2033
1584969000 2034
1584969036 2035
1584971706 2036
1584972873 2037
1584974040 2038
1584974126 2039
1584976460 2040
1584976533 2041
1584976807 2042
1584977452 2043
1584978015 2044
1584979589 2045
1584980297 2046
1584980772 2047
1584981484 2048
1584982934 2049
1584984735 2050
1584985383 2051
1584987113 2052
1584987935 2053
1584990539 2054
1584994701 2055
1584995707 2056
1584997043 2057
1584999386 2058
1585000496 2059
1585000939 2060
1585002202 2061
1585003050 2062
1585030438 2063
1585038916 2064
1585042190 2065
1585043303 2066
1585044668 2067
1585044738 2068
1585049243 2069
1585062493 2070
1585065861 2071
1585069332 2072
1585070050 2073
1585073473 2074
1585076131 2075
1585082818 2076
1585087377 2077
1585119539 2078
1585123565 2079
1585123787 2080
1585126202 2081
1585126539 2082
1585132908 2083
1585139712 2084
1585150674 2085
1585151330 2086
1585151754 2087
1585156434 2088
1585156497 2089
1585156664 2090
1585157991 2091
1585159248 2092
1585160325 2093
1585163221 2094
1585164365 2095
1585168749 2096
1585169363 2097
1585169819 2098
1585178033 2099
1585180771 2100
1585184143 2101
1585191549 2102
1585217953 2103
1585218593 2104
1585219537 2105
1585228728 2106
1585229842 2107
1585238066 2108
1585240672 2109
1585243652 2110
1585251319 2111
1585251319 2112
1585261803 2113
1585262332 2114
1585263851 2115
1585268345 2116
1585288515 2117
1585301109 2118
1585304706 2119
1585305658 2120
1585310549 2121
1585311433 2122
1585311899 2123
1585314085 2124
1585316504 2125
1585319094 2126
1585319159 2127
1585322469 2128
1585327192 2129
1585328026 2130
1585328490 2131
1585333771 2132
1585346148 2133
1585350976 2134
1585353990 2135
1585356207 2136
1585356371 2137
1585360524 2138
1585361662 2139
1585369988 2140
1585382707 2141
1585386805 2142
1585387998 2143
1585388193 2144
1585389750 2145
1585392523 2146
1585392618 2147
1585394792 2148
1585394884 2149
1585396836 2150
1585398129 2151
1585398427 2152
1585400478 2153
1585404098 2154
1585404557 2155
1585412626 2156
1585414574 2157
1585417603 2158
1585419974 2159
1585420272 2160
1585420291 2161
1585421386 2162
1585423320 2163
1585424064 2164
1585430555 2165
1585430645 2166
1585443960 2167
1585445651 2168
1585472433 2169
1585476346 2170
1585479210 2171
1585479263 2172
1585479332 2173
1585483132 2174
1585487616 2175
1585490235 2176
1585490932 2177
1585493515 2178
1585498217 2179
1585499064 2180
1585500286 2181
1585509737 2182
1585514615 2183
1585516106 2184
1585519706 2185
1585524810 2186
1585527163 2187
1585555288 2188
1585556713 2189
1585559913 2190
1585565813 2191
1585570161 2192
1585573744 2193
1585589129 2194
1585596575 2195
1585597177 2196
1585602471 2197
1585602970 2198
1585612585 2199
1585630900 2200
1585648520 2201
1585655891 2202
1585656637 2203
1585657363 2204
1585658180 2205
1585663394 2206
1585663771 2207
1585669104 2208
1585671581 2209
1585673758 2210
1585683070 2211
1585734524 2212
1585747126 2213
1585753528 2214
1585754670 2215
1585771679 2216
1585779285 2217
1585782160 2218
1585784845 2219
1585788319 2220
1585819439 2221
1585824580 2222
1585828269 2223
1585839586 2224
1585845237 2225
1585850566 2226
1585851896 2227
1585863545 2228
1585868544 2229
1585870417 2230
1585896732 2231
1585909362 2232
1585911361 2233
1585922674 2234
1585923276 2235
1585929679 2236
1585930158 2237
1585933597 2238
1585938272 2239
1585956132 2240
1585956148 2241
1585958224 2242
1585958903 2243
1585978559 2244
1585990855 2245
1586018401 2246
1586022561 2247
1586024419 2248
1586033963 2249
1586055536 2250
1586084722 2251
1586094239 2252
1586096921 2253
1586098273 2254
1586106175 2255
1586116282 2256
1586117364 2257
1586124149 2258
1586125852 2259
1586140078 2260
1586166331 2261
1586167324 2262
1586167525 2263
1586173488 2264
1586178654 2265
1586180464 2266
1586180827 2267
1586180969 2268
1586185203 2269
1586196788 2270
1586198448 2271
1586201201 2272
1586204953 2273
1586207756 2274
1586209225 2275
1586209803 2276
1586215370 2277
1586215990 2278
1586217136 2279
1586220876 2280
1586257436 2281
1586257636 2282
1586257793 2283
1586263293 2284
1586267032 2285
1586273011 2286
1586287352 2287
1586291159 2288
1586296495 2289
1586340034 2290
1586344691 2291
1586352309 2292
1586353198 2293
1586366562 2294
1586369200 2295
1586372256 2296
1586374570 2297
1586380714 2298
1586443351 2299
1586444161 2300
1586469718 2301
1586473546 2302
1586480270 2303
1586483090 2304
1586502196 2305
1586526174 2306
1586546792 2307
1586619429 2308
1586623787 2309
1586623848 2310
1586627751 2311
1586628030 2312
1586653267 2313
1586654915 2314
1586688618 2315
1586688908 2316
1586695295 2317
1586696313 2318
1586707820 2319
1586707993 2320
1586711928 2321
1586720951 2322
1586742804 2323
1586768656 2324
1586774139 2325
1586776882 2326
1586808336 2327
1586808458 2328
1586809248 2329
1586809543 2330
1586810787 2331
1586811360 2332
1586812405 2333
1586813743 2334
1586814080 2335
1586814428 2336
1586815525 2337
1586817822 2338
1586819093 2339
1586820709 2340
1586822306 2341
1586822802 2342
1586827138 2343
1586827865 2344
1586861284 2345
1586869759 2346
1586870050 2347
1586872137 2348
1586886578 2349
1586891379 2350
1586893337 2351
1586904795 2352
1586947331 2353
1586950857 2354
1586958467 2355
1586977822 2356
1586979899 2357
1586987719 2358
1587029238 2359
1587059746 2360
1587073381 2361
1587080119 2362
1587136721 2363
1587138812 2364
1587139400 2365
1587140673 2366
1587140774 2367
1587149305 2368
1587168594 2369
1587175508 2370
1587200619 2371
1587208834 2372
1587210213 2373
1587220757 2374
1587223103 2375
1587235686 2376
1587235704 2377
1587238887 2378
1587239610 2379
1587254262 2380
1587261679 2381
1587299017 2382
1587306140 2383
1587320496 2384
1587320779 2385
1587324792 2386
1587339383 2387
1587344879 2388
1587397051 2389
1587402510 2390
1587403093 2391
1587461283 2392
1587471890 2393
1587495926 2394
1587498763 2395
1587499959 2396
1587511870 2397
1587539243 2398
1587549267 2399
1587570243 2400
1587592012 2401
1587595194 2402
1587644363 2403
1587645366 2404
1587647615 2405
1587724929 2406
1587726321 2407
1587729615 2408
1587742326 2409
1587762593 2410
1587819968 2411
1587838120 2412
1587846345 2413
1587856384 2414
1587857274 2415
1587859442 2416
1587860616 2417
1587891002 2418
1587913492 2419
1587933119 2420
1587945481 2421
1588015992 2422
1588086561 2423
1588089493 2424
1588090888 2425
1588093201 2426
1588113491 2427
1588149741 2428
1588163866 2429
1588181489 2430
1588196144 2431
1588236411 2432
1588245006 2433
1588245247 2434
1588258162 2435
1588274752 2436
1588281474 2437
1588290785 2438
1588335402 2439
1588348232 2440
1588353601 2441
1588422315 2442
1588443322 2443
1588508906 2444
1588510780 2445
1588553946 2446
1588678574 2447
1588711572 2448
1588714176 2449
1588756707 2450
1588764674 2451
1588765228 2452
1588800382 2453
1588868510 2454
1588868688 2455
1588873336 2456
1588945360 2457
1588960193 2458
1588964238 2459
1589031904 2460
1589046370 2461
1589052771 2462
1589054435 2463
1589122640 2464
1589142107 2465
1589147525 2466
1589151966 2467
1589158220 2468
1589185295 2469
1589196756 2470
1589199978 2471
1589202262 2472
1589240803 2473
1589279565 2474
1589283745 2475
1589289898 2476
1589300676 2477
1589315651 2478
1589466719 2479
1589712998 2480
1589717842 2481
1589797025 2482
1589815205 2483
1589838154 2484
1589888721 2485
1590000499 2486
1590056110 2487
1590060606 2488
1590174302 2489
1590311890 2490
1590317795 2491
1590320194 2492
1590364234 2493
1590392359 2494
1590434559 2495
1590488619 2496
1590528518 2497
1590674666 2498
1590685472 2499
1590687762 2500
1590687933 2501
1590761553 2502
1590782132 2503
1590844281 2504
1590976337 2505
1591042554 2506
1591230086 2507
1591271783 2508
1591966267 2509
1592331989 2510
1592485322 2511
1592837643 2512
1592898386 2513
1593015879 2514
1593017013 2515
1593038373 2516
1593090633 2517
1593128449 2518
1593215394 2519
1593447713 2520
1593459816 2521
1593605710 2522
1593627817 2523
1594024819 2524
1594144217 2525
1594285384 2526
1594303365 2527
1594632323 2528
1594723510 2529
1594821611 2530
1595090195 2531
1595148222 2532
1595262121 2533
1595513781 2534
1595537065 2535
1595584791 2536
1595638088 2537
1595669522 2538
1595680752 2539
1595843992 2540
1595886709 2541
1595893651 2542
1595943850 2543
1596069774 2544
1596131843 2545
1596145097 2546
1596231560 2547
1596464543 2548
1596530671 2549
1596598872 2550
1596747183 2551
1596754699 2552
1596912584 2553
1596977015 2554
1597007931 2555
1597020246 2556
1597082767 2557
1597153938 2558
1597170712 2559
1597173858 2560
1597236518 2561
1597434161 2562
1597515885 2563
1597516596 2564
1597571362 2565
1597587812 2566
1597671212 2567
1597685005 2568
1597688266 2569
1597846742 2570
1597876840 2571
1597917450 2572
1598000591 2573
1598121994 2574
1598125472 2575
1598197407 2576
1598216779 2577
1598277714 2578
1598282805 2579
1598348282 2580
1598390567 2581
1598527931 2582
1598535366 2583
1598555073 2584
1598564729 2585
1598620262 2586
1598622164 2587
1598644967 2588
1598746945 2589
1598799027 2590
1598802393 2591
1598807934 2592
1598817549 2593
1598869391 2594
1598870265 2595
1598957261 2596
1598957978 2597
1598963997 2598
1598973812 2599
1598993028 2600
1599002780 2601
1599039249 2602
1599072602 2603
1599177289 2604
1599209826 2605
1599403183 2606
1599431442 2607
1599523296 2608
1599567535 2609
1599567721 2610
1599644533 2611
1599660548 2612
1599738169 2613
1599741671 2614
1599767348 2615
1599820694 2616
1599848698 2617
1599855621 2618
1599946100 2619
1600070298 2620
1600092539 2621
1600102759 2622
1600127038 2623
1600161383 2624
1600390943 2625
1600452959 2626
1600499517 2627
1600547248 2628
1600683145 2629
