1579564800 24 0 17 17
1579651200 22 0 16 13
1579737600 134 0 39 28
1579824000 630 0 114 81
1579910400 673 2 147 68
1579996800 607 0 112 28
1580083200 962 1 142 34
1580169600 1221 4 149 31
1580256000 1187 4 155 23
1580342400 1136 3 160 22
1580428800 1145 2 143 18
1580515200 633 3 113 12
1580601600 510 0 102 13
1580688000 629 3 121 13
1580774400 616 2 114 7
1580860800 480 1 108 10
1580947200 348 1 108 3
1581033600 487 0 110 8
1581120000 540 1 118 15
1581206400 372 0 87 0
1581292800 545 0 122 7
1581379200 514 0 109 10
1581465600 430 2 106 4
1581552000 763 0 123 8
1581638400 221 0 75 2
1581724800 378 4 83 3
1581811200 285 2 70 1
1581897600 239 0 76 4
1581984000 262 0 77 1
1582070400 237 2 73 2
1582156800 241 1 79 1
1582243200 200 0 70 4
1582329600 374 1 96 7
1582416000 687 1 117 10
1582502400 1008 2 199 31
1582588800 1074 6 213 34
1582675200 1730 3 246 35
1582761600 1878 4 249 35
1582848000 2354 5 294 49
1582934400 1990 4 275 42
1583020800 1991 1 269 32
1583107200 2531 3 357 47
1583193600 2691 7 335 36
1583280000 2467 2 323 32
1583366400 3487 10 385 46
1583452800 3794 2 397 40
1583539200 2834 0 309 27
1583625600 3282 1 363 34
1583712000 3454 0 416 39
1583798400 3509 3 437 31
1583884800 3664 1 444 36
1583971200 6583 8 641 96
1584057600 5924 7 609 68
1584144000 6990 5 623 97
1584230400 9270 4 800 141
1584316800 10342 17 959 169
1584403200 7427 9 801 88
1584489600 6198 9 738 70
1584576000 5649 18 698 34
1584662400 5457 9 678 55
1584748800 5759 6 645 36
1584835200 5885 16 647 38
1584921600 6994 9 669 40
1585008000 5204 7 592 15
1585094400 4805 7 613 23
1585180800 3539 1 534 15
1585267200 4325 5 583 19
1585353600 4813 9 553 32
1585440000 5346 16 575 20
1585526400 4079 4 555 13
1585612800 3937 2 511 12
1585699200 4025 6 547 8
1585785600 3781 1 527 11
1585872000 3994 4 483 12
1585958400 3093 4 430 7
1586044800 3871 4 458 10
1586131200 4225 4 531 20
1586217600 4286 5 517 10
1586304000 4014 5 484 9
1586390400 3695 0 449 4
1586476800 2994 8 413 5
1586563200 2847 3 411 5
1586649600 2615 1 384 10
1586736000 4957 5 543 19
1586822400 3691 22 482 11
1586908800 3168 2 424 6
1586995200 3126 1 392 4
1587081600 2791 5 392 6
1587168000 2531 0 351 12
1587254400 3510 5 369 7
1587340800 2163 2 346 4
1587427200 2454 6 359 6
1587513600 2913 3 364 5
1587600000 2690 2 357 3
1587686400 2054 1 332 5
1587772800 1844 6 309 5
1587859200 2303 4 291 6
1587945600 2227 3 324 1
1588032000 3859 2 427 5
1588118400 2356 1 332 4
1588204800 2126 1 330 7
1588291200 1974 2 297 3
1588377600 1934 1 263 2
1588464000 2297 1 308 2
1588550400 2481 0 322 1
1588636800 1950 1 297 3
1588723200 2011 1 291 4
1588809600 2895 5 350 3
1588896000 1752 4 265 3
1588982400 1981 1 272 4
1589068800 2763 1 316 4
1589155200 2676 1 363 6
1589241600 1680 4 270 5
1589328000 1692 0 230 0
1589414400 1400 4 230 1
1589500800 1262 1 215 0
1589587200 778 0 169 0
1589673600 789 0 184 2
1589760000 1268 2 192 3
1589846400 973 1 181 1
1589932800 913 0 179 1
1590019200 1131 0 165 2
1590105600 897 0 193 1
1590192000 792 1 188 0
1590278400 696 0 162 4
1590364800 1127 3 186 2
1590451200 1147 1 176 2
1590537600 1018 0 156 0
1590624000 1911 1 229 4
1590710400 1173 0 183 2
1590796800 561 0 126 1
1590883200 923 0 113 0
1590969600 500 0 121 2
1591056000 1072 0 143 0
1591142400 1070 0 149 0
1591228800 760 2 157 2
1591315200 1008 1 155 0
1591401600 572 0 115 0
1591488000 398 0 107 0
1591574400 510 0 114 0
1591660800 406 0 108 0
1591747200 387 0 108 0
1591833600 376 0 90 0
1591920000 369 0 105 1
1592006400 337 0 105 0
1592092800 645 0 152 0
1592179200 434 0 114 0
1592265600 488 0 129 1
1592352000 406 0 106 0
1592438400 352 1 106 1
1592524800 499 1 111 0
1592611200 390 0 90 0
1592697600 393 0 118 0
1592784000 561 0 137 1
1592870400 392 0 117 1
1592956800 996 0 151 3
1593043200 612 0 145 2
1593129600 515 0 115 1
1593216000 406 0 94 0
1593302400 250 0 83 0
1593388800 295 0 89 2
1593475200 393 0 86 0
1593561600 310 2 98 2
1593648000 306 0 100 0
1593734400 157 0 75 0
1593820800 261 0 85 0
1593907200 296 0 80 0
1593993600 257 0 95 1
1594080000 511 0 114 1
1594166400 520 0 122 0
1594252800 707 0 127 2
1594339200 469 2 112 0
1594425600 284 1 96 0
1594512000 561 0 119 0
1594598400 473 1 116 1
1594684800 766 2 138 1
1594771200 846 2 138 1
1594857600 678 0 129 0
1594944000 822 0 148 0
1595030400 401 0 103 1
1595116800 678 0 124 1
1595203200 954 0 158 1
1595289600 562 1 133 0
1595376000 492 0 128 0
1595462400 525 1 132 2
1595548800 411 0 120 2
1595635200 473 0 112 3
1595721600 463 0 110 0
1595808000 543 0 147 3
1595894400 761 0 133 1
1595980800 639 1 134 0
1596067200 572 0 125 3
1596153600 678 0 140 1
1596240000 471 0 96 0
1596326400 584 0 128 0
1596412800 995 2 153 1
1596499200 880 1 152 1
1596585600 529 0 135 1
1596672000 726 2 127 2
1596758400 484 0 122 0
1596844800 537 1 120 1
1596931200 681 0 133 2
1597017600 905 2 154 2
1597104000 872 1 149 3
1597190400 735 0 148 1
1597276800 840 0 145 0
1597363200 871 1 144 1
1597449600 566 2 139 2
1597536000 723 0 137 2
1597622400 996 1 156 3
1597708800 985 1 171 0
1597795200 1069 0 175 2
1597881600 965 0 158 1
1597968000 1012 0 151 1
1598054400 573 4 140 2
1598140800 566 0 122 2
1598227200 607 2 135 2
