1579611555 1
1579627499 2
1579629367 3
1579630675 4
1579636944 5
1579678473 6
1579724250 7
1579727123 8
1579727177 9
1579727975 10
1579730378 11
1579733220 12
1579734792 13
1579735590 14
1579737627 15
1579760592 16
1579776449 17
1579778672 18
1579784057 19
1579784270 20
1579784502 21
1579811179 22
1579821659 23
1579844499 24
1579849340 25
1579853947 26
1579854262 27
1579858552 28
1579858590 29
1579861015 30
1579861671 31
1579872263 32
1579875857 33
1579880211 34
1579886746 35
1579887245 36
1579890751 37
1579897615 38
1579898093 39
1579899120 40
1579899597 41
1579899783 42
1579899824 43
1579900290 44
1579900351 45
1579900500 46
1579900888 47
1579901210 48
1579901787 49
1579901916 50
1579904655 51
1579905912 52
1579906049 53
1579906227 54
1579906859 55
1579908293 56
1579908329 57
1579915723 58
1579916416 59
1579920712 60
1579944902 61
1579949445 62
1579957910 63
1579962525 64
1579966349 65
1579967349 66
1579968270 67
1579976177 68
1579979940 69
1579982056 70
1579984623 71
1579990366 72
1580025385 73
1580034093 74
1580036556 75
1580039617 76
1580039816 77
1580040653 78
1580073364 79
1580077054 80
1580079026 81
1580119156 82
1580130647 83
1580134245 84
1580139983 85
1580145999 86
1580147519 87
1580150937 88
1580163355 89
1580179150 90
1580209087 91
1580215430 92
1580218095 93
1580237499 94
1580239614 95
1580240823 96
1580242009 97
1580246007 98
1580281426 99
1580291450 100
1580292256 101
1580294692 102
1580297046 103
1580309486 104
1580329136 105
1580372528 106
1580380689 107
1580386391 108
1580390124 109
1580404348 110
1580418279 111
1580472399 112
1580478927 113
1580484853 114
1580545588 115
1580546975 116
1580547601 117
1580555486 118
1580559931 119
1580571642 120
1580596569 121
1580659674 122
1580724385 123
1580740545 124
1580819234 125
1580920567 126
1580978260 127
1580986937 128
1581010663 129
1581061851 130
1581070613 131
1581072844 132
1581158479 133
1581159381 134
1581159953 135
1581183489 136
1581187306 137
1581193042 138
1581195345 139
1581339543 140
1581414559 141
1581429752 142
1581635783 143
1581924361 144
1582391951 145
1582402425 146
1582420665 147
1582461884 148
1582497493 149
1582549914 150
1582555762 151
1582561978 152
1582563983 153
1582565759 154
1582573286 155
1582575979 156
1582627726 157
1582628613 158
1582631966 159
1582638763 160
1582641162 161
1582651225 162
1582655012 163
1582655367 164
1582666546 165
1582722355 166
1582728811 167
1582738899 168
1582781146 169
1582795284 170
1582797451 171
1582803516 172
1582806431 173
1582809112 174
1582809645 175
1582810821 176
1582811752 177
1582836786 178
1582838314 179
1582839768 180
1582841279 181
1582843507 182
1582849603 183
1582870865 184
1582876968 185
1582880893 186
1582883970 187
1582887068 188
1582899172 189
1582902555 190
1582911754 191
1582913556 192
1582918892 193
1582920244 194
1582922689 195
1582990379 196
1582992395 197
1582993180 198
1582994276 199
1583005014 200
1583006481 201
1583010636 202
1583013290 203
1583018787 204
1583072042 205
1583085795 206
1583091164 207
1583091915 208
1583095000 209
1583131695 210
1583143847 211
1583155695 212
1583156047 213
1583159875 214
1583186026 215
1583196207 216
1583220371 217
1583238361 218
1583257851 219
1583271259 220
1583271873 221
1583317526 222
1583329766 223
1583333553 224
1583346646 225
1583391427 226
1583397004 227
1583398157 228
1583405779 229
1583410520 230
1583413520 231
1583426515 232
1583437042 233
1583437268 234
1583438645 235
1583444894 236
1583451252 237
1583455362 238
1583460415 239
1583489104 240
1583490809 241
1583502357 242
1583502942 243
1583523014 244
1583526375 245
1583538214 246
1583548163 247
1583587384 248
1583614769 249
1583614870 250
1583625739 251
1583637915 252
1583662122 253
1583670517 254
1583673226 255
1583675607 256
1583696359 257
1583699910 258
1583700177 259
1583703376 260
1583737708 261
1583744788 262
1583763398 263
1583763567 264
1583767396 265
1583784344 266
1583791485 267
1583859888 268
1583871684 269
1583916382 270
1583918962 271
1583931353 272
1583933197 273
1583941386 274
1583961419 275
1584009297 276
1584009865 277
1584013582 278
1584017842 279
1584021612 280
1584022009 281
1584042253 282
1584043330 283
1584043476 284
1584049489 285
1584053131 286
1584055601 287
1584102150 288
1584106438 289
1584106816 290
1584118451 291
1584127174 292
1584136241 293
1584137986 294
1584139102 295
1584147330 296
1584186496 297
1584186875 298
1584189688 299
1584192993 300
1584196519 301
1584197030 302
1584215272 303
1584217074 304
1584217468 305
1584217584 306
1584221734 307
1584222407 308
1584223121 309
1584226387 310
1584231836 311
1584256800 312
1584265334 313
1584269354 314
1584271870 315
1584272379 316
1584274228 317
1584279118 318
1584282818 319
1584288969 320
1584294775 321
1584297172 322
1584301560 323
1584301598 324
1584305456 325
1584309219 326
1584310953 327
1584335305 328
1584346691 329
1584349615 330
1584354266 331
1584354402 332
1584356886 333
1584359105 334
1584359592 335
1584363072 336
1584371232 337
1584374822 338
1584382672 339
1584389164 340
1584389457 341
1584398021 342
1584398423 343
1584404183 344
1584439057 345
1584448666 346
1584451843 347
1584456864 348
1584477179 349
1584522966 350
1584535086 351
1584543941 352
1584562554 353
1584570380 354
1584579271 355
1584630607 356
1584633341 357
1584653809 358
1584722978 359
1584736744 360
1584745107 361
1584749771 362
1584757668 363
1584800258 364
1584829731 365
1584831484 366
1584842394 367
1584844297 368
1584870156 369
1584907891 370
1584912895 371
1584976533 372
1584980772 373
1584985383 374
1584987113 375
1585316504 376
1585328026 377
1585333771 378
1585350976 379
1585361662 380
1585387998 381
1585421386 382
1585430555 383
1585479263 384
1585509737 385
1585555288 386
1585602970 387
1585771679 388
1585779285 389
1585782160 390
1586018401 391
1586024419 392
1586055536 393
1586096921 394
1586098273 395
1586125852 396
1586140078 397
1586166331 398
1586167525 399
1586180464 400
1586207756 401
1586287352 402
1586366562 403
1586480270 404
1586707820 405
1586808336 406
1586861284 407
1586979899 408
1586987719 409
1587139400 410
1587402510 411
1587471890 412
1587539243 413
1587846345 414
1588015992 415
1588163866 416
1588245006 417
1588422315 418
1588553946 419
1588756707 420
1590056110 421
1590060606 422
1590528518 423
1590674666 424
1590685472 425
1590687762 426
1590687933 427
1590761553 428
1590782132 429
1590844281 430
1590976337 431
1591042554 432
