1579611316 1
1579611555 2
1579611751 3
1579636944 4
1579640280 5
1579646008 6
1579678473 7
1579724250 8
1579727123 9
1579727177 10
1579730378 11
1579733220 12
1579734009 13
1579734792 14
1579735590 15
1579737627 16
1579760592 17
1579772175 18
1579776449 19
1579778672 20
1579784057 21
1579784270 22
1579784502 23
1579791432 24
1579792908 25
1579793640 26
1579806529 27
1579811179 28
1579827367 29
1579840018 30
1579849340 31
1579854262 32
1579858552 33
1579858590 34
1579861015 35
1579861671 36
1579872263 37
1579880211 38
1579886544 39
1579887245 40
1579890751 41
1579897615 42
1579898093 43
1579898104 44
1579898366 45
1579899120 46
1579899597 47
1579899824 48
1579900351 49
1579900500 50
1579900888 51
1579901210 52
1579901630 53
1579901787 54
1579901886 55
1579904655 56
1579905912 57
1579906049 58
1579906055 59
1579906227 60
1579906859 61
1579906939 62
1579906979 63
1579907338 64
1579908329 65
1579915186 66
1579915723 67
1579916416 68
1579934676 69
1579940047 70
1579943708 71
1579946835 72
1579949677 73
1579956895 74
1579957910 75
1579962525 76
1579966349 77
1579968270 78
1579975431 79
1579976055 80
1579978580 81
1579979761 82
1579979940 83
1579982056 84
1579982100 85
1579984623 86
1579987781 87
1579990366 88
1579995294 89
1580025385 90
1580034093 91
1580036233 92
1580036556 93
1580039617 94
1580040653 95
1580072563 96
1580079026 97
1580116947 98
1580118638 99
1580119156 100
1580130647 101
1580134245 102
1580135310 103
1580141917 104
1580142357 105
1580145999 106
1580147519 107
1580149929 108
1580149994 109
1580150937 110
1580153583 111
1580214642 112
1580215430 113
1580218095 114
1580237499 115
1580239491 116
1580281426 117
1580291450 118
1580292256 119
1580305313 120
1580309486 121
1580314182 122
1580329136 123
1580378199 124
1580380689 125
1580390124 126
1580393334 127
1580404348 128
1580418110 129
1580472399 130
1580474163 131
1580478927 132
1580484853 133
1580487904 134
1580495775 135
1580495851 136
1580518207 137
1580545588 138
1580546975 139
1580547601 140
1580549272 141
1580555486 142
1580559931 143
1580571642 144
1580596569 145
1580611880 146
1580647089 147
1580654725 148
1580659674 149
1580740545 150
1580762786 151
1580858244 152
1580866186 153
1580920567 154
1581070613 155
1581159381 156
1581159953 157
1581183489 158
1581187306 159
1581193042 160
1581331161 161
1581334312 162
1581428997 163
1581509957 164
1581635783 165
1581770395 166
1581924361 167
1582284629 168
1582391951 169
1582420665 170
1582423902 171
1582463236 172
1582497493 173
1582549914 174
1582554319 175
1582555762 176
1582563983 177
1582568627 178
1582573286 179
1582575979 180
1582620595 181
1582627726 182
1582631966 183
1582638763 184
1582645706 185
1582651225 186
1582666546 187
1582673226 188
1582712684 189
1582717298 190
1582720744 191
1582722355 192
1582732714 193
1582738899 194
1582754587 195
1582755496 196
1582786046 197
1582806431 198
1582809112 199
1582809645 200
1582836786 201
1582838314 202
1582839768 203
1582841279 204
1582842132 205
1582847664 206
1582849603 207
1582870865 208
1582876968 209
1582883645 210
1582887068 211
1582889001 212
1582899158 213
1582899172 214
1582901583 215
1582901972 216
1582902555 217
1582906321 218
1582909276 219
1582918892 220
1582922689 221
1582939292 222
1582962218 223
1582974341 224
1582976265 225
1582994276 226
1583005014 227
1583005572 228
1583013290 229
1583072042 230
1583074110 231
1583082260 232
1583083304 233
1583084335 234
1583087673 235
1583091915 236
1583131695 237
1583143847 238
1583148676 239
1583151672 240
1583151695 241
1583155695 242
1583162859 243
1583168876 244
1583220371 245
1583238361 246
1583239723 247
1583246002 248
1583249276 249
1583268079 250
1583271259 251
1583278055 252
1583316804 253
1583317526 254
1583326851 255
1583329707 256
1583329766 257
1583337199 258
1583391427 259
1583398157 260
1583399990 261
1583405206 262
1583410520 263
1583413297 264
1583426515 265
1583432997 266
1583437268 267
1583444894 268
1583446175 269
1583451252 270
1583455362 271
1583486516 272
1583489104 273
1583493356 274
1583502776 275
1583502942 276
1583506817 277
1583518309 278
1583523014 279
1583526375 280
1583543124 281
1583570868 282
1583572314 283
1583584677 284
1583608959 285
1583614769 286
1583625739 287
1583662122 288
1583663416 289
1583680914 290
1583690335 291
1583694339 292
1583700177 293
1583703376 294
1583724944 295
1583744788 296
1583763398 297
1583763567 298
1583772231 299
1583784344 300
1583791485 301
1583800180 302
1583848213 303
1583859888 304
1583865779 305
1583871684 306
1583916382 307
1583918962 308
1583933197 309
1583980767 310
1584001484 311
1584009266 312
1584021612 313
1584022269 314
1584024031 315
1584030778 316
1584036545 317
1584043275 318
1584043316 319
1584043330 320
1584043765 321
1584045733 322
1584048984 323
1584050949 324
1584052927 325
1584055645 326
1584088091 327
1584091257 328
1584102150 329
1584105279 330
1584106094 331
1584107665 332
1584125525 333
1584125944 334
1584126229 335
1584127174 336
1584147330 337
1584149891 338
1584176087 339
1584181088 340
1584186496 341
1584192993 342
1584196519 343
1584197030 344
1584201823 345
1584203493 346
1584213881 347
1584217074 348
1584217468 349
1584217584 350
1584218398 351
1584218747 352
1584218757 353
1584220750 354
1584223121 355
1584226030 356
1584230471 357
1584231836 358
1584235329 359
1584237774 360
1584256800 361
1584259794 362
1584263125 363
1584265334 364
1584269354 365
1584271870 366
1584273731 367
1584275526 368
1584284060 369
1584291410 370
1584294775 371
1584301560 372
1584303737 373
1584309219 374
1584311800 375
1584313855 376
1584328789 377
1584352274 378
1584354266 379
1584354402 380
1584355923 381
1584364939 382
1584369942 383
1584373996 384
1584379994 385
1584382435 386
1584383414 387
1584388677 388
1584389457 389
1584389629 390
1584392665 391
1584397235 392
1584397371 393
1584398423 394
1584399325 395
1584404183 396
1584425562 397
1584439057 398
1584444322 399
1584446346 400
1584448352 401
1584463592 402
1584524651 403
1584528474 404
1584535418 405
1584543159 406
1584543941 407
1584570380 408
1584578348 409
1584579271 410
1584630607 411
1584632885 412
1584703510 413
1584704650 414
1584723799 415
1584756675 416
1584757668 417
1584800258 418
1584810580 419
1584827001 420
1584829731 421
1584831484 422
1584859364 423
1584870156 424
1584902064 425
1584912895 426
1584974040 427
1584987113 428
1585000496 429
1585126539 430
1585327192 431
1585328026 432
1585333771 433
1585356371 434
1585387998 435
1585400478 436
1585421386 437
1585430555 438
1585479263 439
1585498217 440
1585771679 441
1585782160 442
1585784845 443
1586024419 444
1586117364 445
1586125852 446
1586180464 447
1586220876 448
1586287352 449
1586352309 450
1586623848 451
1586707820 452
1586776882 453
1586819093 454
1586987719 455
1587059746 456
1587073381 457
1587299017 458
1587402510 459
1587471890 460
1587539243 461
1587891002 462
1588015992 463
1588163866 464
1588335402 465
1588756707 466
1589046370 467
1589196756 468
1589315651 469
1590060606 470
1590174302 471
1590761553 472
1592485322 473
1592837643 474
1593215394 475
1595090195 476
1595262121 477
1595680752 478
1596145097 479
1597688266 480
1597876840 481
1598197407 482
1598216779 483
1599039249 484
1599177289 485
1600499517 486
1600683145 487
1600979095 488
1601039818 489
1601919560 490
1602006048 491
1602629684 492
1602777054 493
1602781955 494
1602846289 495
1602851214 496
1603020178 497
1603288843 498
1603392641 499
1603664813 500
1603834167 501
1603968950 502
1603971522 503
1604593210 504
1605092315 505
1605092599 506
1605194372 507
1605279487 508
1606514217 509
1606742238 510
1606991375 511
1607166479 512
1607432368 513
1608504240 514
1609087530 515
1609520812 516
1609530183 517
1609585492 518
1609619072 519
1609788707 520
1609935225 521
1610302473 522
1610362316 523
1610462249 524
1610464275 525
1610485024 526
1610488952 527
1610528317 528
1610531330 529
1610551950 530
1610563671 531
1610619053 532
1610728170 533
1610737466 534
1610820418 535
1610829879 536
