1579611316 1 0 1
1579611555 2 0 2
1579613366 3 0 3
1579617811 4 0 4
1579621979 5 0 5
1579622150 6 0 6
1579627499 7 0 7
1579629367 8 0 8
1579630675 9 0 9
1579630765 10 0 10
1579631666 11 0 11
1579636944 12 0 12
1579639995 13 0 13
1579640280 14 0 14
1579640775 15 0 15
1579646008 16 0 16
1579678473 17 0 17
1579693339 18 0 18
1579724250 19 0 19
1579727123 20 0 20
1579727177 21 0 21
1579727975 22 0 22
1579730378 23 0 23
1579730809 24 0 24
1579733220 25 0 25
1579734009 26 0 26
1579734215 27 0 27
1579734792 28 0 28
1579735590 29 0 29
1579737627 30 0 30
1579738363 31 0 31
1579740900 32 0 32
1579742068 33 0 33
1579760592 34 0 34
1579772175 35 0 35
1579775467 36 0 36
1579776449 37 1 36
1579776449 37 1 36
1579777951 38 1 37
1579778672 39 1 38
1579778830 40 1 39
1579784057 41 1 40
1579784270 42 1 41
1579784502 43 1 42
1579787783 44 1 43
1579791432 45 1 44
1579792908 46 1 45
1579792912 47 1 46
1579793285 48 1 47
1579793640 49 1 48
1579793677 50 1 49
1579802143 51 1 50
1579805056 52 2 50
1579805056 52 2 50
1579806529 53 2 51
1579811179 54 2 52
1579821659 55 2 53
1579822944 56 2 54
1579823091 57 2 55
1579826431 58 2 56
1579827367 59 2 57
1579840018 60 2 58
1579844499 61 2 59
1579849146 62 2 60
1579849340 63 2 61
1579852403 64 2 62
1579853947 65 2 63
1579854262 66 2 64
1579858552 67 2 65
1579858590 68 2 66
1579858604 69 2 67
1579861015 70 2 68
1579861671 71 2 69
1579863724 72 2 70
1579870016 73 2 71
1579870844 74 2 72
1579871363 75 3 72
1579871363 75 3 72
1579872263 76 3 73
1579873194 77 3 74
1579874713 78 4 74
1579874713 78 4 74
1579875857 79 4 75
1579877603 80 4 76
1579880211 81 4 77
1579880806 82 5 77
1579880806 82 5 77
1579885751 83 5 78
1579886544 84 5 79
1579886746 85 5 80
1579887026 86 5 81
1579887245 87 5 82
1579888707 88 5 83
1579890751 89 5 84
1579892037 90 5 85
1579897192 91 5 86
1579897615 92 5 87
1579897628 93 5 88
1579898020 94 5 89
1579898093 95 5 90
1579898104 96 5 91
1579898295 97 5 92
1579898366 98 5 93
1579899120 99 5 94
1579899597 100 5 95
1579899783 101 5 96
1579899824 102 5 97
1579900037 103 5 98
1579900093 104 5 99
1579900136 105 5 100
1579900290 106 5 101
1579900351 107 5 102
1579900500 108 5 103
1579900515 109 5 104
1579900888 110 5 105
1579901083 111 5 106
1579901210 112 5 107
1579901630 113 5 108
1579901787 114 5 109
1579901886 115 5 110
1579901916 116 5 111
1579902344 117 5 112
1579903110 118 5 113
1579904004 119 5 114
1579904013 120 5 115
1579904655 121 5 116
1579904674 122 5 117
1579904963 123 5 118
1579905912 124 5 119
1579906049 125 5 120
1579906055 126 5 121
1579906227 127 5 122
1579906351 128 5 123
1579906556 129 5 124
1579906859 130 5 125
1579906939 131 5 126
1579906979 132 5 127
1579907338 133 5 128
1579908229 134 5 129
1579908293 135 5 130
1579908329 136 5 131
1579908840 137 5 132
1579909219 138 5 133
1579911342 139 5 134
1579915186 140 5 135
1579915723 141 5 136
1579916416 142 5 137
1579917298 143 5 138
1579917630 144 5 139
1579919733 145 5 140
1579920712 146 5 141
1579922026 147 5 142
1579924938 148 5 143
1579934676 149 5 144
1579938071 150 5 145
1579938750 151 5 146
1579939400 152 6 146
1579939400 152 6 146
1579940047 153 6 147
1579943548 154 7 147
1579943548 154 7 147
1579943708 155 7 148
1579943871 156 7 149
1579944323 157 7 150
1579944902 158 7 151
1579946835 159 7 152
1579947236 160 7 153
1579947909 161 7 154
1579949445 162 7 155
1579949468 163 7 156
1579949652 164 7 157
1579949677 165 7 158
1579949757 165 8 157
1579950448 166 8 158
1579950615 167 8 159
1579951014 168 8 160
1579951945 169 8 161
1579953209 170 8 162
1579956895 171 8 163
1579957886 172 8 164
1579957910 173 8 165
1579958003 174 8 166
1579958144 174 9 165
1579958330 175 9 166
1579961352 176 9 167
1579961635 177 9 168
1579962300 178 9 169
1579962525 179 9 170
1579962557 180 9 171
1579964705 181 9 172
1579966349 182 9 173
1579966383 183 9 174
1579967323 184 9 175
1579967349 185 9 176
1579968270 186 9 177
1579969765 187 9 178
1579972703 188 9 179
1579972896 189 9 180
1579973982 190 9 181
1579975431 191 9 182
1579975776 192 9 183
1579976055 193 9 184
1579976177 194 9 185
1579976762 195 10 185
1579976762 195 10 185
1579977121 196 10 186
1579977800 196 11 185
1579978580 197 11 186
1579979761 198 11 187
1579979940 199 11 188
1579982056 200 11 189
1579982100 201 11 190
1579984623 202 11 191
1579986219 203 11 192
1579987781 204 11 193
1579990366 205 11 194
1579995294 206 11 195
1579999312 207 11 196
1580021099 208 11 197
1580023491 209 11 198
1580025385 210 11 199
1580032617 211 11 200
1580032644 212 11 201
1580034093 213 11 202
1580036233 214 11 203
1580036556 215 11 204
1580037245 216 11 205
1580039617 217 11 206
1580039816 218 11 207
1580040653 219 11 208
1580041049 220 11 209
1580041576 221 11 210
1580044253 222 11 211
1580056459 223 11 212
1580057179 224 11 213
1580063156 225 11 214
1580065990 226 11 215
1580069107 227 11 216
1580072563 228 11 217
1580073364 229 11 218
1580076278 229 12 217
1580077054 230 12 218
1580077921 231 13 218
1580077921 231 13 218
1580078790 232 13 219
1580079026 233 13 220
1580081552 234 13 221
1580082532 235 13 222
1580109046 236 13 223
1580116947 237 13 224
1580118638 238 13 225
1580119156 239 13 226
1580121793 240 13 227
1580122138 241 13 228
1580129294 242 13 229
1580129688 243 13 230
1580130647 244 13 231
1580133359 245 13 232
1580134245 246 13 233
1580135310 247 13 234
1580135506 248 13 235
1580135682 249 13 236
1580137293 250 13 237
1580139983 251 13 238
1580140796 252 13 239
1580141917 253 13 240
1580142357 254 13 241
1580142844 254 14 240
1580143850 255 14 241
1580145999 256 14 242
1580147519 257 14 243
1580148839 258 14 244
1580149825 259 14 245
1580149929 260 14 246
1580149994 261 14 247
1580150937 262 14 248
1580152565 263 14 249
1580153583 264 14 250
1580157337 265 14 251
1580157604 266 14 252
1580159805 266 15 251
1580162604 267 15 252
1580163235 268 15 253
1580163355 269 15 254
1580179150 270 15 255
1580180392 271 15 256
1580186044 272 15 257
1580200461 273 15 258
1580204608 274 15 259
1580205290 275 15 260
1580208217 276 15 261
1580208891 277 15 262
1580209087 278 15 263
1580209441 279 15 264
1580209664 280 15 265
1580209714 281 15 266
1580210960 282 15 267
1580214064 283 16 267
1580214064 283 16 267
1580214642 284 16 268
1580214715 285 16 269
1580215430 286 16 270
1580218095 287 16 271
1580218312 288 17 271
1580218312 288 17 271
1580233880 289 17 272
1580234905 290 17 273
1580237499 291 17 274
1580239491 292 17 275
1580239614 293 17 276
1580239642 294 17 277
1580240823 295 17 278
1580242009 296 17 279
1580242271 297 17 280
1580244435 298 17 281
1580246007 299 17 282
1580247341 299 18 281
1580250782 300 18 282
1580252123 301 18 283
1580263337 302 18 284
1580266899 303 18 285
1580281426 304 18 286
1580286821 305 18 287
1580287630 305 19 286
1580289227 306 19 287
1580291450 307 19 288
1580291926 308 19 289
1580292256 309 19 290
1580293317 310 19 291
1580293461 311 19 292
1580294692 312 19 293
1580295949 313 20 293
1580295949 313 20 293
1580297046 314 20 294
1580304197 315 20 295
1580305313 316 20 296
1580308050 317 20 297
1580309486 318 20 298
1580314182 319 20 299
1580328596 320 20 300
1580329136 321 20 301
1580333196 322 21 301
1580333196 322 21 301
1580334924 323 21 302
1580341579 324 21 303
1580342258 324 22 302
1580352894 325 22 303
1580361242 326 22 304
1580372528 327 22 305
1580378199 328 22 306
1580378646 329 23 306
1580378646 329 23 306
1580379102 330 23 307
1580380689 331 23 308
1580381070 332 23 309
1580381504 333 23 310
1580383871 334 23 311
1580386391 335 23 312
1580389339 336 23 313
1580390124 337 23 314
1580393195 337 24 313
1580393334 338 24 314
1580396988 339 24 315
1580397439 340 24 316
1580404348 341 24 317
1580418110 342 24 318
1580418279 343 24 319
1580419059 344 24 320
1580420960 345 24 321
1580425672 346 24 322
1580460065 347 24 323
1580461280 348 24 324
1580464664 349 24 325
1580468550 350 24 326
1580472199 350 25 325
1580472399 351 25 326
1580473279 352 25 327
1580474163 353 25 328
1580477055 354 25 329
1580478927 355 25 330
1580484853 356 25 331
1580487904 357 25 332
1580489721 357 26 331
1580494200 358 26 332
1580495775 359 26 333
1580495851 360 26 334
1580497424 361 27 334
1580497424 361 27 334
1580499769 361 28 333
1580503648 362 28 334
1580503712 363 28 335
1580505690 364 28 336
1580518207 365 28 337
1580523931 365 29 336
1580545588 366 29 337
1580546975 367 29 338
1580547601 368 29 339
1580549272 369 29 340
1580554637 370 30 340
1580554637 370 30 340
1580555486 371 30 341
1580559931 372 30 342
1580563178 373 30 343
1580571642 374 30 344
1580596569 375 30 345
1580597746 376 30 346
1580602005 377 30 347
1580611880 378 30 348
1580615662 379 30 349
1580641210 380 30 350
1580641805 381 30 351
1580645299 382 30 352
1580647089 383 30 353
1580654725 384 30 354
1580655562 385 30 355
1580659674 386 30 356
1580673381 387 30 357
1580682687 388 30 358
1580684741 389 30 359
1580699492 390 30 360
1580716630 391 30 361
1580721735 392 30 362
1580724385 393 30 363
1580726052 393 31 362
1580728884 394 31 363
1580740545 395 31 364
1580740922 396 31 365
1580743245 396 32 364
1580744082 397 32 365
1580748471 398 32 366
1580758515 398 33 365
1580762786 399 33 366
1580763051 400 33 367
1580768440 401 33 368
1580772379 402 33 369
1580802759 403 33 370
1580819234 404 33 371
1580825801 405 33 372
1580836548 406 33 373
1580837864 407 33 374
1580843552 408 34 374
1580843552 408 34 374
1580858244 409 34 375
1580866186 410 34 376
1580889641 411 34 377
1580905759 412 34 378
1580908682 412 35 377
1580913537 413 35 378
1580916749 414 35 379
1580920567 415 35 380
1580921681 416 35 381
1580921851 417 35 382
1580927084 418 35 383
1580936329 419 35 384
1580978260 420 35 385
1580986937 421 35 386
1580995182 421 36 385
1581010663 422 36 386
1581061851 423 36 387
1581070613 424 36 388
1581072844 425 36 389
1581074277 426 36 390
1581086123 427 36 391
1581094415 428 36 392
1581098706 429 37 392
1581098706 429 37 392
1581101146 429 38 391
1581118315 430 38 392
1581119816 431 38 393
1581157548 432 38 394
1581158479 433 38 395
1581159381 434 38 396
1581159953 435 38 397
1581161411 436 38 398
1581162629 437 38 399
1581172511 438 38 400
1581176407 439 39 400
1581176407 439 39 400
1581177359 440 39 401
1581181207 441 39 402
1581183489 442 39 403
1581187306 443 39 404
1581188385 444 39 405
1581193042 445 39 406
1581195345 446 39 407
1581246862 446 40 406
1581324821 447 40 407
1581331161 448 40 408
1581331394 449 40 409
1581334312 450 40 410
1581339543 451 40 411
1581352644 452 40 412
1581357967 453 40 413
1581370515 454 41 413
1581370515 454 41 413
1581412981 455 41 414
1581414559 456 41 415
1581419656 457 41 416
1581428997 458 41 417
1581429752 459 41 418
1581435264 460 41 419
1581442081 461 41 420
1581444549 461 42 419
1581445993 462 42 420
1581449554 463 42 421
1581450308 464 43 421
1581450308 464 43 421
1581496171 465 43 422
1581509957 466 43 423
1581513139 467 43 424
1581546660 468 43 425
1581581725 469 44 425
1581581725 469 44 425
1581582731 470 44 426
1581585241 471 44 427
1581585824 472 44 428
1581594387 473 45 428
1581594387 473 45 428
1581610854 474 45 429
1581612353 475 45 430
1581635783 476 45 431
1581646190 477 45 432
1581679386 478 45 433
1581763985 478 46 432
1581770395 479 46 433
1581771472 480 46 434
1581772653 480 47 433
1581798034 481 47 434
1581815667 481 48 433
1581884638 482 48 434
1581924361 483 48 435
1581943066 484 48 436
1581953185 485 48 437
1581983608 486 48 438
1581998295 487 48 439
1582116561 488 48 440
1582141950 489 48 441
1582220672 490 48 442
1582272984 491 48 443
1582282745 492 48 444
1582284629 493 48 445
1582297797 493 49 444
1582305253 493 50 443
1582326576 494 50 444
1582377942 495 50 445
1582383005 495 51 444
1582385296 496 51 445
1582390772 497 51 446
1582391951 498 51 447
1582396817 499 51 448
1582400298 499 52 447
1582402425 500 52 448
1582410431 501 52 449
1582420665 502 52 450
1582423902 503 52 451
1582456071 504 52 452
1582457845 505 53 452
1582457845 505 53 452
1582461884 506 53 453
1582463236 507 53 454
1582470192 507 54 453
1582481657 507 55 452
1582482830 508 55 453
1582483015 509 55 454
1582495509 509 56 453
1582497493 510 56 454
1582497549 511 56 455
1582505683 511 57 454
1582535958 512 57 455
1582537820 513 57 456
1582541025 514 57 457
1582541375 515 57 458
1582543938 515 58 457
1582544318 516 59 457
1582544318 516 59 457
1582546289 517 59 458
1582547431 518 59 459
1582549050 519 59 460
1582549138 520 59 461
1582549914 521 59 462
1582554319 522 59 463
1582555618 523 59 464
1582555659 524 59 465
1582555762 525 59 466
1582558310 526 59 467
1582558442 527 59 468
1582559505 528 59 469
1582561004 529 59 470
1582561573 530 59 471
1582561978 531 59 472
1582562195 532 59 473
1582562717 533 59 474
1582563983 534 59 475
1582565270 535 59 476
1582565759 536 59 477
1582568627 537 59 478
1582571134 538 59 479
1582573286 539 59 480
1582573993 540 59 481
1582575979 541 59 482
1582581666 542 59 483
1582598944 543 59 484
1582614333 544 59 485
1582615975 545 59 486
1582620595 546 59 487
1582622443 547 59 488
1582627726 548 59 489
1582628433 548 60 488
1582628613 549 60 489
1582629053 550 60 490
1582630446 551 60 491
1582630853 552 60 492
1582631966 553 60 493
1582633462 554 60 494
1582638628 555 61 494
1582638628 555 61 494
1582638763 556 61 495
1582640340 557 61 496
1582641162 558 61 497
1582642459 559 61 498
1582643188 560 61 499
1582645706 561 61 500
1582646299 562 61 501
1582648592 563 61 502
1582650461 564 61 503
1582651225 565 61 504
1582655012 566 61 505
1582655306 567 61 506
1582655367 568 61 507
1582659266 569 61 508
1582659301 570 61 509
1582662828 571 61 510
1582665550 572 61 511
1582666546 573 61 512
1582668436 574 61 513
1582673226 575 61 514
1582673343 576 62 514
1582673343 576 62 514
1582702480 577 63 514
1582702480 577 63 514
1582712684 578 63 515
1582714369 579 63 516
1582715238 580 63 517
1582715729 581 63 518
1582716039 582 63 519
1582717298 583 63 520
1582720744 584 63 521
1582722355 585 63 522
1582724283 586 63 523
1582724605 587 63 524
1582725429 588 63 525
1582728811 589 63 526
1582730322 590 63 527
1582731038 590 64 526
1582732492 591 64 527
1582732619 592 65 527
1582732619 592 65 527
1582732714 593 65 528
1582733327 593 66 527
1582733528 594 66 528
1582734922 595 66 529
1582735067 596 66 530
1582735408 597 66 531
1582735601 598 66 532
1582736182 599 66 533
1582737595 600 66 534
1582738899 601 66 535
1582739226 602 66 536
1582740609 603 66 537
1582744299 604 67 537
1582744299 604 67 537
1582745431 605 67 538
1582747271 606 67 539
1582750213 606 68 538
1582752458 607 68 539
1582753999 608 68 540
1582754587 609 68 541
1582754765 610 68 542
1582755496 611 68 543
1582781146 612 68 544
1582785858 613 68 545
1582786046 614 68 546
1582795284 615 68 547
1582797060 616 68 548
1582797451 617 68 549
1582797889 618 68 550
1582799164 619 68 551
1582801259 620 68 552
1582802861 621 68 553
1582803516 622 68 554
1582805661 623 68 555
1582806431 624 68 556
1582809112 625 68 557
1582809645 626 68 558
1582810821 627 68 559
1582811578 628 69 559
1582811578 628 69 559
1582811752 629 69 560
1582818178 630 69 561
1582822971 631 69 562
1582826009 632 69 563
1582827871 633 69 564
1582833326 634 69 565
1582836786 635 69 566
1582837282 636 69 567
1582838314 637 69 568
1582838841 638 69 569
1582839768 639 69 570
1582841199 640 69 571
1582841279 641 69 572
1582842132 642 69 573
1582843507 643 69 574
1582843895 644 69 575
1582846870 645 69 576
1582847664 646 69 577
1582849603 647 69 578
1582851554 648 69 579
1582854281 649 69 580
1582855276 649 70 579
1582870865 650 70 580
1582872089 651 70 581
1582873197 652 70 582
1582876968 653 70 583
1582879735 654 70 584
1582880484 655 70 585
1582880893 656 70 586
1582882183 657 70 587
1582882889 658 70 588
1582883419 658 71 587
1582883645 659 71 588
1582883970 660 71 589
1582884112 661 71 590
1582885933 661 72 589
1582886279 662 72 590
1582886664 663 72 591
1582887068 664 72 592
1582888323 665 72 593
1582888836 666 72 594
1582889001 667 72 595
1582890578 668 72 596
1582891735 669 72 597
1582893249 670 72 598
1582894109 671 72 599
1582897018 672 72 600
1582899158 673 72 601
1582899172 674 72 602
1582900772 675 72 603
1582901583 676 72 604
1582901972 677 72 605
1582902555 678 72 606
1582903999 679 72 607
1582906321 680 72 608
1582909276 681 72 609
1582911754 682 72 610
1582911812 682 73 609
1582912062 683 74 609
1582912062 683 74 609
1582913556 684 74 610
1582918759 685 74 611
1582918892 686 74 612
1582919023 687 74 613
1582919717 688 74 614
1582920244 689 74 615
1582922532 689 75 614
1582922689 690 75 615
1582923317 691 75 616
1582923575 692 75 617
1582923783 693 75 618
1582928171 694 75 619
1582931983 695 75 620
1582933156 696 75 621
1582935651 697 75 622
1582939292 698 75 623
1582957039 699 76 623
1582957039 699 76 623
1582959634 700 76 624
1582960509 701 76 625
1582962218 702 76 626
1582962507 703 76 627
1582967196 704 76 628
1582972173 705 76 629
1582973475 706 76 630
1582974341 707 76 631
1582976265 708 76 632
1582976268 709 76 633
1582978340 710 76 634
1582986017 711 76 635
1582986686 712 76 636
1582987636 713 76 637
1582990379 714 76 638
1582990926 715 76 639
1582991655 715 77 638
1582992395 716 77 639
1582992628 717 77 640
1582993180 718 77 641
1582994276 719 77 642
1582998494 720 77 643
1582999454 720 78 642
1582999938 721 78 643
1583000348 722 78 644
1583000756 723 79 644
1583000756 723 79 644
1583002524 724 79 645
1583005014 725 79 646
1583005185 726 79 647
1583005572 727 79 648
1583006131 728 79 649
1583006155 729 79 650
1583006481 730 79 651
1583010269 731 79 652
1583010636 732 79 653
1583010946 733 79 654
1583011724 734 79 655
1583013290 735 79 656
1583013644 736 79 657
1583015969 737 79 658
1583017232 738 79 659
1583018787 739 79 660
1583021646 740 79 661
1583044078 741 79 662
1583049042 742 79 663
1583055749 742 80 662
1583058550 743 80 663
1583061724 744 80 664
1583062578 745 80 665
1583065191 746 80 666
1583072042 747 80 667
1583074110 748 80 668
1583077462 749 80 669
1583080027 750 80 670
1583082260 751 80 671
1583083304 752 80 672
1583084335 753 80 673
1583085795 754 80 674
1583087673 755 80 675
1583089711 756 80 676
1583090422 757 80 677
1583090849 758 80 678
1583091164 759 80 679
1583091777 760 80 680
1583091915 761 80 681
1583093498 762 80 682
1583093790 763 80 683
1583093841 764 80 684
1583095000 765 80 685
1583100276 766 80 686
1583100396 767 80 687
1583101696 768 80 688
1583102192 769 80 689
1583103340 770 80 690
1583105552 771 80 691
1583108849 772 80 692
1583115640 773 80 693
1583131695 774 80 694
1583132180 775 81 694
1583132180 775 81 694
1583132608 776 81 695
1583136924 777 81 696
1583142250 778 81 697
1583143474 778 82 696
1583143847 779 82 697
1583148676 780 82 698
1583148926 781 82 699
1583151672 782 82 700
1583151695 783 82 701
1583151823 784 82 702
1583153334 785 82 703
1583154010 786 82 704
1583155665 787 82 705
1583155695 788 82 706
1583156047 789 82 707
1583157797 790 82 708
1583158490 791 82 709
1583159875 792 82 710
1583160067 793 83 710
1583160067 793 83 710
1583162859 794 83 711
1583164380 795 83 712
1583165324 796 83 713
1583166187 797 83 714
1583167820 798 83 715
1583168212 799 83 716
1583168388 800 83 717
1583168876 801 83 718
1583170301 802 83 719
1583170607 803 84 719
1583170607 803 84 719
1583170657 804 84 720
1583176121 805 84 721
1583176819 806 84 722
1583181768 807 84 723
1583184677 808 84 724
1583184726 809 84 725
1583184797 810 84 726
1583185240 811 85 726
1583185240 811 85 726
1583186026 812 85 727
1583186484 813 85 728
1583186961 814 85 729
1583187874 815 85 730
1583189093 816 85 731
1583189296 816 86 730
1583190945 817 86 731
1583192071 817 87 730
1583193331 818 87 731
1583193843 819 87 732
1583196207 820 87 733
1583198653 821 87 734
1583220371 822 87 735
1583226444 823 87 736
1583228104 823 88 735
1583228639 824 88 736
1583233159 825 88 737
1583235269 826 88 738
1583238361 827 88 739
1583238806 828 88 740
1583239491 829 88 741
1583239723 830 88 742
1583240739 831 88 743
1583241226 832 88 744
1583244336 833 88 745
1583246002 834 88 746
1583246120 834 89 745
1583246336 835 89 746
1583247714 836 89 747
1583249219 837 90 747
1583249219 837 90 747
1583249276 838 90 748
1583249692 838 91 747
1583254819 839 91 748
1583255173 840 91 749
1583257851 841 91 750
1583260664 842 91 751
1583261701 843 92 751
1583261701 843 92 751
1583265172 844 93 751
1583265172 844 93 751
1583265571 845 93 752
1583265761 846 93 753
1583266056 847 93 754
1583266872 848 93 755
1583268079 849 93 756
1583269982 850 93 757
1583271259 851 93 758
1583271873 852 93 759
1583278055 853 93 760
1583279920 854 93 761
1583306960 855 93 762
1583307812 856 93 763
1583312153 857 93 764
1583316804 858 93 765
1583317177 858 94 764
1583317287 859 94 765
1583317526 860 94 766
1583322666 861 94 767
1583323546 862 94 768
1583324701 863 94 769
1583326008 864 94 770
1583326796 865 94 771
1583326851 866 94 772
1583329707 867 94 773
1583329766 868 94 774
1583332387 869 94 775
1583332629 869 95 774
1583333553 870 95 775
1583333785 871 96 775
1583333785 871 96 775
1583335222 872 96 776
1583335783 873 96 777
1583337199 874 96 778
1583337975 875 96 779
1583338335 876 97 779
1583338335 876 97 779
1583344069 877 97 780
1583346646 878 97 781
1583347076 879 97 782
1583348858 880 97 783
1583350184 881 98 783
1583350184 881 98 783
1583351101 881 99 782
1583352957 882 99 783
1583353853 883 99 784
1583359476 884 99 785
1583359624 885 99 786
1583364588 886 99 787
1583372542 887 100 787
1583372542 887 100 787
1583380549 888 101 787
1583380549 888 101 787
1583387023 889 101 788
1583390165 890 101 789
1583391427 891 101 790
1583396050 892 101 791
1583397004 893 101 792
1583398157 894 101 793
1583398264 895 101 794
1583399990 896 101 795
1583401182 896 102 794
1583402131 897 102 795
1583404628 898 103 795
1583404628 898 103 795
1583404933 899 104 795
1583404933 899 104 795
1583405206 900 104 796
1583405779 901 104 797
1583407969 902 104 798
1583410520 903 104 799
1583410746 904 104 800
1583410899 904 105 799
1583411088 905 105 800
1583411412 905 106 799
1583413297 906 106 800
1583413520 907 106 801
1583415044 907 107 800
1583415867 908 107 801
1583417396 909 107 802
1583420357 910 108 802
1583420357 910 108 802
1583421541 911 109 802
1583421541 911 109 802
1583423911 912 109 803
1583425307 912 110 802
1583425391 913 110 803
1583426054 914 110 804
1583426515 915 110 805
1583428076 916 110 806
1583431629 917 110 807
1583432622 918 110 808
1583432997 919 110 809
1583434109 920 110 810
1583437042 921 110 811
1583437268 922 110 812
1583437934 923 110 813
1583438645 924 110 814
1583439390 925 111 814
1583439390 925 111 814
1583440606 926 111 815
1583442074 927 111 816
1583444599 928 112 816
1583444599 928 112 816
1583444894 929 112 817
1583446175 930 112 818
1583448634 931 112 819
1583451252 932 112 820
1583455362 933 112 821
1583456117 934 112 822
1583460415 935 112 823
1583460686 935 113 822
1583476393 936 113 823
1583481795 937 113 824
1583482837 938 113 825
1583486516 939 113 826
1583487723 940 113 827
1583487750 941 113 828
1583488161 942 113 829
1583489104 943 113 830
1583489620 944 113 831
1583490809 945 113 832
1583491793 946 113 833
1583493356 947 113 834
1583494195 948 114 834
1583494195 948 114 834
1583494710 948 115 833
1583495923 948 116 832
1583498447 949 117 832
1583498447 949 117 832
1583500140 949 118 831
1583500372 950 118 832
1583502357 951 118 833
1583502776 952 118 834
1583502942 953 118 835
1583503109 954 118 836
1583504046 955 118 837
1583504220 956 118 838
1583506390 957 118 839
1583506817 958 118 840
1583507314 958 119 839
1583507778 959 119 840
1583507851 960 119 841
1583508542 961 119 842
1583512801 962 120 842
1583512801 962 120 842
1583516683 963 120 843
1583518309 964 120 844
1583521109 964 121 843
1583521633 965 122 843
1583521633 965 122 843
1583523014 966 122 844
1583523508 967 122 845
1583525044 968 122 846
1583525210 969 122 847
1583526375 970 122 848
1583531166 971 123 848
1583531166 971 123 848
1583533921 972 123 849
1583538214 973 123 850
1583539557 974 123 851
1583543124 975 123 852
1583548163 976 123 853
1583566841 976 124 852
1583570868 977 124 853
1583572314 978 124 854
1583572469 979 124 855
1583574314 980 124 856
1583580628 981 124 857
1583584152 982 124 858
1583584677 983 124 859
1583587384 984 124 860
1583589852 985 124 861
1583594211 986 124 862
1583594830 986 125 861
1583596315 987 125 862
1583599326 988 125 863
1583600255 988 126 862
1583601605 989 126 863
1583604168 990 126 864
1583608959 991 126 865
1583609464 992 126 866
1583611726 993 126 867
1583613775 994 126 868
1583614769 995 126 869
1583614870 996 126 870
1583615655 997 126 871
1583616071 998 126 872
1583619428 999 126 873
1583624422 999 127 872
1583625565 1000 128 872
1583625565 1000 128 872
1583625739 1001 128 873
1583633920 1002 128 874
1583637915 1003 128 875
1583638146 1004 128 876
1583646243 1005 128 877
1583655198 1006 128 878
1583660557 1007 128 879
1583662122 1008 128 880
1583663416 1009 128 881
1583667935 1010 129 881
1583667935 1010 129 881
1583669007 1011 129 882
1583669446 1011 130 881
1583670517 1012 131 881
1583670517 1012 131 881
1583672828 1013 131 882
1583673059 1014 131 883
1583673226 1015 131 884
1583675607 1016 131 885
1583676446 1016 132 884
1583677825 1016 133 883
1583679377 1017 133 884
1583680251 1018 133 885
1583680914 1019 133 886
1583684085 1020 133 887
1583685229 1021 133 888
1583690335 1022 133 889
1583691520 1022 134 888
1583692576 1023 134 889
1583694339 1024 134 890
1583696359 1025 134 891
1583696780 1026 134 892
1583699910 1027 134 893
1583700177 1028 134 894
1583702115 1028 135 893
1583703376 1029 135 894
1583703907 1029 136 893
1583706195 1030 136 894
1583706383 1031 136 895
1583706602 1032 136 896
1583709824 1033 136 897
1583711113 1034 137 897
1583711113 1034 137 897
1583712011 1034 138 896
1583713283 1035 139 896
1583713283 1035 139 896
1583715360 1036 140 896
1583715360 1036 140 896
1583724944 1037 140 897
1583734573 1038 140 898
1583737708 1039 140 899
1583744677 1040 140 900
1583744788 1041 140 901
1583745880 1042 140 902
1583746584 1043 141 902
1583746584 1043 141 902
1583749610 1043 142 901
1583755915 1044 142 902
1583757348 1045 142 903
1583757420 1046 142 904
1583761852 1047 142 905
1583762414 1048 142 906
1583763398 1049 142 907
1583763567 1050 142 908
1583764156 1050 143 907
1583767396 1051 143 908
1583768343 1052 144 908
1583768343 1052 144 908
1583768722 1053 144 909
1583770805 1054 144 910
1583771803 1055 145 910
1583771803 1055 145 910
1583771869 1056 145 911
1583772231 1057 145 912
1583772333 1058 145 913
1583772465 1059 146 913
1583772465 1059 146 913
1583776537 1060 146 914
1583778825 1061 146 915
1583782810 1062 147 915
1583782810 1062 147 915
1583782888 1063 147 916
1583783036 1063 148 915
1583784344 1064 148 916
1583785090 1065 148 917
1583785928 1066 149 917
1583785928 1066 149 917
1583786999 1067 149 918
1583787396 1068 149 919
1583790111 1069 149 920
1583790496 1070 149 921
1583791485 1071 149 922
1583794288 1072 149 923
1583794469 1072 150 922
1583795516 1073 150 923
1583799918 1074 150 924
1583800180 1075 150 925
1583800460 1076 150 926
1583801264 1077 150 927
1583816476 1078 150 928
1583826500 1079 150 929
1583827615 1080 150 930
1583830685 1081 150 931
1583832091 1082 150 932
1583832986 1083 150 933
1583834461 1084 150 934
1583836407 1085 150 935
1583839480 1086 151 935
1583839480 1086 151 935
1583839881 1087 151 936
1583840635 1088 152 936
1583840635 1088 152 936
1583841059 1089 153 936
1583841059 1089 153 936
1583842421 1090 153 937
1583843509 1091 153 938
1583844279 1091 154 937
1583844807 1092 154 938
1583844963 1093 154 939
1583847478 1094 155 939
1583847478 1094 155 939
1583848213 1095 155 940
1583849807 1096 155 941
1583853754 1097 155 942
1583855305 1098 156 942
1583855305 1098 156 942
1583855713 1099 156 943
1583856640 1099 157 942
1583858352 1099 158 941
1583859888 1100 158 942
1583863946 1101 159 942
1583863946 1101 159 942
1583865779 1102 159 943
1583866945 1103 159 944
1583870780 1104 159 945
1583871132 1104 160 944
1583871684 1105 160 945
1583878710 1105 161 944
1583879120 1105 162 943
1583879941 1105 163 942
1583892066 1105 164 941
1583898259 1106 164 942
1583911358 1107 164 943
1583912331 1108 164 944
1583912791 1108 165 943
1583912883 1109 165 944
1583913184 1110 165 945
1583916382 1111 165 946
1583918962 1112 165 947
1583920638 1113 166 947
1583920638 1113 166 947
1583922046 1114 166 948
1583930823 1114 167 947
1583931353 1115 167 948
1583932692 1115 168 947
1583933197 1116 168 948
1583934954 1117 169 948
1583934954 1117 169 948
1583937801 1118 169 949
1583938691 1118 170 948
1583940791 1119 170 949
1583941386 1120 170 950
1583945865 1121 170 951
1583947908 1122 170 952
1583949421 1123 170 953
1583949647 1124 170 954
1583951652 1125 170 955
1583952568 1126 170 956
1583953323 1127 170 957
1583954390 1128 170 958
1583954753 1129 170 959
1583957008 1130 170 960
1583958576 1131 170 961
1583961415 1132 170 962
1583961419 1133 170 963
1583961950 1134 170 964
1583963329 1135 170 965
1583963615 1136 170 966
1583964215 1137 170 967
1583965735 1138 170 968
1583968352 1139 170 969
1583969483 1140 170 970
1583969544 1141 170 971
1583970080 1142 170 972
1583970214 1142 171 971
1583970439 1142 172 970
1583971804 1143 173 970
1583971804 1143 173 970
1583973557 1144 173 971
1583974878 1145 173 972
1583976073 1146 174 972
1583976073 1146 174 972
1583980767 1147 174 973
1583980807 1148 174 974
1583988858 1149 174 975
1583989126 1150 175 975
1583989126 1150 175 975
1583992428 1151 175 976
1583998732 1152 175 977
1584000090 1153 175 978
1584000892 1154 175 979
1584001484 1155 175 980
1584003074 1156 175 981
1584003794 1157 175 982
1584007557 1158 176 982
1584007557 1158 176 982
1584007776 1159 176 983
1584008348 1160 176 984
1584009266 1161 176 985
1584009297 1162 176 986
1584009316 1163 176 987
1584009865 1164 176 988
1584011401 1165 176 989
1584011732 1165 177 988
1584012897 1166 177 989
1584013359 1167 178 989
1584013359 1167 178 989
1584013582 1168 178 990
1584014054 1168 179 989
1584014076 1169 179 990
1584014524 1169 180 989
1584017842 1170 180 990
1584019384 1171 181 990
1584019384 1171 181 990
1584020001 1172 182 990
1584020001 1172 182 990
1584021612 1173 182 991
1584022009 1174 182 992
1584022269 1175 182 993
1584023750 1175 183 992
1584023796 1175 184 991
1584024031 1176 184 992
1584025706 1177 184 993
1584025998 1178 184 994
1584029582 1179 185 994
1584029582 1179 185 994
1584030426 1180 185 995
1584030778 1181 185 996
1584033341 1182 185 997
1584033602 1183 185 998
1584033901 1183 186 997
1584033976 1183 187 996
1584034509 1183 188 995
1584034728 1183 189 994
1584035120 1184 189 995
1584036545 1185 189 996
1584039510 1186 189 997
1584039668 1187 189 998
1584040451 1188 189 999
1584041336 1189 189 1000
1584042253 1190 189 1001
1584042361 1191 189 1002
1584042823 1192 189 1003
1584043275 1193 189 1004
1584043316 1194 189 1005
1584043330 1195 189 1006
1584043351 1196 189 1007
1584043367 1197 189 1008
1584043391 1198 189 1009
1584043427 1199 189 1010
1584043476 1200 190 1010
1584043476 1200 190 1010
1584043515 1201 190 1011
1584043579 1201 191 1010
1584043631 1202 191 1011
1584043646 1203 191 1012
1584043738 1204 191 1013
1584043765 1205 191 1014
1584043816 1206 191 1015
1584044318 1207 192 1015
1584044318 1207 192 1015
1584044373 1208 193 1015
1584044373 1208 193 1015
1584044405 1209 193 1016
1584044722 1210 193 1017
1584044771 1210 194 1016
1584044814 1211 194 1017
1584044872 1212 194 1018
1584045196 1213 194 1019
1584045197 1213 195 1018
1584045216 1214 196 1018
1584045216 1214 196 1018
1584045454 1215 196 1019
1584045733 1216 196 1020
1584047255 1217 196 1021
1584047733 1218 196 1022
1584047857 1219 196 1023
1584047957 1220 196 1024
1584048272 1221 196 1025
1584048352 1221 197 1024
1584048799 1222 198 1024
1584048799 1222 198 1024
1584048984 1223 198 1025
1584049489 1224 198 1026
1584049823 1225 198 1027
1584049956 1225 199 1026
1584050059 1226 199 1027
1584050165 1227 199 1028
1584050949 1228 199 1029
1584051150 1229 200 1029
1584051150 1229 200 1029
1584051350 1230 200 1030
1584052701 1231 200 1031
1584052927 1232 200 1032
1584053131 1233 200 1033
1584054673 1233 201 1032
1584054807 1234 201 1033
1584055601 1235 201 1034
1584055645 1236 201 1035
1584056053 1237 201 1036
1584057057 1238 201 1037
1584057757 1239 201 1038
1584058218 1239 202 1037
1584058901 1240 202 1038
1584059485 1241 202 1039
1584059849 1242 202 1040
1584060080 1243 202 1041
1584071834 1244 202 1042
1584075439 1245 202 1043
1584078894 1245 203 1042
1584079510 1246 203 1043
1584079568 1247 203 1044
1584080401 1248 203 1045
1584080793 1248 204 1044
1584081554 1249 205 1044
1584081554 1249 205 1044
1584082531 1250 205 1045
1584083341 1251 205 1046
1584084281 1251 206 1045
1584085765 1251 207 1044
1584086879 1251 208 1043
1584087096 1252 209 1043
1584087096 1252 209 1043
1584088091 1253 209 1044
1584088150 1254 209 1045
1584089990 1254 210 1044
1584090231 1255 210 1045
1584091257 1256 210 1046
1584091837 1256 211 1045
1584092550 1257 211 1046
1584093655 1258 211 1047
1584094450 1259 211 1048
1584094897 1259 212 1047
1584094972 1259 213 1046
1584095317 1260 213 1047
1584096938 1261 213 1048
1584098998 1262 214 1048
1584098998 1262 214 1048
1584100275 1263 214 1049
1584101571 1263 215 1048
1584101767 1264 215 1049
1584102150 1265 215 1050
1584102189 1265 216 1049
1584102244 1265 217 1048
1584102553 1266 217 1049
1584103709 1266 218 1048
1584103898 1266 219 1047
1584104796 1267 219 1048
1584105279 1268 219 1049
1584106094 1269 219 1050
1584106438 1270 219 1051
1584106816 1271 219 1052
1584107665 1272 219 1053
1584109342 1272 220 1052
1584109653 1273 220 1053
1584110896 1274 220 1054
1584111736 1274 221 1053
1584111891 1275 221 1054
1584113521 1275 222 1053
1584114441 1276 223 1053
1584114441 1276 223 1053
1584114458 1277 223 1054
1584114743 1277 224 1053
1584114937 1278 224 1054
1584117027 1278 225 1053
1584118451 1279 225 1054
1584119351 1280 225 1055
1584120803 1281 225 1056
1584122433 1282 225 1057
1584122583 1283 225 1058
1584124407 1283 226 1057
1584125525 1284 226 1058
1584125721 1285 226 1059
1584125944 1286 226 1060
1584126229 1287 226 1061
1584127174 1288 226 1062
1584127716 1289 226 1063
1584128617 1290 226 1064
1584129430 1291 226 1065
1584130040 1291 227 1064
1584131970 1292 227 1065
1584132939 1293 227 1066
1584133610 1294 227 1067
1584135937 1295 227 1068
1584136241 1296 227 1069
1584136491 1297 227 1070
1584136753 1298 227 1071
1584137422 1299 227 1072
1584137585 1300 228 1072
1584137585 1300 228 1072
1584137812 1301 228 1073
1584137986 1302 228 1074
1584138104 1303 229 1074
1584138104 1303 229 1074
1584139076 1303 230 1073
1584139102 1304 230 1074
1584139428 1304 231 1073
1584140004 1305 231 1074
1584141095 1306 232 1074
1584141095 1306 232 1074
1584142729 1306 233 1073
1584145853 1307 233 1074
1584147330 1308 233 1075
1584149891 1309 233 1076
1584162471 1309 234 1075
1584166434 1310 234 1076
1584176087 1311 234 1077
1584177771 1312 234 1078
1584179949 1313 234 1079
1584181088 1314 234 1080
1584181360 1315 234 1081
1584181985 1316 234 1082
1584183437 1317 234 1083
1584184029 1318 234 1084
1584184613 1319 234 1085
1584186496 1320 234 1086
1584186875 1321 234 1087
1584187272 1322 234 1088
1584189358 1323 235 1088
1584189358 1323 235 1088
1584189688 1324 235 1089
1584190967 1325 235 1090
1584192597 1325 236 1089
1584192993 1326 236 1090
1584193804 1327 237 1090
1584193804 1327 237 1090
1584194806 1328 238 1090
1584194806 1328 238 1090
1584196516 1329 238 1091
1584196519 1330 238 1092
1584196982 1331 238 1093
1584197030 1332 238 1094
1584198538 1333 238 1095
1584199975 1333 239 1094
1584201100 1334 239 1095
1584201823 1335 239 1096
1584202022 1335 240 1095
1584202937 1336 240 1096
1584203493 1337 240 1097
1584206679 1337 241 1096
1584207487 1338 241 1097
1584209232 1339 241 1098
1584209496 1340 242 1098
1584209496 1340 242 1098
1584209943 1341 242 1099
1584212096 1342 242 1100
1584213881 1343 242 1101
1584214174 1344 242 1102
1584214618 1345 243 1102
1584214618 1345 243 1102
1584215183 1345 244 1101
1584215222 1346 244 1102
1584215272 1347 244 1103
1584215574 1348 244 1104
1584215953 1349 244 1105
1584216016 1350 244 1106
1584216111 1351 244 1107
1584217017 1352 245 1107
1584217017 1352 245 1107
1584217074 1353 245 1108
1584217468 1354 245 1109
1584217510 1355 245 1110
1584217584 1356 245 1111
1584217661 1357 245 1112
1584217728 1358 245 1113
1584217938 1359 245 1114
1584218130 1360 245 1115
1584218398 1361 245 1116
1584218437 1362 245 1117
1584218595 1362 246 1116
1584218609 1363 246 1117
1584218747 1364 246 1118
1584218752 1365 246 1119
1584218757 1366 246 1120
1584218921 1367 246 1121
1584218926 1368 246 1122
1584218983 1368 247 1121
1584219041 1368 248 1120
1584219054 1369 248 1121
1584219306 1370 249 1121
1584219306 1370 249 1121
1584219668 1370 250 1120
1584219923 1371 250 1121
1584220291 1372 251 1121
1584220291 1372 251 1121
1584220401 1373 251 1122
1584220750 1374 251 1123
1584220857 1375 252 1123
1584220857 1375 252 1123
1584220896 1376 252 1124
1584221024 1376 253 1123
1584221080 1377 253 1124
1584221491 1378 253 1125
1584221565 1379 253 1126
1584221656 1380 254 1126
1584221656 1380 254 1126
1584221664 1381 254 1127
1584221734 1382 254 1128
1584222221 1383 254 1129
1584222342 1384 254 1130
1584222407 1385 254 1131
1584223121 1386 254 1132
1584223446 1387 254 1133
1584223522 1388 254 1134
1584223806 1389 254 1135
1584224552 1390 254 1136
1584224728 1391 254 1137
1584225157 1392 254 1138
1584225463 1393 254 1139
1584225803 1393 255 1138
1584225948 1394 255 1139
1584226030 1395 255 1140
1584226387 1396 255 1141
1584226730 1397 255 1142
1584227310 1398 255 1143
1584228224 1399 255 1144
1584228448 1400 255 1145
1584228655 1401 255 1146
1584228709 1402 256 1146
1584228709 1402 256 1146
1584228762 1403 257 1146
1584228762 1403 257 1146
1584229107 1403 258 1145
1584230402 1403 259 1144
1584230471 1404 259 1145
1584230508 1405 259 1146
1584230633 1406 259 1147
1584231105 1407 259 1148
1584231127 1408 259 1149
1584231787 1408 260 1148
1584231836 1409 260 1149
1584232760 1410 260 1150
1584233485 1411 260 1151
1584233602 1412 260 1152
1584234405 1413 260 1153
1584234754 1413 261 1152
1584235319 1414 261 1153
1584235329 1415 261 1154
1584235456 1416 261 1155
1584235846 1417 261 1156
1584236160 1418 261 1157
1584237774 1419 261 1158
1584243269 1419 262 1157
1584252017 1420 262 1158
1584254250 1421 263 1158
1584254250 1421 263 1158
1584256800 1422 263 1159
1584258453 1423 263 1160
1584259587 1424 263 1161
1584259794 1425 263 1162
1584259941 1426 263 1163
1584261510 1427 264 1163
1584261510 1427 264 1163
1584261600 1428 264 1164
1584261735 1429 264 1165
1584263044 1430 264 1166
1584263125 1431 264 1167
1584263314 1432 264 1168
1584263727 1433 264 1169
1584264458 1433 265 1168
1584265334 1434 265 1169
1584266719 1435 265 1170
1584267366 1436 265 1171
1584267732 1436 266 1170
1584268067 1437 266 1171
1584268285 1438 266 1172
1584268451 1439 266 1173
1584268453 1440 266 1174
1584269354 1441 266 1175
1584269669 1441 267 1174
1584271431 1442 267 1175
1584271621 1443 267 1176
1584271870 1444 267 1177
1584271991 1445 267 1178
1584272080 1446 267 1179
1584272379 1447 267 1180
1584272453 1448 267 1181
1584273427 1449 267 1182
1584273705 1450 267 1183
1584273731 1451 267 1184
1584273797 1452 267 1185
1584273824 1453 267 1186
1584274228 1454 267 1187
1584275060 1455 267 1188
1584275106 1456 267 1189
1584275526 1457 267 1190
1584276423 1458 268 1190
1584276423 1458 268 1190
1584276761 1458 269 1189
1584277364 1459 269 1190
1584279118 1460 269 1191
1584280143 1461 269 1192
1584280207 1462 270 1192
1584280207 1462 270 1192
1584280658 1463 271 1192
1584280658 1463 271 1192
1584281015 1464 271 1193
1584281672 1464 272 1192
1584282464 1464 273 1191
1584282583 1465 273 1192
1584282818 1466 273 1193
1584283191 1467 273 1194
1584284060 1468 273 1195
1584284093 1469 273 1196
1584285493 1470 273 1197
1584285623 1470 274 1196
1584286075 1470 275 1195
1584286721 1471 276 1195
1584286721 1471 276 1195
1584287018 1472 276 1196
1584287107 1473 276 1197
1584287216 1473 277 1196
1584287449 1474 277 1197
1584287556 1475 277 1198
1584288969 1476 277 1199
1584289090 1476 278 1198
1584289329 1476 279 1197
1584289446 1477 279 1198
1584290342 1478 279 1199
1584291410 1479 279 1200
1584291824 1480 279 1201
1584292255 1481 279 1202
1584292483 1482 279 1203
1584292899 1483 280 1203
1584292899 1483 280 1203
1584292998 1484 281 1203
1584292998 1484 281 1203
1584293260 1485 281 1204
1584293396 1486 281 1205
1584293589 1487 282 1205
1584293589 1487 282 1205
1584293641 1488 282 1206
1584293788 1489 282 1207
1584294018 1490 282 1208
1584294123 1491 283 1208
1584294123 1491 283 1208
1584294397 1492 283 1209
1584294643 1493 283 1210
1584294775 1494 283 1211
1584295196 1495 283 1212
1584295349 1496 283 1213
1584295423 1496 284 1212
1584295439 1496 285 1211
1584295528 1497 285 1212
1584295551 1498 285 1213
1584296028 1499 285 1214
1584296132 1500 286 1214
1584296132 1500 286 1214
1584296615 1500 287 1213
1584297020 1501 287 1214
1584297051 1502 288 1214
1584297051 1502 288 1214
1584297172 1503 288 1215
1584298000 1503 289 1214
1584298008 1503 290 1213
1584298096 1504 290 1214
1584298541 1505 290 1215
1584299300 1506 291 1215
1584299300 1506 291 1215
1584299330 1507 291 1216
1584299397 1507 292 1215
1584299433 1508 292 1216
1584299743 1508 293 1215
1584300024 1509 293 1216
1584300239 1510 293 1217
1584300878 1510 294 1216
1584301560 1511 294 1217
1584301598 1512 294 1218
1584302599 1513 294 1219
1584303026 1513 295 1218
1584303481 1514 295 1219
1584303737 1515 295 1220
1584304546 1517 295 1222
1584304546 1517 295 1222
1584304863 1518 295 1223
1584304882 1519 295 1224
1584305241 1520 295 1225
1584305456 1521 295 1226
1584305853 1521 296 1225
1584305965 1522 296 1226
1584306014 1523 296 1227
1584306050 1523 297 1226
1584306689 1524 297 1227
1584307247 1525 298 1227
1584307247 1525 298 1227
1584307335 1526 298 1228
1584307473 1527 299 1228
1584307473 1527 299 1228
1584308454 1528 299 1229
1584308568 1528 300 1228
1584309219 1529 300 1229
1584310057 1530 300 1230
1584310339 1531 300 1231
1584310654 1532 301 1231
1584310654 1532 301 1231
1584310953 1533 301 1232
1584311800 1534 301 1233
1584311899 1535 301 1234
1584311959 1536 301 1235
1584311974 1536 302 1234
1584311980 1536 303 1233
1584312368 1537 304 1233
1584312368 1537 304 1233
1584312433 1538 304 1234
1584312637 1539 305 1234
1584312637 1539 305 1234
1584312895 1539 306 1233
1584313412 1540 306 1234
1584313855 1541 306 1235
1584314495 1542 306 1236
1584314586 1543 306 1237
1584315039 1544 306 1238
1584317224 1544 307 1237
1584317532 1544 308 1236
1584318455 1544 309 1235
1584318635 1545 309 1236
1584319413 1545 310 1235
1584319621 1545 311 1234
1584320675 1546 311 1235
1584322414 1546 312 1234
1584322907 1547 312 1235
1584322974 1548 313 1235
1584322974 1548 313 1235
1584324385 1549 314 1235
1584324385 1549 314 1235
1584325782 1550 314 1236
1584328180 1550 315 1235
1584328234 1551 316 1235
1584328234 1551 316 1235
1584328789 1552 316 1236
1584329646 1553 317 1236
1584329646 1553 317 1236
1584330564 1553 318 1235
1584330838 1553 319 1234
1584332204 1553 320 1233
1584335305 1554 320 1234
1584339301 1555 320 1235
1584339578 1555 321 1234
1584341464 1556 322 1234
1584341464 1556 322 1234
1584342243 1557 322 1235
1584342803 1558 322 1236
1584344641 1559 323 1236
1584344641 1559 323 1236
1584344840 1560 323 1237
1584345456 1561 323 1238
1584345854 1561 324 1237
1584346635 1562 324 1238
1584346691 1563 324 1239
1584346900 1563 325 1238
1584346978 1564 325 1239
1584347593 1565 325 1240
1584347607 1566 325 1241
1584347911 1567 325 1242
1584348544 1568 325 1243
1584348810 1569 325 1244
1584349090 1569 326 1243
1584349240 1570 326 1244
1584349615 1571 326 1245
1584350474 1571 327 1244
1584351189 1572 327 1245
1584351422 1573 327 1246
1584352274 1574 327 1247
1584352706 1575 328 1247
1584352706 1575 328 1247
1584352806 1576 328 1248
1584353819 1577 328 1249
1584354266 1578 328 1250
1584354402 1579 328 1251
1584355192 1580 328 1252
1584355466 1581 328 1253
1584355923 1582 328 1254
1584356336 1583 328 1255
1584356396 1584 328 1256
1584356462 1585 328 1257
1584356723 1586 328 1258
1584356886 1587 328 1259
1584357079 1588 328 1260
1584357467 1588 329 1259
1584357581 1588 330 1258
1584357590 1589 331 1258
1584357590 1589 331 1258
1584357965 1590 331 1259
1584358281 1591 332 1259
1584358281 1591 332 1259
1584358295 1592 333 1259
1584358295 1592 333 1259
1584358947 1593 333 1260
1584359105 1594 333 1261
1584359226 1594 334 1260
1584359423 1595 335 1260
1584359423 1595 335 1260
1584359497 1596 336 1260
1584359497 1596 336 1260
1584359592 1597 336 1261
1584359750 1598 336 1262
1584360103 1599 336 1263
1584360150 1600 336 1264
1584360428 1601 336 1265
1584361423 1602 336 1266
1584361483 1602 337 1265
1584362027 1603 337 1266
1584362632 1604 337 1267
1584362677 1605 338 1267
1584362677 1605 338 1267
1584362847 1606 338 1268
1584362882 1607 339 1268
1584362882 1607 339 1268
1584363072 1608 339 1269
1584363080 1608 340 1268
1584363197 1609 340 1269
1584363248 1609 341 1268
1584363815 1610 342 1268
1584363815 1610 342 1268
1584364160 1611 342 1269
1584364939 1612 342 1270
1584365561 1613 342 1271
1584365575 1614 342 1272
1584365990 1614 343 1271
1584366264 1614 344 1270
1584366717 1615 344 1271
1584368013 1616 344 1272
1584368017 1617 344 1273
1584368076 1618 344 1274
1584368328 1618 345 1273
1584369276 1618 346 1272
1584369361 1618 347 1271
1584369450 1618 348 1270
1584369862 1619 349 1270
1584369862 1619 349 1270
1584369942 1620 349 1271
1584370980 1621 349 1272
1584371232 1622 349 1273
1584371310 1623 350 1273
1584371310 1623 350 1273
1584371767 1623 351 1272
1584372010 1624 351 1273
1584372211 1625 351 1274
1584372549 1626 352 1274
1584372549 1626 352 1274
1584373252 1626 353 1273
1584373283 1626 354 1272
1584373576 1627 354 1273
1584373657 1627 355 1272
1584373765 1628 355 1273
1584373969 1629 355 1274
1584373996 1630 355 1275
1584374093 1630 356 1274
1584374128 1630 357 1273
1584374308 1630 358 1272
1584374705 1630 359 1271
1584374822 1631 359 1272
1584375396 1632 359 1273
1584375440 1633 360 1273
1584375440 1633 360 1273
1584376089 1634 361 1273
1584376089 1634 361 1273
1584376233 1635 362 1273
1584376233 1635 362 1273
1584376235 1636 362 1274
1584376760 1637 362 1275
1584377004 1638 363 1275
1584377004 1638 363 1275
1584377840 1639 364 1275
1584377840 1639 364 1275
1584377924 1640 365 1275
1584377924 1640 365 1275
1584378048 1641 365 1276
1584378341 1642 365 1277
1584378406 1643 365 1278
1584379259 1644 365 1279
1584379345 1644 366 1278
1584379717 1645 367 1278
1584379717 1645 367 1278
1584379972 1646 367 1279
1584379994 1647 367 1280
1584380038 1648 368 1280
1584380038 1648 368 1280
1584380851 1648 369 1279
1584382435 1649 369 1280
1584382656 1650 369 1281
1584382672 1651 369 1282
1584382801 1651 370 1281
1584383414 1652 370 1282
1584383468 1652 371 1281
1584383805 1652 372 1280
1584383981 1653 372 1281
1584384311 1654 372 1282
1584384715 1655 372 1283
1584384880 1656 372 1284
1584385060 1657 372 1285
1584385111 1658 372 1286
1584385292 1659 373 1286
1584385292 1659 373 1286
1584385630 1660 373 1287
1584385633 1661 373 1288
1584386217 1662 374 1288
1584386217 1662 374 1288
1584386768 1663 374 1289
1584386977 1664 374 1290
1584387142 1664 375 1289
1584387555 1665 375 1290
1584388081 1666 376 1290
1584388081 1666 376 1290
1584388104 1667 376 1291
1584388317 1668 376 1292
1584388646 1668 377 1291
1584388656 1669 377 1292
1584388677 1670 377 1293
1584389032 1670 378 1292
1584389086 1671 378 1293
1584389105 1671 379 1292
1584389134 1672 379 1293
1584389164 1673 379 1294
1584389209 1673 380 1293
1584389290 1674 381 1293
1584389290 1674 381 1293
1584389457 1675 381 1294
1584389629 1676 381 1295
1584389802 1677 382 1295
1584389802 1677 382 1295
1584389937 1678 382 1296
1584390792 1678 383 1295
1584391129 1679 383 1296
1584391646 1680 383 1297
1584391838 1681 384 1297
1584391838 1681 384 1297
1584392509 1682 385 1297
1584392509 1682 385 1297
1584392522 1682 386 1296
1584392570 1683 386 1297
1584392665 1684 387 1297
1584392665 1684 387 1297
1584393432 1685 387 1298
1584393686 1686 387 1299
1584394071 1687 387 1300
1584394099 1687 388 1299
1584394251 1688 389 1299
1584394251 1688 389 1299
1584394351 1689 389 1300
1584394426 1689 390 1299
1584395340 1690 390 1300
1584395914 1691 390 1301
1584396782 1692 390 1302
1584396903 1693 390 1303
1584397049 1694 391 1303
1584397049 1694 391 1303
1584397062 1694 392 1302
1584397135 1695 392 1303
1584397184 1695 393 1302
1584397235 1696 393 1303
1584397371 1697 393 1304
1584397656 1697 394 1303
1584397807 1697 395 1302
1584398021 1698 395 1303
1584398423 1699 395 1304
1584398612 1700 396 1304
1584398612 1700 396 1304
1584398618 1701 397 1304
1584398618 1701 397 1304
1584398698 1701 398 1303
1584398809 1702 398 1304
1584399170 1703 398 1305
1584399325 1704 398 1306
1584399949 1704 399 1305
1584400031 1705 399 1306
1584400404 1706 399 1307
1584400427 1707 399 1308
1584400460 1708 399 1309
1584400543 1708 400 1308
1584400720 1708 401 1307
1584400951 1709 401 1308
1584401321 1710 401 1309
1584401579 1710 402 1308
1584401803 1710 403 1307
1584402511 1711 403 1308
1584402626 1712 403 1309
1584402814 1713 403 1310
1584403377 1714 404 1310
1584403377 1714 404 1310
1584403668 1715 404 1311
1584404183 1716 404 1312
1584404481 1716 405 1311
1584404738 1717 406 1311
1584404738 1717 406 1311
1584404799 1718 406 1312
1584411037 1719 407 1312
1584411037 1719 407 1312
1584411260 1720 408 1312
1584411260 1720 408 1312
1584416845 1720 409 1311
1584420174 1720 410 1310
1584425548 1721 410 1311
1584425562 1722 410 1312
1584426658 1722 411 1311
1584428360 1723 411 1312
1584430319 1724 411 1313
1584430471 1725 411 1314
1584431436 1726 411 1315
1584431825 1726 412 1314
1584431867 1727 412 1315
1584432493 1727 413 1314
1584433247 1728 413 1315
1584433268 1728 414 1314
1584433311 1729 415 1314
1584433311 1729 415 1314
1584433729 1729 416 1313
1584434399 1729 417 1312
1584434985 1730 417 1313
1584435525 1731 417 1314
1584435979 1731 418 1313
1584436657 1732 418 1314
1584436945 1733 419 1314
1584436945 1733 419 1314
1584436949 1733 420 1313
1584436958 1734 420 1314
1584438638 1735 420 1315
1584439057 1736 420 1316
1584441130 1737 420 1317
1584441871 1738 420 1318
1584442072 1739 420 1319
1584443285 1740 420 1320
1584443791 1740 421 1319
1584443821 1740 422 1318
1584443833 1741 423 1318
1584443833 1741 423 1318
1584443922 1742 424 1318
1584443922 1742 424 1318
1584444322 1743 424 1319
1584444634 1744 424 1320
1584444767 1744 425 1319
1584444816 1744 426 1318
1584445251 1745 427 1318
1584445251 1745 427 1318
1584445633 1746 427 1319
1584445914 1746 428 1318
1584446266 1747 428 1319
1584446346 1748 428 1320
1584446451 1748 429 1319
1584447219 1748 430 1318
1584447511 1749 430 1319
1584447611 1750 430 1320
1584447649 1751 430 1321
1584447698 1752 431 1321
1584447698 1752 431 1321
1584448352 1753 431 1322
1584448433 1754 431 1323
1584448666 1755 431 1324
1584449225 1756 431 1325
1584449275 1756 432 1324
1584450078 1757 433 1324
1584450078 1757 433 1324
1584450208 1757 434 1323
1584451094 1758 434 1324
1584451843 1759 434 1325
1584452806 1759 435 1324
1584453048 1760 435 1325
1584453779 1760 436 1324
1584453828 1761 437 1324
1584453828 1761 437 1324
1584454587 1762 437 1325
1584456251 1763 437 1326
1584456762 1764 437 1327
1584456864 1765 437 1328
1584457880 1766 437 1329
1584458032 1766 438 1328
1584459051 1767 438 1329
1584459095 1768 439 1329
1584459095 1768 439 1329
1584459371 1769 439 1330
1584459663 1770 439 1331
1584459691 1770 440 1330
1584460317 1771 440 1331
1584460331 1772 440 1332
1584461011 1772 441 1331
1584461187 1773 441 1332
1584461236 1773 442 1331
1584461332 1773 443 1330
1584462802 1774 443 1331
1584462843 1775 443 1332
1584463038 1776 443 1333
1584463181 1776 444 1332
1584463321 1777 444 1333
1584463364 1778 445 1333
1584463364 1778 445 1333
1584463572 1778 446 1332
1584463592 1779 446 1333
1584464125 1779 447 1332
1584464619 1780 447 1333
1584465037 1781 447 1334
1584465561 1782 447 1335
1584465596 1782 448 1334
1584465994 1783 449 1334
1584465994 1783 449 1334
1584465996 1783 450 1333
1584466028 1784 450 1334
1584466305 1785 450 1335
1584466329 1785 451 1334
1584466376 1786 451 1335
1584466443 1787 451 1336
1584468734 1787 452 1335
1584470849 1788 453 1335
1584470849 1788 453 1335
1584472900 1789 453 1336
1584473109 1789 454 1335
1584473887 1790 454 1336
1584474056 1791 454 1337
1584474065 1792 454 1338
1584474341 1793 454 1339
1584474511 1793 455 1338
1584474732 1793 456 1337
1584476057 1793 457 1336
1584476629 1793 458 1335
1584477179 1794 458 1336
1584477502 1794 459 1335
1584478380 1795 460 1335
1584478380 1795 460 1335
1584479106 1795 461 1334
1584482613 1796 461 1335
1584482734 1797 462 1335
1584482734 1797 462 1335
1584483126 1797 463 1334
1584483980 1798 463 1335
1584485518 1799 463 1336
1584485997 1800 463 1337
1584487023 1800 464 1336
1584487432 1800 465 1335
1584489211 1800 466 1334
1584489264 1801 466 1335
1584489904 1802 466 1336
1584490264 1803 467 1336
1584490264 1803 467 1336
1584490642 1804 467 1337
1584491082 1805 467 1338
1584491238 1806 467 1339
1584491596 1807 467 1340
1584492576 1807 468 1339
1584496693 1807 469 1338
1584516458 1808 469 1339
1584518900 1809 469 1340
1584519736 1810 469 1341
1584521381 1811 469 1342
1584521700 1811 470 1341
1584522966 1812 470 1342
1584523173 1813 471 1342
1584523173 1813 471 1342
1584523948 1814 472 1342
1584523948 1814 472 1342
1584524651 1815 473 1342
1584524651 1815 473 1342
1584525126 1816 473 1343
1584525695 1817 474 1343
1584525695 1817 474 1343
1584526297 1818 475 1343
1584526297 1818 475 1343
1584527151 1819 475 1344
1584527990 1819 476 1343
1584528474 1820 476 1344
1584529149 1820 477 1343
1584530077 1821 478 1343
1584530077 1821 478 1343
1584530421 1822 479 1343
1584530421 1822 479 1343
1584531754 1823 479 1344
1584531983 1824 479 1345
1584532210 1824 480 1344
1584532310 1825 481 1344
1584532310 1825 481 1344
1584532336 1826 481 1345
1584533249 1826 482 1344
1584534747 1826 483 1343
1584534894 1827 483 1344
1584535086 1828 483 1345
1584535092 1829 483 1346
1584535418 1830 483 1347
1584537220 1830 484 1346
1584538648 1831 484 1347
1584539807 1831 485 1346
1584539820 1832 485 1347
1584540049 1833 486 1347
1584540049 1833 486 1347
1584540354 1833 487 1346
1584540882 1834 487 1347
1584541085 1835 487 1348
1584542514 1835 488 1347
1584543159 1836 488 1348
1584543688 1837 489 1348
1584543688 1837 489 1348
1584543941 1838 489 1349
1584544153 1839 489 1350
1584544402 1840 489 1351
1584544908 1841 489 1352
1584546423 1841 490 1351
1584547426 1842 490 1352
1584547859 1842 491 1351
1584548330 1843 492 1351
1584548330 1843 492 1351
1584548445 1844 492 1352
1584548994 1845 492 1353
1584552256 1846 492 1354
1584553192 1847 492 1355
1584553247 1847 493 1354
1584553760 1847 494 1353
1584554057 1848 495 1353
1584554057 1848 495 1353
1584554826 1849 495 1354
1584555053 1850 495 1355
1584555817 1851 495 1356
1584556073 1851 496 1355
1584557544 1852 496 1356
1584558535 1852 497 1355
1584558627 1853 497 1356
1584558724 1854 497 1357
1584559186 1855 497 1358
1584559456 1856 497 1359
1584559526 1857 497 1360
1584559590 1857 498 1359
1584560445 1857 499 1358
1584560624 1858 499 1359
1584560989 1858 500 1358
1584561196 1859 500 1359
1584562095 1859 501 1358
1584562554 1860 501 1359
1584562987 1861 501 1360
1584563172 1862 501 1361
1584563644 1863 501 1362
1584563691 1864 501 1363
1584565028 1865 502 1363
1584565028 1865 502 1363
1584565405 1866 503 1363
1584565405 1866 503 1363
1584565862 1866 504 1362
1584566262 1866 505 1361
1584566371 1867 505 1362
1584566725 1867 506 1361
1584567177 1868 506 1362
1584568495 1869 507 1362
1584568495 1869 507 1362
1584569250 1869 508 1361
1584570380 1870 508 1362
1584571226 1871 509 1362
1584571226 1871 509 1362
1584573830 1871 510 1361
1584576814 1871 511 1360
1584578348 1872 511 1361
1584578845 1873 511 1362
1584579271 1874 511 1363
1584583793 1874 512 1362
1584603667 1875 512 1363
1584604036 1876 513 1363
1584604036 1876 513 1363
1584604469 1877 513 1364
1584604821 1877 514 1363
1584605428 1877 515 1362
1584606299 1877 516 1361
1584607740 1878 516 1362
1584609691 1878 517 1361
1584610345 1878 518 1360
1584612873 1879 518 1361
1584613092 1879 519 1360
1584613820 1879 520 1359
1584614702 1880 520 1360
1584615646 1880 521 1359
1584615758 1880 522 1358
1584616339 1881 523 1358
1584616339 1881 523 1358
1584618923 1882 524 1358
1584618923 1882 524 1358
1584619030 1883 525 1358
1584619030 1883 525 1358
1584620647 1883 526 1357
1584620707 1884 526 1358
1584620996 1885 526 1359
1584622863 1886 527 1359
1584622863 1886 527 1359
1584625355 1887 527 1360
1584630607 1888 527 1361
1584631991 1889 527 1362
1584632885 1890 527 1363
1584633341 1891 527 1364
1584633994 1892 527 1365
1584636600 1893 527 1366
1584636604 1893 528 1365
1584636858 1894 528 1366
1584637159 1895 528 1367
1584638406 1895 529 1366
1584639441 1896 529 1367
1584640741 1897 529 1368
1584641040 1898 530 1368
1584641040 1898 530 1368
1584641978 1898 531 1367
1584642278 1898 532 1366
1584642848 1898 533 1365
1584644573 1899 533 1366
1584645527 1900 534 1366
1584645527 1900 534 1366
1584646067 1900 535 1365
1584649964 1901 536 1365
1584649964 1901 536 1365
1584650168 1901 537 1364
1584650912 1901 538 1363
1584653809 1902 538 1364
1584654639 1902 539 1363
1584655738 1902 540 1362
1584656110 1903 540 1363
1584656499 1904 540 1364
1584657191 1904 541 1363
1584658546 1905 541 1364
1584658935 1905 542 1363
1584660096 1906 542 1364
1584661887 1906 543 1363
1584661944 1906 544 1362
1584665050 1906 545 1361
1584670147 1907 545 1362
1584670993 1907 546 1361
1584677227 1908 546 1362
1584687656 1909 546 1363
1584690136 1910 546 1364
1584690367 1910 547 1363
1584691218 1910 548 1362
1584692267 1911 548 1363
1584693606 1911 549 1362
1584693849 1912 549 1363
1584694018 1913 550 1363
1584694018 1913 550 1363
1584694425 1914 550 1364
1584695155 1914 551 1363
1584696732 1914 552 1362
1584696987 1915 552 1363
1584698314 1916 552 1364
1584698530 1916 553 1363
1584698606 1916 554 1362
1584698690 1917 554 1363
1584699077 1918 554 1364
1584699384 1918 555 1363
1584700442 1919 555 1364
1584702105 1920 555 1365
1584702278 1921 555 1366
1584703510 1922 555 1367
1584703810 1923 555 1368
1584704184 1924 555 1369
1584704650 1925 555 1370
1584705182 1925 556 1369
1584705429 1926 556 1370
1584705448 1926 557 1369
1584706213 1926 558 1368
1584706296 1927 558 1369
1584707866 1928 558 1370
1584708698 1928 559 1369
1584709340 1928 560 1368
1584710044 1928 561 1367
1584710739 1929 561 1368
1584711252 1929 562 1367
1584711611 1929 563 1366
1584712099 1930 563 1367
1584713154 1930 564 1366
1584713291 1930 565 1365
1584713561 1930 566 1364
1584714814 1930 567 1363
1584716695 1930 568 1362
1584716945 1931 568 1363
1584717877 1931 569 1362
1584718199 1932 569 1363
1584720083 1933 569 1364
1584720838 1934 570 1364
1584720838 1934 570 1364
1584720972 1934 571 1363
1584721897 1935 571 1364
1584722315 1936 571 1365
1584722978 1937 571 1366
1584723403 1938 571 1367
1584723468 1938 572 1366
1584723771 1939 572 1367
1584723799 1940 572 1368
1584724486 1941 573 1368
1584724486 1941 573 1368
1584725420 1942 573 1369
1584726865 1942 574 1368
1584727860 1943 575 1368
1584727860 1943 575 1368
1584727960 1944 575 1369
1584729025 1944 576 1368
1584732857 1945 576 1369
1584734243 1946 577 1369
1584734243 1946 577 1369
1584734344 1947 577 1370
1584734704 1948 577 1371
1584734770 1948 578 1370
1584734819 1948 579 1369
1584734940 1948 580 1368
1584735038 1948 581 1367
1584735101 1949 581 1368
1584735387 1949 582 1367
1584735527 1949 583 1366
1584736301 1950 583 1367
1584736463 1950 584 1366
1584736744 1951 584 1367
1584737966 1952 584 1368
1584737972 1953 584 1369
1584738023 1954 585 1369
1584738023 1954 585 1369
1584740330 1955 586 1369
1584740330 1955 586 1369
1584740400 1956 587 1369
1584740400 1956 587 1369
1584740682 1957 588 1369
1584740682 1957 588 1369
1584740791 1957 589 1368
1584743929 1958 589 1369
1584744992 1958 590 1368
1584745107 1959 590 1369
1584746236 1960 590 1370
1584747353 1961 590 1371
1584749313 1962 591 1371
1584749313 1962 591 1371
1584749771 1963 591 1372
1584755096 1964 592 1372
1584755096 1964 592 1372
1584756654 1965 592 1373
1584756675 1966 592 1374
1584757668 1967 592 1375
1584757735 1967 593 1374
1584771988 1968 593 1375
1584776215 1969 593 1376
1584776360 1970 593 1377
1584778377 1970 594 1376
1584779305 1970 595 1375
1584780776 1970 596 1374
1584784473 1970 597 1373
1584785020 1971 598 1373
1584785020 1971 598 1373
1584785025 1971 599 1372
1584786388 1971 600 1371
1584786422 1971 601 1370
1584786444 1972 601 1371
1584786599 1972 602 1370
1584787953 1972 603 1369
1584789478 1972 604 1368
1584790755 1973 604 1369
1584792115 1973 605 1368
1584792184 1973 606 1367
1584793983 1974 606 1368
1584794520 1975 607 1368
1584794520 1975 607 1368
1584796003 1976 607 1369
1584800258 1977 607 1370
1584800351 1978 607 1371
1584800485 1979 608 1371
1584800485 1979 608 1371
1584805214 1979 609 1370
1584808196 1979 610 1369
1584808466 1980 610 1370
1584810580 1981 610 1371
1584811394 1981 611 1370
1584815183 1981 612 1369
1584816006 1982 613 1369
1584816006 1982 613 1369
1584816530 1983 613 1370
1584816715 1984 614 1370
1584816715 1984 614 1370
1584817519 1984 615 1369
1584817520 1984 616 1368
1584817833 1984 617 1367
1584818027 1984 618 1366
1584820419 1985 618 1367
1584820638 1986 618 1368
1584820740 1986 619 1367
1584822433 1986 620 1366
1584822807 1987 621 1366
1584822807 1987 621 1366
1584823233 1988 621 1367
1584826291 1989 621 1368
1584826700 1990 621 1369
1584827001 1991 621 1370
1584829731 1992 621 1371
1584829988 1993 621 1372
1584831484 1994 621 1373
1584833133 1995 621 1374
1584833292 1996 621 1375
1584833711 1997 622 1375
1584833711 1997 622 1375
1584835103 1997 623 1374
1584835338 1998 624 1374
1584835338 1998 624 1374
1584835468 1998 625 1373
1584836185 1999 625 1374
1584842394 2000 625 1375
1584844297 2001 625 1376
1584848947 2002 625 1377
1584859364 2003 626 1377
1584859364 2003 626 1377
1584864825 2004 627 1377
1584864825 2004 627 1377
1584864858 2005 627 1378
1584865589 2005 628 1377
1584867378 2006 628 1378
1584868200 2006 629 1377
1584869616 2007 630 1377
1584869616 2007 630 1377
1584870156 2008 630 1378
1584870244 2008 631 1377
1584870476 2009 631 1378
1584874411 2010 631 1379
1584874784 2010 632 1378
1584876458 2011 633 1378
1584876458 2011 633 1378
1584876464 2011 634 1377
1584877514 2011 635 1376
1584878907 2012 636 1376
1584878907 2012 636 1376
1584880815 2012 637 1375
1584882275 2013 637 1376
1584883291 2014 637 1377
1584884366 2014 638 1376
1584884493 2014 639 1375
1584885004 2015 639 1376
1584885828 2016 640 1376
1584885828 2016 640 1376
1584887480 2017 640 1377
1584888013 2017 641 1376
1584888905 2017 642 1375
1584891027 2017 643 1374
1584892537 2018 643 1375
1584892582 2019 643 1376
1584894447 2020 643 1377
1584898106 2021 643 1378
1584898289 2021 644 1377
1584898669 2021 645 1376
1584899540 2021 646 1375
1584901804 2022 646 1376
1584902064 2023 646 1377
1584903468 2023 647 1376
1584905633 2023 648 1375
1584906240 2023 649 1374
1584906437 2024 650 1374
1584906437 2024 650 1374
1584906853 2024 651 1373
1584906917 2024 652 1372
1584907135 2024 653 1371
1584907450 2025 653 1372
1584907891 2026 653 1373
1584908876 2026 654 1372
1584910477 2026 655 1371
1584911090 2027 656 1371
1584911090 2027 656 1371
1584911108 2028 657 1371
1584911108 2028 657 1371
1584912895 2029 657 1372
1584914113 2029 658 1371
1584914530 2030 658 1372
1584914640 2030 659 1371
1584915515 2030 660 1370
1584916381 2031 661 1370
1584916381 2031 661 1370
1584916532 2031 662 1369
1584916972 2032 663 1369
1584916972 2032 663 1369
1584918155 2033 663 1370
1584918683 2033 664 1369
1584919668 2034 664 1370
1584920397 2035 664 1371
1584920398 2035 665 1370
1584922415 2036 666 1370
1584922415 2036 666 1370
1584922910 2037 666 1371
1584927024 2038 666 1372
1584936028 2038 667 1371
1584942277 2039 668 1371
1584942277 2039 668 1371
1584947107 2039 669 1370
1584947455 2040 669 1371
1584947476 2041 669 1372
1584948498 2041 670 1371
1584953973 2041 671 1370
1584957763 2041 672 1369
1584960114 2041 673 1368
1584960833 2041 674 1367
1584961749 2041 675 1366
1584962128 2041 676 1365
1584962174 2042 676 1366
1584963129 2042 677 1365
1584963313 2043 677 1366
1584963893 2043 678 1365
1584965033 2044 678 1366
1584965227 2045 679 1366
1584965227 2045 679 1366
1584965571 2045 680 1365
1584966479 2045 681 1364
1584969000 2046 681 1365
1584969036 2047 681 1366
1584969113 2047 682 1365
1584970519 2047 683 1364
1584971706 2048 684 1364
1584971706 2048 684 1364
1584972873 2049 684 1365
1584972980 2049 685 1364
1584974040 2050 685 1365
1584974126 2051 685 1366
1584976460 2052 685 1367
1584976533 2053 685 1368
1584976807 2054 685 1369
1584976976 2054 686 1368
1584977452 2055 687 1368
1584977452 2055 687 1368
1584978015 2056 687 1369
1584979589 2057 687 1370
1584980297 2058 687 1371
1584980375 2059 687 1372
1584980772 2060 687 1373
1584981484 2061 687 1374
1584982934 2062 688 1374
1584982934 2062 688 1374
1584984735 2063 688 1375
1584985383 2064 688 1376
1584986405 2064 689 1375
1584987113 2065 689 1376
1584987935 2066 690 1376
1584987935 2066 690 1376
1584988229 2066 691 1375
1584989238 2066 692 1374
1584989351 2066 693 1373
1584989540 2066 694 1372
1584990336 2066 695 1371
1584990539 2067 695 1372
1584993094 2067 696 1371
1584994701 2068 696 1372
1584995527 2068 697 1371
1584995707 2069 697 1372
1584996150 2069 698 1371
1584996260 2069 699 1370
1584996477 2069 700 1369
1584997043 2070 701 1369
1584997043 2070 701 1369
1584998048 2070 702 1368
1584998217 2070 703 1367
1584998339 2070 704 1366
1584998580 2070 705 1365
1584999386 2071 705 1366
1585000430 2071 706 1365
1585000496 2072 706 1366
1585000939 2073 706 1367
1585001789 2073 707 1366
1585002202 2074 708 1366
1585002202 2074 708 1366
1585003050 2075 708 1367
1585003638 2075 709 1366
1585004847 2075 710 1365
1585005353 2075 711 1364
1585030438 2076 712 1364
1585030438 2076 712 1364
1585033813 2076 713 1363
1585035780 2076 714 1362
1585038571 2076 715 1361
1585038916 2077 715 1362
1585040279 2077 716 1361
1585042190 2078 716 1362
1585043303 2079 717 1362
1585043303 2079 717 1362
1585044645 2079 718 1361
1585044668 2080 718 1362
1585044738 2081 718 1363
1585049094 2081 719 1362
1585049243 2082 720 1362
1585049243 2082 720 1362
1585050769 2082 721 1361
1585053031 2082 722 1360
1585054812 2082 723 1359
1585056718 2082 724 1358
1585061840 2082 725 1357
1585062493 2083 726 1357
1585062493 2083 726 1357
1585065861 2084 726 1358
1585067017 2084 727 1357
1585067097 2084 728 1356
1585068677 2084 729 1355
1585068956 2084 730 1354
1585069332 2085 731 1354
1585069332 2085 731 1354
1585070050 2086 731 1355
1585070548 2086 732 1354
1585070586 2086 733 1353
1585073473 2087 733 1354
1585076131 2088 733 1355
1585076134 2088 734 1354
1585079220 2088 735 1353
1585082255 2088 736 1352
1585082818 2089 737 1352
1585082818 2089 737 1352
1585083088 2089 738 1351
1585083111 2089 739 1350
1585083477 2089 740 1349
1585084631 2089 741 1348
1585085997 2089 742 1347
1585087134 2089 743 1346
1585087377 2090 744 1346
1585087377 2090 744 1346
1585088569 2090 745 1345
1585090291 2090 746 1344
1585090942 2090 747 1343
1585092957 2090 748 1342
1585094858 2090 749 1341
1585095819 2090 750 1340
1585098536 2090 751 1339
1585119539 2091 752 1339
1585119539 2091 752 1339
1585121878 2091 753 1338
1585123565 2092 753 1339
1585123787 2093 753 1340
1585126202 2094 754 1340
1585126202 2094 754 1340
1585126539 2095 754 1341
1585127195 2095 755 1340
1585129841 2095 756 1339
1585130191 2095 757 1338
1585132908 2096 757 1339
1585133977 2096 758 1338
1585138526 2096 759 1337
1585139712 2097 759 1338
1585139717 2097 760 1337
1585139829 2097 761 1336
1585140391 2097 762 1335
1585143138 2097 763 1334
1585145674 2097 764 1333
1585146673 2097 765 1332
1585149807 2097 766 1331
1585150674 2098 767 1331
1585150674 2098 767 1331
1585151330 2099 767 1332
1585151611 2099 768 1331
1585151754 2100 768 1332
1585152358 2100 769 1331
1585152505 2100 770 1330
1585152614 2100 771 1329
1585154554 2100 772 1328
1585155135 2100 773 1327
1585156434 2101 774 1327
1585156434 2101 774 1327
1585156497 2102 774 1328
1585156664 2103 774 1329
1585157078 2103 775 1328
1585157991 2104 775 1329
1585158049 2104 776 1328
1585158739 2104 777 1327
1585159248 2105 778 1327
1585159248 2105 778 1327
1585159908 2105 779 1326
1585160325 2106 779 1327
1585161290 2106 780 1326
1585163221 2107 781 1326
1585163221 2107 781 1326
1585164365 2108 781 1327
1585164733 2108 782 1326
1585165858 2108 783 1325
1585167174 2108 784 1324
1585167235 2108 785 1323
1585167564 2108 786 1322
1585167828 2108 787 1321
1585167925 2108 788 1320
1585168749 2109 788 1321
1585169359 2109 789 1320
1585169363 2110 789 1321
1585169819 2111 790 1321
1585169819 2111 790 1321
1585169893 2111 791 1320
1585170243 2111 792 1319
1585172228 2111 793 1318
1585178033 2112 793 1319
1585180771 2113 793 1320
1585184143 2114 794 1320
1585184143 2114 794 1320
1585184679 2114 795 1319
1585186003 2114 796 1318
1585191549 2115 796 1319
1585209090 2115 797 1318
1585211985 2115 798 1317
1585217045 2115 799 1316
1585217953 2116 799 1317
1585218593 2117 799 1318
1585219201 2117 800 1317
1585219537 2118 801 1317
1585219537 2118 801 1317
1585219998 2118 802 1316
1585220091 2118 803 1315
1585221759 2118 804 1314
1585223340 2118 805 1313
1585226305 2118 806 1312
1585228728 2119 806 1313
1585229842 2120 807 1313
1585229842 2120 807 1313
1585230591 2120 808 1312
1585238066 2121 808 1313
1585238753 2121 809 1312
1585239511 2121 810 1311
1585240672 2122 810 1312
1585240680 2122 811 1311
1585242874 2122 812 1310
1585243204 2122 813 1309
1585243652 2123 814 1309
1585243652 2123 814 1309
1585251319 2125 815 1310
1585251319 2125 815 1310
1585251319 2125 815 1310
1585251655 2125 816 1309
1585252634 2125 817 1308
1585254290 2125 818 1307
1585258467 2125 819 1306
1585261278 2125 820 1305
1585261803 2126 821 1305
1585261803 2126 821 1305
1585261920 2127 821 1306
1585262332 2128 821 1307
1585263851 2129 822 1307
1585263851 2129 822 1307
1585267605 2129 823 1306
1585268345 2130 823 1307
1585288515 2131 823 1308
1585295583 2131 824 1307
1585296902 2131 825 1306
1585301109 2132 826 1306
1585301109 2132 826 1306
1585301455 2132 827 1305
1585302994 2132 828 1304
1585304344 2132 829 1303
1585304706 2133 830 1303
1585304706 2133 830 1303
1585305658 2134 831 1303
1585305658 2134 831 1303
1585308298 2134 832 1302
1585310549 2135 832 1303
1585311433 2136 832 1304
1585311899 2137 832 1305
1585312189 2137 833 1304
1585314085 2138 834 1304
1585314085 2138 834 1304
1585316504 2139 834 1305
1585319094 2140 835 1305
1585319094 2140 835 1305
1585319159 2141 835 1306
1585322469 2142 835 1307
1585323422 2142 836 1306
1585327192 2143 836 1307
1585328026 2144 836 1308
1585328164 2144 837 1307
1585328490 2145 837 1308
1585328543 2145 838 1307
1585333771 2146 838 1308
1585337537 2146 839 1307
1585339888 2146 840 1306
1585341219 2146 841 1305
1585346148 2147 842 1305
1585346148 2147 842 1305
1585349707 2147 843 1304
1585350976 2148 843 1305
1585351588 2148 844 1304
1585353987 2148 845 1303
1585353990 2149 845 1304
1585356207 2150 845 1305
1585356337 2150 846 1304
1585356371 2151 846 1305
1585356830 2151 847 1304
1585358690 2151 848 1303
1585360524 2152 848 1304
1585361662 2153 848 1305
1585364669 2153 849 1304
1585369988 2154 850 1304
1585369988 2154 850 1304
1585382707 2155 850 1305
1585386805 2156 851 1305
1585386805 2156 851 1305
1585387998 2157 851 1306
1585388193 2158 851 1307
1585389750 2159 851 1308
1585391958 2159 852 1307
1585392523 2160 852 1308
1585392583 2160 853 1307
1585392618 2161 853 1308
1585394219 2161 854 1307
1585394792 2162 854 1308
1585394884 2163 855 1308
1585394884 2163 855 1308
1585395321 2163 856 1307
1585396836 2164 857 1307
1585396836 2164 857 1307
1585396978 2164 858 1306
1585398129 2165 858 1307
1585398427 2166 858 1308
1585400478 2167 858 1309
1585404098 2168 858 1310
1585404557 2169 859 1310
1585404557 2169 859 1310
1585405973 2169 860 1309
1585408119 2169 861 1308
1585411068 2169 862 1307
1585411118 2169 863 1306
1585412626 2170 864 1306
1585412626 2170 864 1306
1585414574 2171 865 1306
1585414574 2171 865 1306
1585417603 2172 866 1306
1585417603 2172 866 1306
1585418435 2172 867 1305
1585419519 2172 868 1304
1585419974 2173 868 1305
1585420028 2173 869 1304
1585420272 2174 869 1305
1585420291 2175 870 1305
1585420291 2175 870 1305
1585420607 2175 871 1304
1585421096 2175 872 1303
1585421386 2176 872 1304
1585423320 2177 873 1304
1585423320 2177 873 1304
1585424064 2178 873 1305
1585424340 2178 874 1304
1585424778 2178 875 1303
1585425099 2178 876 1302
1585427665 2178 877 1301
1585430555 2179 877 1302
1585430645 2180 877 1303
1585435236 2180 878 1302
1585438050 2180 879 1301
1585443346 2180 880 1300
1585443960 2181 881 1300
1585443960 2181 881 1300
1585445513 2181 882 1299
1585445651 2182 883 1299
1585445651 2182 883 1299
1585455928 2182 884 1298
1585461804 2182 885 1297
1585470824 2182 886 1296
1585472433 2183 886 1297
1585472694 2183 887 1296
1585476346 2184 887 1297
1585479210 2185 888 1297
1585479210 2185 888 1297
1585479263 2186 888 1298
1585479332 2187 888 1299
1585483132 2188 888 1300
1585483409 2188 889 1299
1585483412 2188 890 1298
1585484033 2188 891 1297
1585484597 2188 892 1296
1585485520 2188 893 1295
1585485704 2188 894 1294
1585487616 2189 895 1294
1585487616 2189 895 1294
1585487826 2189 896 1293
1585489563 2189 897 1292
1585490235 2190 897 1293
1585490499 2190 898 1292
1585490932 2191 898 1293
1585493515 2192 898 1294
1585497763 2192 899 1293
1585497914 2192 900 1292
1585498217 2193 900 1293
1585499064 2194 900 1294
1585499511 2194 901 1293
1585500286 2195 901 1294
1585500592 2195 902 1293
1585502071 2195 903 1292
1585503024 2195 904 1291
1585504504 2195 905 1290
1585505237 2195 906 1289
1585507458 2195 907 1288
1585509737 2196 907 1289
1585512765 2196 908 1288
1585514615 2197 909 1288
1585514615 2197 909 1288
1585515624 2197 910 1287
1585516106 2198 910 1288
1585519706 2199 910 1289
1585522169 2199 911 1288
1585523035 2199 912 1287
1585524810 2200 913 1287
1585524810 2200 913 1287
1585527163 2201 913 1288
1585527340 2201 914 1287
1585534461 2201 915 1286
1585539429 2201 916 1285
1585551151 2201 917 1284
1585555288 2202 917 1285
1585556713 2203 917 1286
1585556714 2203 918 1285
1585559913 2204 918 1286
1585560165 2204 919 1285
1585562510 2204 920 1284
1585564397 2204 921 1283
1585565813 2205 921 1284
1585570161 2206 921 1285
1585570484 2206 922 1284
1585573744 2207 923 1284
1585573744 2207 923 1284
1585574379 2207 924 1283
1585577311 2207 925 1282
1585578247 2207 926 1281
1585580446 2207 927 1280
1585580878 2207 928 1279
1585580947 2207 929 1278
1585582206 2207 930 1277
1585585271 2207 931 1276
1585585395 2207 932 1275
1585586156 2207 933 1274
1585589129 2208 933 1275
1585590745 2208 934 1274
1585591316 2208 935 1273
1585594946 2208 936 1272
1585594955 2208 937 1271
1585596088 2208 938 1270
1585596575 2209 939 1270
1585596575 2209 939 1270
1585597177 2210 939 1271
1585597573 2210 940 1270
1585597756 2210 941 1269
1585597787 2210 942 1268
1585599043 2210 943 1267
1585599544 2210 944 1266
1585600164 2210 945 1265
1585602471 2211 946 1265
1585602471 2211 946 1265
1585602970 2212 947 1265
1585602970 2212 947 1265
1585603565 2212 948 1264
1585603866 2212 949 1263
1585603933 2212 950 1262
1585608318 2212 951 1261
1585610410 2212 952 1260
1585612585 2213 953 1260
1585612585 2213 953 1260
1585613243 2213 954 1259
1585617631 2213 955 1258
1585617650 2213 956 1257
1585624140 2213 957 1256
1585630900 2214 958 1256
1585630900 2214 958 1256
1585645840 2214 959 1255
1585646880 2214 960 1254
1585647761 2214 961 1253
1585648520 2215 961 1254
1585651726 2215 962 1253
1585655348 2215 963 1252
1585655891 2216 963 1253
1585656286 2216 964 1252
1585656637 2217 964 1253
1585657363 2218 965 1253
1585657363 2218 965 1253
1585658180 2219 965 1254
1585658881 2219 966 1253
1585659185 2219 967 1252
1585660389 2219 968 1251
1585662588 2219 969 1250
1585662973 2219 970 1249
1585663394 2220 970 1250
1585663598 2220 971 1249
1585663771 2221 972 1249
1585663771 2221 972 1249
1585665234 2221 973 1248
1585665518 2221 974 1247
1585666951 2221 975 1246
1585669104 2222 976 1246
1585669104 2222 976 1246
1585671581 2223 977 1246
1585671581 2223 977 1246
1585673758 2224 977 1247
1585676747 2224 978 1246
1585676899 2224 979 1245
1585678422 2224 980 1244
1585681504 2224 981 1243
1585683070 2225 982 1243
1585683070 2225 982 1243
1585683636 2225 983 1242
1585684693 2225 984 1241
1585694300 2225 985 1240
1585698862 2225 986 1239
1585700778 2225 987 1238
1585704237 2225 988 1237
1585704929 2225 989 1236
1585727663 2225 990 1235
1585732076 2225 991 1234
1585732186 2225 992 1233
1585732450 2225 993 1232
1585733027 2225 994 1231
1585733236 2225 995 1230
1585734524 2226 996 1230
1585734524 2226 996 1230
1585735873 2226 997 1229
1585738726 2226 998 1228
1585738904 2226 999 1227
1585741318 2226 1000 1226
1585742718 2226 1001 1225
1585743929 2226 1002 1224
1585745262 2226 1003 1223
1585746800 2226 1004 1222
1585747126 2227 1004 1223
1585748296 2227 1005 1222
1585753528 2228 1005 1223
1585754438 2228 1006 1222
1585754670 2229 1006 1223
1585754751 2229 1007 1222
1585755446 2229 1008 1221
1585759220 2229 1009 1220
1585763670 2229 1010 1219
1585764217 2229 1011 1218
1585765280 2229 1012 1217
1585767567 2229 1013 1216
1585768367 2229 1014 1215
1585770006 2229 1015 1214
1585771679 2230 1015 1215
1585771762 2230 1016 1214
1585772162 2230 1017 1213
1585772508 2230 1018 1212
1585773721 2230 1019 1211
1585775625 2230 1020 1210
1585779285 2231 1020 1211
1585780960 2231 1021 1210
1585781187 2231 1022 1209
1585782160 2232 1022 1210
1585784845 2233 1022 1211
1585785226 2233 1023 1210
1585786877 2233 1024 1209
1585787820 2233 1025 1208
1585788319 2234 1025 1209
1585791495 2234 1026 1208
1585792273 2234 1027 1207
1585813000 2234 1028 1206
1585814758 2234 1029 1205
1585818495 2234 1030 1204
1585819439 2235 1031 1204
1585819439 2235 1031 1204
1585820434 2235 1032 1203
1585820954 2235 1033 1202
1585824580 2236 1033 1203
1585825123 2236 1034 1202
1585825861 2236 1035 1201
1585828269 2237 1035 1202
1585828862 2237 1036 1201
1585829266 2237 1037 1200
1585839586 2238 1037 1201
1585840532 2238 1038 1200
1585840719 2239 1038 1201
1585843344 2239 1039 1200
1585845132 2239 1040 1199
1585845237 2240 1040 1200
1585846028 2240 1041 1199
1585846404 2240 1042 1198
1585850280 2240 1043 1197
1585850566 2241 1044 1197
1585850566 2241 1044 1197
1585851896 2242 1045 1197
1585851896 2242 1045 1197
1585852833 2242 1046 1196
1585856582 2242 1047 1195
1585856920 2242 1048 1194
1585857079 2242 1049 1193
1585857969 2242 1050 1192
1585858443 2242 1051 1191
1585859230 2242 1052 1190
1585860255 2242 1053 1189
1585861686 2242 1054 1188
1585862756 2242 1055 1187
1585863545 2243 1055 1188
1585866232 2243 1056 1187
1585866798 2243 1057 1186
1585867826 2243 1058 1185
1585868544 2244 1058 1186
1585869715 2244 1059 1185
1585870417 2245 1059 1186
1585870662 2245 1060 1185
1585873966 2245 1061 1184
1585878278 2245 1062 1183
1585896732 2246 1062 1184
1585903814 2246 1063 1183
1585908064 2246 1064 1182
1585909362 2247 1065 1182
1585909362 2247 1065 1182
1585909934 2247 1066 1181
1585911361 2248 1066 1182
1585912066 2248 1067 1181
1585913853 2248 1068 1180
1585915736 2248 1069 1179
1585922674 2249 1069 1180
1585922965 2249 1070 1179
1585923276 2250 1071 1179
1585923276 2250 1071 1179
1585928990 2250 1072 1178
1585929679 2251 1072 1179
1585930158 2252 1073 1179
1585930158 2252 1073 1179
1585933597 2253 1074 1179
1585933597 2253 1074 1179
1585937273 2253 1075 1178
1585937913 2253 1076 1177
1585938272 2254 1076 1178
1585941496 2254 1077 1177
1585943971 2254 1078 1176
1585948327 2254 1079 1175
1585948341 2254 1080 1174
1585948400 2254 1081 1173
1585956132 2255 1081 1174
1585956148 2256 1081 1175
1585958056 2256 1082 1174
1585958224 2257 1082 1175
1585958764 2257 1083 1174
1585958903 2258 1084 1174
1585958903 2258 1084 1174
1585960524 2258 1085 1173
1585961041 2258 1086 1172
1585967429 2258 1087 1171
1585978559 2259 1087 1172
1585985802 2259 1088 1171
1585988470 2259 1089 1170
1585990855 2260 1089 1171
1585991627 2260 1090 1170
1585991666 2260 1091 1169
1585992211 2260 1092 1168
1585993101 2260 1093 1167
1585999679 2260 1094 1166
1586002927 2260 1095 1165
1586010874 2260 1096 1164
1586012897 2260 1097 1163
1586018401 2261 1097 1164
1586019180 2261 1098 1163
1586022561 2262 1099 1163
1586022561 2262 1099 1163
1586024419 2263 1099 1164
1586029787 2263 1100 1163
1586030047 2263 1101 1162
1586030434 2263 1102 1161
1586030559 2263 1103 1160
1586033367 2263 1104 1159
1586033963 2264 1104 1160
1586036773 2264 1105 1159
1586043650 2264 1106 1158
1586045630 2264 1107 1157
1586048708 2264 1108 1156
1586055536 2265 1108 1157
1586071497 2265 1109 1156
1586077545 2265 1110 1155
1586077874 2265 1111 1154
1586078158 2265 1112 1153
1586078384 2265 1113 1152
1586082142 2265 1114 1151
1586084722 2266 1115 1151
1586084722 2266 1115 1151
1586086233 2266 1116 1150
1586087628 2266 1117 1149
1586087825 2266 1118 1148
1586089976 2266 1119 1147
1586092557 2266 1120 1146
1586094239 2267 1121 1146
1586094239 2267 1121 1146
1586095170 2267 1122 1145
1586095924 2267 1123 1144
1586096258 2267 1124 1143
1586096921 2268 1124 1144
1586097926 2268 1125 1143
1586098273 2269 1125 1144
1586099228 2269 1126 1143
1586099642 2269 1127 1142
1586101177 2269 1128 1141
1586106175 2270 1129 1141
1586106175 2270 1129 1141
1586107781 2270 1130 1140
1586107782 2270 1131 1139
1586115751 2270 1132 1138
1586116095 2270 1133 1137
1586116282 2271 1134 1137
1586116282 2271 1134 1137
1586117364 2272 1134 1138
1586119463 2272 1135 1137
1586123650 2272 1136 1136
1586124149 2273 1136 1137
1586125109 2273 1137 1136
1586125852 2274 1137 1137
1586133656 2274 1138 1136
1586140078 2275 1139 1136
1586140078 2275 1139 1136
1586166331 2276 1139 1137
1586167324 2277 1140 1137
1586167324 2277 1140 1137
1586167525 2278 1140 1138
1586168914 2278 1141 1137
1586172869 2278 1142 1136
1586172964 2278 1143 1135
1586173488 2279 1143 1136
1586173988 2279 1144 1135
1586177855 2279 1145 1134
1586178654 2280 1145 1135
1586180464 2281 1145 1136
1586180827 2282 1146 1136
1586180827 2282 1146 1136
1586180969 2283 1146 1137
1586182562 2283 1147 1136
1586182851 2283 1148 1135
1586182860 2283 1149 1134
1586185203 2284 1150 1134
1586185203 2284 1150 1134
1586185614 2284 1151 1133
1586186012 2284 1152 1132
1586189048 2284 1153 1131
1586190231 2284 1154 1130
1586191107 2284 1155 1129
1586193768 2284 1156 1128
1586196788 2285 1157 1128
1586196788 2285 1157 1128
1586197604 2285 1158 1127
1586198448 2286 1159 1127
1586198448 2286 1159 1127
1586199260 2286 1160 1126
1586200945 2286 1161 1125
1586201201 2287 1161 1126
1586202565 2287 1162 1125
1586204953 2288 1162 1126
1586206666 2288 1163 1125
1586207289 2288 1164 1124
1586207756 2289 1164 1125
1586207794 2289 1165 1124
1586208994 2289 1166 1123
1586209225 2290 1166 1124
1586209803 2291 1167 1124
1586209803 2291 1167 1124
1586209934 2291 1168 1123
1586210315 2291 1169 1122
1586212871 2291 1170 1121
1586213155 2291 1171 1120
1586213487 2291 1172 1119
1586213840 2291 1173 1118
1586215370 2292 1173 1119
1586215990 2293 1173 1120
1586216760 2293 1174 1119
1586217136 2294 1174 1120
1586217808 2294 1175 1119
1586220418 2294 1176 1118
1586220876 2295 1176 1119
1586242595 2295 1177 1118
1586245405 2295 1178 1117
1586247020 2295 1179 1116
1586250022 2295 1180 1115
1586250328 2295 1181 1114
1586250735 2295 1182 1113
1586253124 2295 1183 1112
1586255732 2295 1184 1111
1586255794 2295 1185 1110
1586256037 2295 1186 1109
1586257436 2296 1186 1110
1586257636 2297 1187 1110
1586257636 2297 1187 1110
1586257793 2298 1187 1111
1586262221 2298 1188 1110
1586263222 2298 1189 1109
1586263293 2299 1190 1109
1586263293 2299 1190 1109
1586263835 2299 1191 1108
1586264662 2299 1192 1107
1586264735 2299 1193 1106
1586266666 2299 1194 1105
1586267032 2300 1195 1105
1586267032 2300 1195 1105
1586267593 2300 1196 1104
1586267940 2300 1197 1103
1586270361 2300 1198 1102
1586271764 2300 1199 1101
1586271881 2300 1200 1100
1586273011 2301 1200 1101
1586274238 2301 1201 1100
1586280631 2301 1202 1099
1586281310 2301 1203 1098
1586282019 2301 1204 1097
1586282212 2301 1205 1096
1586283331 2301 1206 1095
1586284009 2301 1207 1094
1586284339 2301 1208 1093
1586287352 2302 1208 1094
1586287843 2302 1209 1093
1586290007 2302 1210 1092
1586291159 2303 1210 1093
1586291999 2303 1211 1092
1586295689 2303 1212 1091
1586296495 2304 1212 1092
1586296511 2304 1213 1091
1586296516 2304 1214 1090
1586297309 2304 1215 1089
1586298457 2304 1216 1088
1586298479 2304 1217 1087
1586300914 2304 1218 1086
1586304813 2304 1219 1085
1586311037 2304 1220 1084
1586319484 2304 1221 1083
1586329465 2304 1222 1082
1586332925 2304 1223 1081
1586333438 2304 1224 1080
1586333876 2304 1225 1079
1586335393 2304 1226 1078
1586336464 2304 1227 1077
1586338607 2304 1228 1076
1586339017 2304 1229 1075
1586340034 2305 1229 1076
1586344220 2305 1230 1075
1586344691 2306 1231 1075
1586344691 2306 1231 1075
1586344877 2306 1232 1074
1586345687 2306 1233 1073
1586346178 2306 1234 1072
1586347751 2306 1235 1071
1586352309 2307 1235 1072
1586352906 2307 1236 1071
1586353198 2308 1236 1072
1586354348 2308 1237 1071
1586355281 2308 1238 1070
1586356372 2308 1239 1069
1586357869 2308 1240 1068
1586361962 2308 1241 1067
1586362368 2308 1242 1066
1586362431 2308 1243 1065
1586366562 2309 1243 1066
1586369200 2310 1243 1067
1586369408 2310 1244 1066
1586370470 2310 1245 1065
1586372256 2311 1246 1065
1586372256 2311 1246 1065
1586372915 2311 1247 1064
1586374570 2312 1248 1064
1586374570 2312 1248 1064
1586375239 2312 1249 1063
1586376190 2312 1250 1062
1586376469 2312 1251 1061
1586378633 2312 1252 1060
1586380714 2313 1253 1060
1586380714 2313 1253 1060
1586381138 2313 1254 1059
1586381404 2313 1255 1058
1586384594 2313 1256 1057
1586384632 2313 1257 1056
1586385011 2313 1258 1055
1586385993 2313 1259 1054
1586386972 2313 1260 1053
1586387580 2313 1261 1052
1586387611 2313 1262 1051
1586394604 2313 1263 1050
1586397516 2313 1264 1049
1586412894 2313 1265 1048
1586427362 2313 1266 1047
1586428401 2313 1267 1046
1586428444 2313 1268 1045
1586429391 2313 1269 1044
1586431925 2313 1270 1043
1586433379 2313 1271 1042
1586434218 2313 1272 1041
1586436842 2313 1273 1040
1586437720 2313 1274 1039
1586438832 2313 1275 1038
1586439038 2313 1276 1037
1586440635 2313 1277 1036
1586440722 2313 1278 1035
1586443351 2314 1278 1036
1586444161 2315 1278 1037
1586447061 2315 1279 1036
1586447467 2315 1280 1035
1586451786 2315 1281 1034
1586454674 2315 1282 1033
1586454758 2315 1283 1032
1586457003 2315 1284 1031
1586457304 2316 1284 1032
1586460787 2316 1285 1031
1586465081 2316 1286 1030
1586465445 2316 1287 1029
1586469718 2317 1288 1029
1586469718 2317 1288 1029
1586470945 2317 1289 1028
1586472186 2317 1290 1027
1586473546 2318 1291 1027
1586473546 2318 1291 1027
1586473590 2318 1292 1026
1586474301 2318 1293 1025
1586474370 2318 1294 1024
1586477545 2318 1295 1023
1586479803 2318 1296 1022
1586480270 2319 1296 1023
1586480775 2319 1297 1022
1586483090 2320 1298 1022
1586483090 2320 1298 1022
1586488635 2320 1299 1021
1586493060 2320 1300 1020
1586502196 2321 1301 1020
1586502196 2321 1301 1020
1586506971 2321 1302 1019
1586509290 2321 1303 1018
1586509758 2321 1304 1017
1586510498 2321 1305 1016
1586517007 2321 1306 1015
1586517050 2321 1307 1014
1586522817 2321 1308 1013
1586523782 2321 1309 1012
1586526174 2322 1310 1012
1586526174 2322 1310 1012
1586527282 2322 1311 1011
1586527719 2322 1312 1010
1586527734 2322 1313 1009
1586533545 2322 1314 1008
1586534997 2322 1315 1007
1586535898 2322 1316 1006
1586537959 2322 1317 1005
1586541050 2322 1318 1004
1586541956 2322 1319 1003
1586542898 2322 1320 1002
1586543641 2322 1321 1001
1586545625 2322 1322 1000
1586546792 2323 1322 1001
1586547063 2323 1323 1000
1586549854 2323 1324 999
1586550700 2323 1325 998
1586551301 2323 1326 997
1586551902 2323 1327 996
1586556929 2323 1328 995
1586560178 2323 1329 994
1586571150 2323 1330 993
1586592842 2323 1331 992
1586593587 2323 1332 991
1586595804 2323 1333 990
1586598128 2323 1334 989
1586598986 2323 1335 988
1586601272 2323 1336 987
1586601310 2323 1337 986
1586602528 2323 1338 985
1586602554 2323 1339 984
1586603570 2323 1340 983
1586603877 2323 1341 982
1586605061 2323 1342 981
1586605932 2323 1343 980
1586611984 2323 1344 979
1586614055 2323 1345 978
1586615697 2323 1346 977
1586616962 2323 1347 976
1586617051 2323 1348 975
1586619265 2323 1349 974
1586619429 2324 1350 974
1586619429 2324 1350 974
1586623787 2325 1351 974
1586623787 2325 1351 974
1586623848 2326 1352 974
1586623848 2326 1352 974
1586625500 2326 1353 973
1586626571 2326 1354 972
1586627012 2326 1355 971
1586627751 2327 1356 971
1586627751 2327 1356 971
1586628030 2328 1356 972
1586630368 2328 1357 971
1586633076 2328 1358 970
1586633899 2328 1359 969
1586634477 2328 1360 968
1586635697 2328 1361 967
1586641557 2328 1362 966
1586643296 2328 1363 965
1586647060 2328 1364 964
1586649577 2328 1365 963
1586649596 2328 1366 962
1586653267 2329 1366 963
1586654915 2330 1367 963
1586654915 2330 1367 963
1586658880 2330 1368 962
1586667643 2330 1369 961
1586686200 2330 1370 960
1586688103 2330 1371 959
1586688618 2331 1371 960
1586688908 2332 1371 961
1586689247 2332 1372 960
1586689470 2332 1373 959
1586690707 2332 1374 958
1586691455 2332 1375 957
1586694900 2332 1376 956
1586695295 2333 1377 956
1586695295 2333 1377 956
1586696313 2334 1378 956
1586696313 2334 1378 956
1586696418 2334 1379 955
1586697144 2334 1380 954
1586697880 2334 1381 953
1586698324 2334 1382 952
1586706393 2334 1383 951
1586706423 2334 1384 950
1586707820 2335 1384 951
1586707993 2336 1385 951
1586707993 2336 1385 951
1586708073 2336 1386 950
1586708195 2336 1387 949
1586709915 2336 1388 948
1586711368 2336 1389 947
1586711729 2336 1390 946
1586711928 2337 1390 947
1586712368 2337 1391 946
1586716040 2337 1392 945
1586717207 2337 1393 944
1586717521 2337 1394 943
1586718500 2337 1395 942
1586720951 2338 1395 943
1586721480 2338 1396 942
1586722301 2338 1397 941
1586726482 2338 1398 940
1586730471 2338 1399 939
1586731510 2338 1400 938
1586731536 2338 1401 937
1586739211 2338 1402 936
1586742129 2338 1403 935
1586742804 2339 1403 936
1586758161 2339 1404 935
1586767831 2339 1405 934
1586768656 2340 1405 935
1586771785 2340 1406 934
1586772825 2340 1407 933
1586772841 2340 1408 932
1586774139 2341 1409 932
1586774139 2341 1409 932
1586776882 2342 1409 933
1586777676 2342 1410 932
1586781255 2342 1411 931
1586782326 2342 1412 930
1586784499 2342 1413 929
1586793507 2342 1414 928
1586800812 2342 1415 927
1586802863 2342 1416 926
1586807141 2342 1417 925
1586808307 2342 1418 924
1586808336 2343 1418 925
1586808411 2343 1419 924
1586808458 2344 1420 924
1586808458 2344 1420 924
1586808618 2344 1422 922
1586808618 2344 1422 922
1586808638 2344 1423 921
1586808738 2344 1424 920
1586808751 2344 1425 919
1586808781 2344 1426 918
1586808786 2344 1427 917
1586808886 2344 1428 916
1586808909 2344 1429 915
1586808919 2344 1430 914
1586808944 2344 1431 913
1586809063 2344 1432 912
1586809184 2344 1433 911
1586809210 2344 1434 910
1586809248 2345 1435 910
1586809248 2345 1435 910
1586809543 2346 1435 911
1586809576 2346 1436 910
1586809594 2346 1437 909
1586809614 2346 1438 908
1586809632 2346 1439 907
1586809691 2346 1440 906
1586809724 2346 1441 905
1586809779 2346 1442 904
1586809799 2346 1443 903
1586809847 2346 1444 902
1586809960 2346 1445 901
1586809983 2346 1446 900
1586810098 2346 1447 899
1586810184 2346 1448 898
1586810224 2346 1449 897
1586810244 2346 1450 896
1586810738 2346 1451 895
1586810787 2347 1451 896
1586810956 2347 1452 895
1586811062 2347 1453 894
1586811231 2347 1454 893
1586811360 2348 1454 894
1586811513 2348 1455 893
1586811586 2348 1456 892
1586811700 2348 1457 891
1586811833 2348 1458 890
1586812306 2348 1459 889
1586812405 2349 1459 890
1586813743 2350 1460 890
1586813743 2350 1460 890
1586814080 2351 1460 891
1586814321 2351 1461 890
1586814428 2352 1462 890
1586814428 2352 1462 890
1586815525 2353 1462 891
1586815562 2353 1463 890
1586815830 2353 1464 889
1586816313 2353 1465 888
1586817663 2353 1466 887
1586817822 2354 1467 887
1586817822 2354 1467 887
1586818913 2354 1468 886
1586819093 2355 1468 887
1586819684 2355 1469 886
1586819829 2355 1470 885
1586820031 2355 1471 884
1586820709 2356 1472 884
1586820709 2356 1472 884
1586821160 2356 1473 883
1586822306 2357 1473 884
1586822451 2357 1474 883
1586822802 2358 1475 883
1586822802 2358 1475 883
1586823172 2358 1476 882
1586823455 2358 1477 881
1586824907 2358 1478 880
1586825020 2358 1479 879
1586825032 2358 1480 878
1586826224 2358 1481 877
1586826603 2358 1482 876
1586827138 2359 1482 877
1586827532 2359 1483 876
1586827865 2360 1483 877
1586829107 2360 1484 876
1586830684 2360 1485 875
1586830939 2360 1486 874
1586832604 2360 1487 873
1586834416 2360 1488 872
1586835436 2360 1489 871
1586840272 2360 1490 870
1586845257 2360 1491 869
1586849381 2360 1492 868
1586851986 2360 1493 867
1586852646 2360 1494 866
1586853966 2360 1495 865
1586855083 2360 1496 864
1586855392 2360 1497 863
1586855493 2360 1498 862
1586855518 2360 1499 861
1586855604 2360 1500 860
1586857706 2360 1501 859
1586857803 2360 1502 858
1586858197 2360 1503 857
1586858462 2360 1504 856
1586859036 2360 1505 855
1586861284 2361 1506 855
1586861284 2361 1506 855
1586861374 2361 1507 854
1586861446 2361 1508 853
1586862356 2361 1509 852
1586862393 2361 1510 851
1586862569 2361 1511 850
1586863296 2361 1512 849
1586863584 2361 1513 848
1586864665 2361 1514 847
1586869759 2362 1514 848
1586870050 2363 1514 849
1586872137 2364 1514 850
1586886578 2365 1514 851
1586891379 2366 1514 852
1586893337 2367 1514 853
1586904795 2368 1514 854
1586947331 2369 1514 855
1586950857 2370 1514 856
1586958467 2371 1514 857
1586977822 2372 1514 858
1586979899 2373 1514 859
1586987719 2374 1514 860
1587029238 2375 1514 861
1587059746 2376 1514 862
1587073381 2377 1514 863
1587080119 2378 1514 864
1587136721 2379 1514 865
1587138812 2380 1514 866
1587139400 2381 1514 867
1587140673 2382 1514 868
1587140774 2383 1514 869
1587149305 2384 1514 870
1587168594 2385 1514 871
1587175508 2386 1514 872
1587200619 2387 1514 873
1587208834 2388 1514 874
1587210213 2389 1514 875
1587220757 2390 1514 876
1587223103 2391 1514 877
1587235686 2392 1514 878
1587235704 2393 1514 879
1587238887 2394 1514 880
1587239610 2395 1514 881
1587254262 2396 1514 882
1587261679 2397 1514 883
1587299017 2398 1514 884
1587306140 2399 1514 885
1587320496 2400 1514 886
1587320779 2401 1514 887
1587322177 2402 1514 888
1587324792 2403 1514 889
1587339383 2404 1514 890
1587344879 2405 1514 891
1587397051 2406 1514 892
1587402510 2407 1514 893
1587403093 2408 1514 894
1587461283 2409 1514 895
1587470648 2410 1514 896
