1579611316 1
1579611555 2
1579611751 3
1579617811 4
1579621979 5
1579629367 6
1579636944 7
1579639995 8
1579640280 9
1579678473 10
1579724250 11
1579727123 12
1579730378 13
1579733220 14
1579734009 15
1579734792 16
1579735590 17
1579760592 18
1579772175 19
1579778672 20
1579784057 21
1579784270 22
1579784502 23
1579792908 24
1579793640 25
1579806529 26
1579811179 27
1579823091 28
1579827367 29
1579840018 30
1579844499 31
1579849340 32
1579852403 33
1579854262 34
1579858590 35
1579861015 36
1579861671 37
1579872263 38
1579880211 39
1579886746 40
1579890751 41
1579898020 42
1579898366 43
1579899120 44
1579899597 45
1579899783 46
1579899824 47
1579900093 48
1579900351 49
1579900888 50
1579901083 51
1579901787 52
1579901886 53
1579901916 54
1579902344 55
1579904004 56
1579904655 57
1579905912 58
1579906049 59
1579906055 60
1579906351 61
1579906556 62
1579906939 63
1579907338 64
1579908293 65
1579908329 66
1579915723 67
1579922026 68
1579934676 69
1579940047 70
1579943548 71
1579943708 72
1579946835 73
1579950615 74
1579957910 75
1579962525 76
1579964705 77
1579966349 78
1579966383 79
1579968270 80
1579975431 81
1579975776 82
1579976055 83
1579978580 84
1579979940 85
1579982056 86
1579982100 87
1579984623 88
1579990366 89
1579995294 90
1580025385 91
1580034093 92
1580036556 93
1580039617 94
1580040653 95
1580069107 96
1580072563 97
1580079026 98
1580109046 99
1580119156 100
1580121793 101
1580130647 102
1580134245 103
1580135310 104
1580142357 105
1580145999 106
1580147519 107
1580149929 108
1580150937 109
1580152565 110
1580162604 111
1580186044 112
1580209714 113
1580210960 114
1580214642 115
1580215430 116
1580218095 117
1580237499 118
1580239614 119
1580244435 120
1580246007 121
1580286821 122
1580291450 123
1580292256 124
1580293317 125
1580294692 126
1580309486 127
1580329136 128
1580372528 129
1580381070 130
1580386391 131
1580390124 132
1580393334 133
1580404348 134
1580419059 135
1580474163 136
1580494200 137
1580545588 138
1580555486 139
1580559931 140
1580571642 141
1580596569 142
1580597746 143
1580645299 144
1580647089 145
1580654725 146
1580740545 147
1580740922 148
1580762786 149
1580920567 150
1580986937 151
1581010663 152
1581070613 153
1581072844 154
1581159953 155
1581193042 156
1581334312 157
1581339543 158
1581419656 159
1581428997 160
1581496171 161
1581546660 162
1581612353 163
1581635783 164
1581646190 165
1581770395 166
1581943066 167
1582272984 168
1582284629 169
1582326576 170
1582377942 171
1582390772 172
1582391951 173
1582423902 174
1582457845 175
1582463236 176
1582497493 177
1582497549 178
1582541375 179
1582546289 180
1582549914 181
1582554319 182
1582555659 183
1582555762 184
1582558310 185
1582561004 186
1582561978 187
1582562717 188
1582563983 189
1582568627 190
1582614333 191
1582615975 192
1582620595 193
1582627726 194
1582628613 195
1582631966 196
1582638763 197
1582645706 198
1582650461 199
1582651225 200
1582666546 201
1582673226 202
1582712684 203
1582714369 204
1582717298 205
1582720744 206
1582738899 207
1582752458 208
1582755496 209
1582786046 210
1582795284 211
1582809112 212
1582833326 213
1582836786 214
1582838314 215
1582839768 216
1582841199 217
1582876968 218
1582887068 219
1582889001 220
1582899172 221
1582900772 222
1582901583 223
1582902555 224
1582906321 225
1582909276 226
1582918759 227
1582918892 228
1582922689 229
1582923317 230
1582923575 231
1582931983 232
1582939292 233
1582976265 234
1582978340 235
1582990379 236
1582994276 237
1582999938 238
1583005014 239
1583006481 240
1583013290 241
1583049042 242
1583072042 243
1583074110 244
1583084335 245
1583089711 246
1583100276 247
1583105552 248
1583131695 249
1583151672 250
1583151695 251
1583155695 252
1583162859 253
1583168876 254
1583170657 255
1583176121 256
1583186961 257
1583193843 258
1583196207 259
1583220371 260
1583238361 261
1583239491 262
1583239723 263
1583249276 264
1583260664 265
1583265172 266
1583271873 267
1583278055 268
1583316804 269
1583317526 270
1583323546 271
1583326851 272
1583329707 273
1583329766 274
1583337975 275
1583391427 276
1583396050 277
1583398157 278
1583398264 279
1583399990 280
1583405206 281
1583410520 282
1583413520 283
1583431629 284
1583438645 285
1583446175 286
1583455362 287
1583489104 288
1583490809 289
1583491793 290
1583493356 291
1583504046 292
1583523014 293
1583526375 294
1583608959 295
1583614769 296
1583614870 297
1583625739 298
1583662122 299
1583673059 300
1583694339 301
1583700177 302
1583724944 303
1583744788 304
1583763567 305
1583778825 306
1583784344 307
1583791485 308
1583816476 309
1583840635 310
1583844963 311
1583848213 312
1583859888 313
1583866945 314
1583916382 315
1583918962 316
1583933197 317
1583937801 318
1583961415 319
1583961419 320
1583988858 321
1584009266 322
1584009297 323
1584009316 324
1584013582 325
1584021612 326
1584022269 327
1584030778 328
1584039668 329
1584043316 330
1584044318 331
1584048984 332
1584050949 333
1584054807 334
1584102150 335
1584105279 336
1584106438 337
1584122583 338
1584126229 339
1584127174 340
1584132939 341
1584136241 342
1584137986 343
1584147330 344
1584181985 345
1584184029 346
1584186496 347
1584186875 348
1584190967 349
1584192993 350
1584196519 351
1584197030 352
1584203493 353
1584217074 354
1584217468 355
1584217584 356
1584217661 357
1584218747 358
1584224728 359
1584226030 360
1584231105 361
1584231836 362
1584235846 363
1584252017 364
1584256800 365
1584259794 366
1584261600 367
1584261735 368
1584263727 369
1584265334 370
1584268067 371
1584268453 372
1584271870 373
1584272379 374
1584273731 375
1584275526 376
1584282583 377
1584284060 378
1584294643 379
1584294775 380
1584301598 381
1584303737 382
1584305965 383
1584309219 384
1584310953 385
1584313855 386
1584320675 387
1584354402 388
1584360103 389
1584360150 390
1584362847 391
1584363072 392
1584364160 393
1584364939 394
1584372211 395
1584383414 396
1584384880 397
1584388677 398
1584389629 399
1584395340 400
1584396782 401
1584397135 402
1584398423 403
1584399325 404
1584402814 405
1584404183 406
1584425562 407
1584431436 408
1584431867 409
1584433247 410
1584434985 411
1584442072 412
1584446346 413
1584453048 414
1584456864 415
1584460331 416
1584463592 417
1584478380 418
1584522966 419
1584524651 420
1584540882 421
1584543159 422
1584543941 423
1584548330 424
1584548445 425
1584561196 426
1584563644 427
1584612873 428
1584649964 429
1584693849 430
1584694425 431
1584703510 432
1584704650 433
1584706296 434
1584723799 435
1584727860 436
1584740330 437
1584756675 438
1584829731 439
1584842394 440
1584844297 441
1584859364 442
1584864858 443
1584892537 444
1584894447 445
1584912895 446
1584914530 447
1584916972 448
1584974040 449
1584976533 450
1584987113 451
1584987935 452
1585000496 453
1585126539 454
1585251319 455
1585288515 456
1585311899 457
1585322469 458
1585327192 459
1585328026 460
1585328490 461
1585333771 462
1585356371 463
1585392523 464
1585404098 465
1585420272 466
1585430555 467
1585509737 468
1585527163 469
1585779285 470
1585782160 471
1585911361 472
1585933597 473
1585990855 474
1586096921 475
1586117364 476
1586125852 477
1586180464 478
1586352309 479
1586526174 480
1586623848 481
1586707820 482
1586811360 483
1586893337 484
1587059746 485
1587402510 486
1587471890 487
1587857274 488
1588149741 489
1588163866 490
1588196144 491
1588335402 492
1588422315 493
1588508906 494
1588510780 495
1589315651 496
1590060606 497
1590761553 498
1592485322 499
1592837643 500
1593215394 501
1594723510 502
1595680752 503
1596977015 504
1597020246 505
1597685005 506
1597846742 507
1597876840 508
1598197407 509
1598216779 510
1598746945 511
1599002780 512
1599039249 513
1599660548 514
1600161383 515
1600390943 516
1600499517 517
1600905178 518
1600979095 519
1601107230 520
1601116139 521
1601463061 522
1601919560 523
1602439875 524
1602629684 525
1602669909 526
1602706150 527
1602777054 528
1602851214 529
1603288843 530
1603664813 531
1603739185 532
1603796351 533
1603825136 534
1603840470 535
1603845303 536
1603917505 537
1603935241 538
1603971522 539
1604186922 540
1605203334 541
1606514217 542
1606742238 543
1606764805 544
1607612790 545
1607978991 546
1608466818 547
1609760651 548
1609788707 549
1610464275 550
1610737466 551
1611105530 552
1611672745 553
1612206819 554
1612811673 555
1613124153 556
1613599594 557
1615203963 558
1615486206 559
1617886633 560
1618008131 561
1618480170 562
1619376102 563
1620835717 564
1620903424 565
1621008803 566
1621031082 567
1621422249 568
1621729164 569
1621939643 570
1622586023 571
1623188200 572
1623338843 573
1624470518 574
1624897287 575
1625062667 576
1625146262 577
1625150897 578
1625234372 579
1625758040 580
1625954796 581
1626010423 582
1626121201 583
1626125868 584
1626194877 585
1626204656 586
1626209536 587
1626209735 588
1626270369 589
1626273983 590
1626289763 591
1626299650 592
1626303701 593
1626381445 594
1626432208 595
1626462317 596
1626491385 597
1626645751 598
1626704611 599
1626724805 600
1626776151 601
1626780450 602
1626788121 603
1626790870 604
1626809666 605
1626813317 606
1626821862 607
1626828814 608
1626878670 609
1626883382 610
1626893499 611
1626899343 612
1626910320 613
1626964352 614
1626967483 615
1626982751 616
1626983711 617
1626987741 618
1627045497 619
1627053949 620
1627057602 621
1627079154 622
1627082447 623
1627092268 624
1627109155 625
1627142454 626
1627160961 627
1627168102 628
1627298786 629
1627328396 630
1627342013 631
