1579478400 2090 2 232 232
1580083200 6794 17 319 153
1580688000 3472 8 261 55
1581292800 3136 8 231 35
1581897600 2240 5 218 28
1582502400 12025 25 579 256
1583107200 21086 25 768 260
1583712000 39394 28 1264 508
1584316800 46717 84 1566 489
1584921600 34963 54 1256 164
1585526400 26601 25 1098 73
1586131200 24668 26 992 63
1586736000 23680 40 966 64
1587340800 16291 24 768 34
1587945600 16773 11 756 24
1588550400 15727 13 704 22
1589155200 10111 10 611 14
1589760000 6508 4 470 12
1590364800 7797 5 454 11
1590969600 5380 3 356 4
1591574400 3030 0 309 1
1592179200 2962 2 297 2
1592784000 3716 0 337 8
1593388800 1957 2 246 3
1593993600 3236 3 309 4
1594598400 4622 5 358 5
1595203200 3880 2 351 7
1595808000 4248 1 324 7
1596412800 4831 6 340 8
1597017600 5428 6 369 11
1597622400 6134 6 375 11
1598227200 6382 2 412 16
1598832000 5316 3 384 14
1599436800 8663 6 439 12
1600041600 7919 7 402 9
1600646400 9375 3 483 16
1601251200 6359 4 420 9
1601856000 7349 4 423 9
1602460800 13176 7 564 25
1603065600 11005 4 547 20
1603670400 25089 11 886 62
1604275200 10112 9 604 14
1604880000 10392 2 552 14
1605484800 6810 9 441 9
1606089600 6115 5 427 2
1606694400 6430 2 373 11
1607299200 7990 9 433 10
1607904000 7631 16 433 10
1608508800 7103 11 431 6
