1579611316 1 0 1
1579611555 2 0 2
1579613366 3 0 3
1579617811 4 0 4
1579621979 5 0 5
1579622150 6 0 6
1579627499 7 0 7
1579629367 8 0 8
1579630675 9 0 9
1579630765 10 0 10
1579631666 11 0 11
1579636944 12 0 12
1579639995 13 0 13
1579640280 14 0 14
1579640775 15 0 15
1579646008 16 0 16
1579678473 17 0 17
1579693339 18 0 18
1579724250 19 0 19
1579727123 20 0 20
1579727177 21 0 21
1579727975 22 0 22
1579730378 23 0 23
1579730809 24 0 24
1579733220 25 0 25
1579734009 26 0 26
1579734215 27 0 27
1579734792 28 0 28
1579735590 29 0 29
1579737627 30 0 30
1579738363 31 0 31
1579740900 32 0 32
1579742068 33 0 33
1579760592 34 0 34
1579772175 35 0 35
1579775467 36 0 36
1579776449 37 1 36
1579777951 38 1 37
1579778672 39 1 38
1579778830 40 1 39
1579784057 41 1 40
1579784270 42 1 41
1579784502 43 1 42
1579787783 44 1 43
1579791432 45 1 44
1579792908 46 1 45
1579792912 47 1 46
1579793285 48 1 47
1579793640 49 1 48
1579793677 50 1 49
1579802143 51 1 50
1579805056 52 2 50
1579806529 53 2 51
1579811179 54 2 52
1579821659 55 2 53
1579822944 56 2 54
1579823091 57 2 55
1579826431 58 2 56
1579827367 59 2 57
1579840018 60 2 58
1579844499 61 2 59
1579849146 62 2 60
1579849340 63 2 61
1579852403 64 2 62
1579853947 65 2 63
1579854262 66 2 64
1579858552 67 2 65
1579858590 68 2 66
1579858604 69 2 67
1579861015 70 2 68
1579861671 71 2 69
1579863724 72 2 70
1579870016 73 2 71
1579870844 74 2 72
1579871363 75 3 72
1579872263 76 3 73
1579873194 77 3 74
1579874713 78 4 74
1579875857 79 4 75
1579877603 80 4 76
1579880211 81 4 77
1579880806 82 5 77
1579885751 83 5 78
1579886544 84 5 79
1579886746 85 5 80
1579887026 86 5 81
1579887245 87 5 82
1579888707 88 5 83
1579890751 89 5 84
1579892037 90 5 85
1579897192 91 5 86
1579897615 92 5 87
1579897628 93 5 88
1579898020 94 5 89
1579898093 95 5 90
1579898104 96 5 91
1579898295 97 5 92
1579898366 98 5 93
1579899120 99 5 94
1579899597 100 5 95
1579899783 101 5 96
1579899824 102 5 97
1579900037 103 5 98
1579900093 104 5 99
1579900136 105 5 100
1579900290 106 5 101
1579900351 107 5 102
1579900500 108 5 103
1579900515 109 5 104
1579900888 110 5 105
1579901083 111 5 106
1579901210 112 5 107
1579901630 113 5 108
1579901787 114 5 109
1579901886 115 5 110
1579901916 116 5 111
1579902344 117 5 112
1579903110 118 5 113
1579904004 119 5 114
1579904013 120 5 115
1579904655 121 5 116
1579904674 122 5 117
1579904963 123 5 118
1579905912 124 5 119
1579906049 125 5 120
1579906055 126 5 121
1579906227 127 5 122
1579906351 128 5 123
1579906556 129 5 124
1579906859 130 5 125
1579906939 131 5 126
1579906979 132 5 127
1579907338 133 5 128
1579908229 134 5 129
1579908293 135 5 130
1579908329 136 5 131
1579908840 137 5 132
1579909219 138 5 133
1579911342 139 5 134
1579911499 139 6 133
1579915186 140 6 134
1579915723 141 6 135
1579916416 142 6 136
1579917298 143 6 137
1579917630 144 6 138
1579919733 145 6 139
1579920712 146 6 140
1579922026 147 6 141
1579924938 148 6 142
1579934676 149 6 143
1579938071 150 6 144
1579938750 151 6 145
1579939400 152 7 145
1579940047 153 7 146
1579943548 154 8 146
1579943708 155 8 147
1579943871 156 8 148
1579944323 157 8 149
1579944902 158 8 150
1579946835 159 8 151
1579947236 160 8 152
1579947909 161 8 153
1579949445 162 8 154
1579949468 163 8 155
1579949652 164 8 156
1579949677 165 8 157
1579949757 165 9 156
1579950448 166 9 157
1579950615 167 9 158
1579951014 168 9 159
1579951945 169 9 160
1579953209 170 9 161
1579956895 171 9 162
1579957886 172 9 163
1579957910 173 9 164
1579958003 174 9 165
1579958144 174 10 164
1579958330 175 10 165
1579961352 176 10 166
1579961635 177 10 167
1579962300 178 10 168
1579962525 179 10 169
1579962557 180 10 170
1579964705 181 10 171
1579966349 182 10 172
1579966383 183 10 173
1579967323 184 10 174
1579967349 185 10 175
1579968270 186 10 176
1579969765 187 10 177
1579972703 188 10 178
1579972896 189 10 179
1579973982 190 10 180
1579975431 191 10 181
1579975776 192 10 182
1579976055 193 10 183
1579976177 194 10 184
1579976762 195 11 184
1579977121 196 11 185
1579977800 196 12 184
1579978580 197 12 185
1579979761 198 12 186
1579979940 199 12 187
1579982056 200 12 188
1579982100 201 12 189
1579984623 202 12 190
1579986219 203 12 191
1579987781 204 12 192
1579990366 205 12 193
1579995294 206 12 194
1579999312 207 12 195
1580021099 208 12 196
1580022720 208 13 195
1580023491 209 13 196
1580025385 210 13 197
1580032617 211 13 198
1580032644 212 13 199
1580034093 213 13 200
1580036233 214 13 201
1580036556 215 13 202
1580037245 216 13 203
1580039617 217 13 204
1580039816 218 13 205
1580040653 219 13 206
1580041049 220 13 207
1580041576 221 13 208
1580044253 222 13 209
1580056459 223 13 210
1580057179 224 13 211
1580063156 225 13 212
1580065990 226 13 213
1580069107 227 13 214
1580072563 228 13 215
1580073364 229 13 216
1580076278 229 14 215
1580077054 230 14 216
1580077921 231 15 216
1580078790 232 15 217
1580079026 233 15 218
1580081552 234 15 219
1580082532 235 15 220
1580109046 236 15 221
1580116947 237 15 222
1580118638 238 15 223
1580119156 239 15 224
1580121793 240 15 225
1580122138 241 15 226
1580129294 242 15 227
1580129688 243 15 228
1580130647 244 15 229
1580133359 245 15 230
1580134245 246 15 231
1580135310 247 15 232
1580135506 248 15 233
1580135682 249 15 234
1580137293 250 15 235
1580139983 251 15 236
1580140796 252 15 237
1580141917 253 15 238
1580142357 254 15 239
1580142844 254 16 238
1580143850 255 16 239
1580145999 256 16 240
1580147519 257 16 241
1580148839 258 16 242
1580149825 259 16 243
1580149929 260 16 244
1580149994 261 16 245
1580150937 262 16 246
1580152565 263 16 247
1580153583 264 16 248
1580157337 265 16 249
1580157604 266 16 250
1580159805 266 17 249
1580162604 267 17 250
1580163235 268 17 251
1580163355 269 17 252
1580179150 270 17 253
1580180392 271 17 254
1580186044 272 17 255
1580200461 273 17 256
1580204608 274 17 257
1580205290 275 17 258
1580208217 276 17 259
1580208891 277 17 260
1580209087 278 17 261
1580209441 279 17 262
1580209664 280 17 263
1580209714 281 17 264
1580210960 282 17 265
1580214064 283 18 265
1580214642 284 18 266
1580214715 285 18 267
1580215390 286 18 268
1580215430 287 18 269
1580218095 288 18 270
1580218312 289 19 270
1580233880 290 19 271
1580234905 291 19 272
1580237499 292 19 273
1580239491 293 19 274
1580239614 294 19 275
1580239642 295 19 276
1580240823 296 19 277
1580242009 297 19 278
1580242271 298 19 279
1580244435 299 19 280
1580246007 300 19 281
1580247341 300 20 280
1580250782 301 20 281
1580252123 302 20 282
1580263337 303 20 283
1580266899 304 20 284
1580281426 305 20 285
1580286821 306 20 286
1580287630 306 21 285
1580289227 307 21 286
1580291450 308 21 287
1580291926 309 21 288
1580292256 310 21 289
1580293317 311 21 290
1580293461 312 21 291
1580294692 313 21 292
1580295949 314 22 292
1580297046 315 22 293
1580304197 316 22 294
1580305313 317 22 295
1580308050 318 22 296
1580309486 319 22 297
1580314182 320 22 298
1580328596 321 22 299
1580329136 322 22 300
1580333196 323 23 300
1580334924 324 23 301
1580341579 325 23 302
1580342258 325 24 301
1580352894 326 24 302
1580361242 327 24 303
1580372528 328 24 304
1580378199 329 24 305
1580378646 330 25 305
1580379102 331 25 306
1580380689 332 25 307
1580381070 333 25 308
1580381504 334 25 309
1580383871 335 25 310
1580386391 336 25 311
1580389339 337 25 312
1580390124 338 25 313
1580393195 338 26 312
1580393334 339 26 313
1580396988 340 26 314
1580397439 341 26 315
1580404348 342 26 316
1580418110 343 26 317
1580418279 344 26 318
1580419059 345 26 319
1580420960 346 26 320
1580425672 347 26 321
1580460065 348 26 322
1580461280 349 26 323
1580464664 350 27 323
1580468550 351 27 324
1580472199 351 28 323
1580472399 352 28 324
1580473279 353 28 325
1580474163 354 28 326
1580477055 355 28 327
1580478927 356 28 328
1580484853 357 28 329
1580487904 358 28 330
1580489721 358 29 329
1580494200 359 29 330
1580495775 360 29 331
1580495851 361 29 332
1580497424 362 30 332
1580499769 362 31 331
1580503648 363 31 332
1580503712 364 31 333
1580505690 365 31 334
1580518207 366 31 335
1580523931 366 32 334
1580545588 367 32 335
1580546975 368 32 336
1580547601 369 32 337
1580549137 369 33 336
1580549272 370 33 337
1580554637 371 34 337
1580555486 372 34 338
1580559931 373 34 339
1580563178 374 34 340
1580571642 375 34 341
1580596569 376 34 342
1580597746 377 34 343
1580602005 378 34 344
1580611880 379 34 345
1580615662 380 34 346
1580641210 381 34 347
1580641805 382 34 348
1580645299 383 34 349
1580647089 384 34 350
1580654725 385 34 351
1580655562 386 34 352
1580659674 387 34 353
1580673381 388 34 354
1580682687 389 34 355
1580684741 390 34 356
1580699492 391 34 357
1580716630 392 34 358
1580721735 393 34 359
1580724385 394 34 360
1580726052 394 35 359
1580728884 395 35 360
1580740545 396 35 361
1580740922 397 35 362
1580743245 397 36 361
1580744082 398 36 362
1580748471 399 36 363
1580758515 399 37 362
1580762786 400 37 363
1580763051 401 37 364
1580768440 402 37 365
1580772379 403 37 366
1580802759 404 37 367
1580819039 404 38 366
1580819234 405 38 367
1580825801 406 38 368
1580836548 407 38 369
1580837864 408 38 370
1580843552 409 39 370
1580858244 410 39 371
1580866186 411 39 372
1580889641 412 39 373
1580905759 413 39 374
1580908682 413 40 373
1580913537 414 40 374
1580916749 415 40 375
1580920567 416 40 376
1580921681 417 40 377
1580921851 418 40 378
1580927084 419 40 379
1580936329 420 40 380
1580978260 421 40 381
1580986937 422 40 382
1580995182 422 41 381
1581010663 423 41 382
1581061851 424 41 383
1581070613 425 41 384
1581072844 426 41 385
1581074277 427 41 386
1581086123 428 41 387
1581094415 429 41 388
1581098706 430 42 388
1581101146 430 43 387
1581118315 431 43 388
1581119816 432 43 389
1581157548 433 43 390
1581158479 434 43 391
1581159381 435 43 392
1581159953 436 43 393
1581161411 437 43 394
1581162629 438 43 395
1581172511 439 43 396
1581176407 440 44 396
1581177359 441 44 397
1581181207 442 44 398
1581183489 443 44 399
1581187306 444 44 400
1581188385 445 44 401
1581193042 446 44 402
1581195345 447 44 403
1581246862 447 45 402
1581324821 448 45 403
1581331161 449 45 404
1581331394 450 45 405
1581334312 451 45 406
1581339543 452 45 407
1581352644 453 45 408
1581357967 454 45 409
1581370515 455 46 409
1581412981 456 46 410
1581414559 457 46 411
1581419656 458 46 412
1581428997 459 46 413
1581429752 460 46 414
1581435264 461 46 415
1581442081 462 46 416
1581444549 462 47 415
1581445993 463 47 416
1581449554 464 47 417
1581450308 465 48 417
1581496171 466 48 418
1581509957 467 48 419
1581513139 468 48 420
1581546660 469 48 421
1581581725 470 49 421
1581582731 471 49 422
1581585241 472 49 423
1581585824 473 49 424
1581594387 474 50 424
1581602748 474 51 423
1581610854 475 51 424
1581612353 476 51 425
1581635783 477 51 426
1581646190 478 51 427
1581679386 479 51 428
1581763985 479 52 427
1581770395 480 52 428
1581771472 481 52 429
1581772653 481 53 428
1581798034 482 53 429
1581815667 482 54 428
1581884638 483 54 429
1581924361 484 54 430
1581943066 485 54 431
1581953185 486 54 432
1581983608 487 54 433
1581998295 488 54 434
1582116561 489 54 435
1582141950 490 54 436
1582220672 491 54 437
1582272984 492 54 438
1582282745 493 54 439
1582284629 494 54 440
1582297797 494 55 439
1582300763 494 56 438
1582305253 494 57 437
1582326576 495 57 438
1582377942 496 57 439
1582383005 496 58 438
1582385296 497 58 439
1582390772 498 58 440
1582391951 499 58 441
1582396817 500 58 442
1582400298 500 59 441
1582402425 501 59 442
1582410431 502 59 443
1582420665 503 59 444
1582423902 504 59 445
1582456071 505 59 446
1582457845 506 60 446
1582461884 507 60 447
1582463236 508 60 448
1582470192 508 61 447
1582481657 508 62 446
1582482830 509 62 447
1582483015 510 62 448
1582495509 510 63 447
1582497493 511 63 448
1582497549 512 63 449
1582505683 512 64 448
1582535958 513 64 449
1582537820 514 64 450
1582541025 515 64 451
1582541375 516 64 452
1582543938 516 65 451
1582544318 517 66 451
1582546289 518 66 452
1582547431 519 66 453
1582549050 520 66 454
1582549138 521 66 455
1582549914 522 66 456
1582554319 523 66 457
1582555618 524 66 458
1582555659 525 66 459
1582555762 526 66 460
1582558310 527 66 461
1582558442 528 66 462
1582559505 529 66 463
1582561004 530 66 464
1582561573 531 66 465
1582561978 532 66 466
1582562195 533 66 467
1582562717 534 66 468
1582563983 535 66 469
1582565270 536 66 470
1582565759 537 66 471
1582568627 538 66 472
1582571134 539 66 473
1582573286 540 66 474
1582573993 541 66 475
1582575979 542 66 476
1582581666 543 66 477
1582598944 544 66 478
1582614333 545 66 479
1582615975 546 66 480
1582620595 547 66 481
1582622443 548 66 482
1582627726 549 66 483
1582628433 549 67 482
1582628613 550 67 483
1582629053 551 67 484
1582630446 552 67 485
1582630853 553 67 486
1582631966 554 67 487
1582633462 555 67 488
1582638628 556 68 488
1582638763 557 68 489
1582640340 558 68 490
1582641162 559 68 491
1582642459 560 68 492
1582643188 561 68 493
1582645706 562 68 494
1582646299 563 68 495
1582647538 563 69 494
1582648592 564 69 495
1582650461 565 69 496
1582651225 566 69 497
1582655012 567 69 498
1582655306 568 69 499
1582655367 569 69 500
1582659266 570 69 501
1582659301 571 70 501
1582662828 572 70 502
1582665550 573 70 503
1582666546 574 70 504
1582668436 575 70 505
1582673226 576 70 506
1582673343 577 71 506
1582673658 577 72 505
1582702480 578 73 505
1582712684 579 73 506
1582714369 580 73 507
1582715238 581 73 508
1582715729 582 73 509
1582716039 583 73 510
1582717298 584 73 511
1582720744 585 73 512
1582722355 586 73 513
1582724283 587 73 514
1582724605 588 73 515
1582725429 589 73 516
1582728811 590 73 517
1582730322 591 73 518
1582731038 591 74 517
1582732492 592 74 518
1582732619 593 75 518
1582732714 594 75 519
1582733327 594 76 518
1582733528 595 76 519
1582734922 596 76 520
1582735067 597 76 521
1582735408 598 76 522
1582735601 599 76 523
1582736182 600 76 524
1582737595 601 76 525
1582738899 602 76 526
1582739226 603 76 527
1582740609 604 76 528
1582744299 605 77 528
1582745431 606 77 529
1582747271 607 77 530
1582750213 607 78 529
1582752458 608 78 530
1582753999 609 78 531
1582754587 610 78 532
1582754765 611 78 533
1582755496 612 78 534
1582781146 613 78 535
1582785858 614 78 536
1582786046 615 78 537
1582795284 616 78 538
1582797060 617 78 539
1582797451 618 78 540
1582797889 619 78 541
1582799164 620 78 542
1582801259 621 78 543
1582802861 622 78 544
1582803516 623 78 545
1582805661 624 78 546
1582806431 625 78 547
1582809112 626 78 548
1582809645 627 78 549
1582810821 628 78 550
1582811578 629 79 550
1582811752 630 79 551
1582818178 631 79 552
1582822971 632 79 553
1582826009 633 79 554
1582827871 634 79 555
1582833326 635 79 556
1582836786 636 79 557
1582837282 637 79 558
1582838314 638 79 559
1582838841 639 79 560
1582839768 640 79 561
1582841199 641 79 562
1582841279 642 79 563
1582842132 643 79 564
1582843507 644 79 565
1582843895 645 79 566
1582846870 646 79 567
1582847664 647 79 568
1582849603 648 79 569
1582851554 649 79 570
1582854281 650 79 571
1582855276 650 80 570
1582870865 651 80 571
1582872089 652 80 572
1582873197 653 80 573
1582876968 654 80 574
1582879735 655 80 575
1582880484 656 80 576
1582880893 657 80 577
1582882183 658 80 578
1582882889 659 80 579
1582883419 659 81 578
1582883645 660 81 579
1582883970 661 81 580
1582884112 662 81 581
1582885933 662 82 580
1582886279 663 82 581
1582886664 664 82 582
1582887068 665 82 583
1582888323 666 82 584
1582888836 667 82 585
1582889001 668 82 586
1582890578 669 82 587
1582891735 670 82 588
1582893249 671 82 589
1582894109 672 82 590
1582897018 673 82 591
1582899158 674 82 592
1582899172 675 82 593
1582900772 676 82 594
1582901583 677 82 595
1582901972 678 82 596
1582902555 679 82 597
1582903999 680 82 598
1582906321 681 82 599
1582909276 682 82 600
1582911754 683 82 601
1582911812 683 83 600
1582912062 684 84 600
1582913556 685 84 601
1582918759 686 84 602
1582918892 687 84 603
1582919023 688 84 604
1582919717 689 84 605
1582920244 690 84 606
1582922532 690 85 605
1582922689 691 85 606
1582923317 692 85 607
1582923575 693 85 608
1582923783 694 85 609
1582928171 695 85 610
1582931983 696 85 611
1582933156 697 85 612
1582935651 698 85 613
1582939292 699 85 614
1582957039 700 86 614
1582959634 701 86 615
1582960509 702 86 616
1582962218 703 86 617
1582962507 704 86 618
1582967196 705 86 619
1582972173 706 86 620
1582973475 707 86 621
1582974341 708 86 622
1582976265 709 86 623
1582976268 710 86 624
1582978340 711 86 625
1582986017 712 86 626
1582986686 713 86 627
1582987636 714 86 628
1582990379 715 86 629
1582990926 716 86 630
1582991655 716 87 629
1582992395 717 87 630
1582992628 718 87 631
1582993180 719 87 632
1582994276 720 87 633
1582998494 721 87 634
1582999454 721 88 633
1582999938 722 88 634
1583000348 723 88 635
1583000756 724 89 635
1583002524 725 89 636
1583002858 725 90 635
1583005014 726 90 636
1583005185 727 90 637
1583005572 728 90 638
1583006131 729 90 639
1583006155 730 90 640
1583006481 731 90 641
1583010269 732 90 642
1583010636 733 90 643
1583010946 734 90 644
1583011724 735 90 645
1583013290 736 90 646
1583013644 737 90 647
1583015969 738 90 648
1583017232 739 90 649
1583018787 740 90 650
1583021646 741 90 651
1583044078 742 90 652
1583049042 743 90 653
1583055749 743 91 652
1583058550 744 91 653
1583061724 745 91 654
1583062578 746 91 655
1583064891 746 92 654
1583065191 747 92 655
1583072042 748 92 656
1583074110 749 92 657
1583077462 750 92 658
1583080027 751 92 659
1583082260 752 92 660
1583083304 753 92 661
1583084335 754 92 662
1583085795 755 92 663
1583087673 756 92 664
1583089711 757 92 665
1583090422 758 92 666
1583090849 759 92 667
1583091164 760 92 668
1583091777 761 92 669
1583091915 762 92 670
1583093498 763 92 671
1583093790 764 92 672
1583093841 765 92 673
1583095000 766 92 674
1583100276 767 92 675
1583100396 768 92 676
1583101696 769 92 677
1583102192 770 92 678
1583103340 771 92 679
1583105552 772 92 680
1583108849 773 92 681
1583115640 774 92 682
1583131695 775 92 683
1583132180 776 93 683
1583132608 777 93 684
1583136924 778 93 685
1583142250 779 93 686
1583143474 779 94 685
1583143847 780 94 686
1583148676 781 94 687
1583148926 782 94 688
1583151672 783 94 689
1583151695 784 94 690
1583151823 785 94 691
1583153334 786 94 692
1583154010 787 94 693
1583155665 788 94 694
1583155695 789 94 695
1583156047 790 94 696
1583157797 791 94 697
1583158490 792 94 698
1583159875 793 94 699
1583160067 794 95 699
1583162859 795 95 700
1583164380 796 95 701
1583165324 797 95 702
1583166187 798 96 702
1583167820 799 96 703
1583168212 800 96 704
1583168388 801 96 705
1583168876 802 96 706
1583170301 803 96 707
1583170607 804 97 707
1583170657 805 97 708
1583176121 806 97 709
1583176819 807 97 710
1583181768 808 97 711
1583184677 809 97 712
1583184726 810 97 713
1583184797 811 97 714
1583185240 812 98 714
1583186026 813 98 715
1583186484 814 98 716
1583186961 815 98 717
1583187874 816 98 718
1583189093 817 98 719
1583189296 817 99 718
1583190945 818 99 719
1583192071 818 100 718
1583193331 819 100 719
1583193843 820 100 720
1583196207 821 100 721
1583198653 822 100 722
1583220371 823 100 723
1583226444 824 100 724
1583228104 824 101 723
1583228639 825 101 724
1583233159 826 101 725
1583235269 827 101 726
1583238361 828 101 727
1583238806 829 101 728
1583239491 830 101 729
1583239723 831 101 730
1583240739 832 101 731
1583241226 833 101 732
1583244336 834 101 733
1583246002 835 101 734
1583246120 835 102 733
1583246336 836 102 734
1583247714 837 102 735
1583249219 838 103 735
1583249276 839 103 736
1583249692 839 104 735
1583254819 840 104 736
1583255173 841 104 737
1583257851 842 104 738
1583260664 843 104 739
1583261701 844 105 739
1583265172 845 106 739
1583265571 846 106 740
1583265761 847 106 741
1583266056 848 106 742
1583266872 849 106 743
1583268079 850 106 744
1583269982 851 106 745
1583271259 852 106 746
1583271873 853 106 747
1583278055 854 106 748
1583279920 855 106 749
1583306960 856 107 749
1583307812 857 107 750
1583312153 858 107 751
1583315881 858 108 750
1583316804 859 108 751
1583317177 859 109 750
1583317287 860 109 751
1583317526 861 109 752
1583322666 862 109 753
1583323546 863 109 754
1583324701 864 109 755
1583326008 865 109 756
1583326796 866 109 757
1583326851 867 109 758
1583329707 868 109 759
1583329766 869 109 760
1583332387 870 109 761
1583332629 870 110 760
1583333553 871 110 761
1583333785 872 111 761
1583335222 873 111 762
1583335783 874 111 763
1583337199 875 111 764
1583337975 876 111 765
1583338335 877 112 765
1583344069 878 112 766
1583346646 879 112 767
1583347076 880 112 768
1583348858 881 112 769
1583350184 882 113 769
1583351101 882 114 768
1583352957 883 114 769
1583353853 884 114 770
1583359476 885 114 771
1583359624 886 114 772
1583364588 887 114 773
1583372542 888 115 773
1583380549 889 116 773
1583387023 890 116 774
1583390165 891 116 775
1583391427 892 116 776
1583396050 893 116 777
1583397004 894 116 778
1583398157 895 116 779
1583398264 896 116 780
1583399990 897 116 781
1583401182 897 117 780
1583402131 898 117 781
1583404628 899 118 781
1583404933 900 119 781
1583405206 901 120 781
1583405779 902 120 782
1583407969 903 120 783
1583410520 904 120 784
1583410746 905 120 785
1583410899 905 121 784
1583411088 906 121 785
1583411412 906 122 784
1583413297 907 122 785
1583413520 908 122 786
1583415044 908 123 785
1583415867 909 123 786
1583417396 910 123 787
1583420357 911 124 787
1583421541 912 125 787
1583423911 913 125 788
1583425307 913 126 787
1583425391 914 126 788
1583426054 915 126 789
1583426515 916 126 790
1583428076 917 126 791
1583431629 918 126 792
1583432622 919 127 792
1583432997 920 127 793
1583434109 921 127 794
1583437042 922 127 795
1583437268 923 127 796
1583437934 924 127 797
1583438645 925 127 798
1583439390 926 128 798
1583440606 927 128 799
1583442074 928 128 800
1583444599 929 129 800
1583444894 930 129 801
1583446175 931 129 802
1583448634 932 129 803
1583451252 933 129 804
1583455362 934 129 805
1583456117 935 129 806
1583460415 936 129 807
1583460686 936 130 806
1583476393 937 130 807
1583481795 938 130 808
1583482837 939 130 809
1583486516 940 130 810
1583487723 941 130 811
1583487750 942 130 812
1583488161 943 130 813
1583489104 944 130 814
1583489620 945 130 815
1583490809 946 130 816
1583491793 947 130 817
1583493356 948 130 818
1583494195 949 131 818
1583494710 949 132 817
1583495923 949 133 816
1583498447 950 134 816
1583500140 950 135 815
1583500372 951 135 816
1583500416 951 136 815
1583502357 952 136 816
1583502776 953 136 817
1583502942 954 136 818
1583503109 955 136 819
1583504046 956 136 820
1583504220 957 136 821
1583506390 958 136 822
1583506817 959 136 823
1583507314 959 137 822
1583507778 960 137 823
1583507851 961 137 824
1583508542 962 137 825
1583512801 963 138 825
1583516683 964 138 826
1583518309 965 138 827
1583521109 965 139 826
1583521633 966 140 826
1583523014 967 140 827
1583523508 968 140 828
1583525044 969 140 829
1583525210 970 141 829
1583526375 971 141 830
1583531166 972 142 830
1583533921 973 142 831
1583538214 974 142 832
1583539557 975 143 832
1583543124 976 143 833
1583548163 977 143 834
1583566841 977 144 833
1583570868 978 144 834
1583572314 979 144 835
1583572469 980 144 836
1583574314 981 144 837
1583580628 982 144 838
1583584152 983 144 839
1583584677 984 144 840
1583587384 985 144 841
1583589852 986 144 842
1583594211 987 144 843
1583594830 987 145 842
1583596315 988 145 843
1583599326 989 145 844
1583600255 989 146 843
1583601605 990 146 844
1583604168 991 146 845
1583608959 992 146 846
1583609464 993 146 847
1583611726 994 146 848
1583613775 995 146 849
1583614769 996 146 850
1583614870 997 146 851
1583615655 998 146 852
1583616071 999 146 853
1583619428 1000 146 854
1583624422 1000 147 853
1583625565 1001 148 853
1583625739 1002 148 854
1583633920 1003 148 855
1583637915 1004 149 855
1583638146 1005 149 856
1583646243 1006 150 856
1583655198 1007 150 857
1583660557 1008 150 858
1583662122 1009 150 859
1583663416 1010 150 860
1583667935 1011 151 860
1583669007 1012 151 861
1583669446 1012 152 860
1583670517 1013 153 860
1583672828 1014 153 861
1583673059 1015 153 862
1583673226 1016 153 863
1583675607 1017 153 864
1583676446 1017 154 863
1583677825 1017 155 862
1583679377 1018 155 863
1583680251 1019 155 864
1583680914 1020 155 865
1583684085 1021 155 866
1583685229 1022 155 867
1583690335 1023 155 868
1583691520 1023 156 867
1583692576 1024 156 868
1583694339 1025 156 869
1583696359 1026 156 870
1583696780 1027 156 871
1583699910 1028 156 872
1583700177 1029 156 873
1583702115 1029 157 872
1583703376 1030 157 873
1583703907 1030 158 872
1583706195 1031 158 873
1583706383 1032 158 874
1583706602 1033 158 875
1583709824 1034 158 876
1583711113 1035 159 876
1583712011 1035 160 875
1583713283 1036 161 875
1583715360 1037 162 875
1583724944 1038 162 876
1583734573 1039 162 877
1583737708 1040 162 878
1583744677 1041 162 879
1583744788 1042 162 880
1583745880 1043 162 881
1583746584 1044 163 881
1583749610 1044 164 880
1583755915 1045 164 881
1583757348 1046 164 882
1583757420 1047 164 883
1583761852 1048 164 884
1583762414 1049 164 885
1583763398 1050 164 886
1583763567 1051 164 887
1583764156 1051 165 886
1583764352 1051 166 885
1583767396 1052 166 886
1583768343 1053 167 886
1583768722 1054 167 887
1583770805 1055 167 888
1583771803 1056 168 888
1583771869 1057 168 889
1583772231 1058 168 890
1583772333 1059 168 891
1583772465 1060 169 891
1583776537 1061 170 891
1583778825 1062 170 892
1583782810 1063 171 892
1583782888 1064 171 893
1583783036 1064 172 892
1583784344 1065 172 893
1583785090 1066 172 894
1583785928 1067 173 894
1583786999 1068 173 895
1583787396 1069 173 896
1583790111 1070 173 897
1583790496 1071 173 898
1583791485 1072 173 899
1583794288 1073 173 900
1583794469 1073 174 899
1583795516 1074 174 900
1583799918 1075 174 901
1583800180 1076 174 902
1583800460 1077 174 903
1583801264 1078 174 904
1583816476 1079 174 905
1583826500 1080 174 906
1583827615 1081 174 907
1583830685 1082 174 908
1583832091 1083 174 909
1583832986 1084 174 910
1583834461 1085 174 911
1583836407 1086 174 912
1583839480 1087 175 912
1583839881 1088 175 913
1583840635 1089 176 913
1583841059 1090 177 913
1583842421 1091 177 914
1583843509 1092 177 915
1583844279 1092 178 914
1583844807 1093 178 915
1583844963 1094 178 916
1583847478 1095 179 916
1583848213 1096 179 917
1583849807 1097 179 918
1583853754 1098 179 919
1583855305 1099 180 919
1583855713 1100 180 920
1583856640 1100 181 919
1583858352 1100 182 918
1583859888 1101 182 919
1583863946 1102 183 919
1583865779 1103 183 920
1583866945 1104 183 921
1583870780 1105 183 922
1583871132 1105 184 921
1583871684 1106 184 922
1583875649 1106 185 921
1583878710 1106 186 920
1583879120 1106 187 919
1583879941 1106 188 918
1583892066 1106 189 917
1583898259 1107 189 918
1583911358 1108 189 919
1583912331 1109 189 920
1583912791 1109 190 919
1583912883 1110 190 920
1583913184 1111 190 921
1583916382 1112 190 922
1583918962 1113 190 923
1583920638 1114 191 923
1583922046 1115 191 924
1583930823 1115 192 923
1583931353 1116 192 924
1583932692 1116 193 923
1583933197 1117 193 924
1583934954 1118 194 924
1583937801 1119 195 924
1583938691 1119 196 923
1583940791 1120 196 924
1583941386 1121 196 925
1583945865 1122 196 926
1583947908 1123 196 927
1583949421 1124 196 928
1583949647 1125 196 929
1583951652 1126 196 930
1583952568 1127 196 931
1583953323 1128 196 932
1583954390 1129 196 933
1583954753 1130 196 934
1583957008 1131 196 935
1583958576 1132 196 936
1583961415 1133 196 937
1583961419 1134 196 938
1583961950 1135 196 939
1583963329 1136 196 940
1583963615 1137 196 941
1583964215 1138 196 942
1583965735 1139 196 943
1583968352 1140 196 944
1583969483 1141 196 945
1583969544 1142 196 946
1583970080 1143 196 947
1583970214 1143 197 946
1583970439 1143 198 945
1583971804 1144 199 945
1583973557 1145 199 946
1583974878 1146 200 946
1583976073 1147 201 946
1583980767 1148 201 947
1583980807 1149 201 948
1583988858 1150 201 949
1583989126 1151 202 949
1583992428 1152 202 950
1583998030 1152 203 949
1583998732 1153 203 950
1584000090 1154 203 951
1584000892 1155 203 952
1584001484 1156 203 953
1584003074 1157 203 954
1584003561 1157 204 953
1584003794 1158 204 954
1584006991 1158 205 953
1584007557 1159 206 953
1584007776 1160 206 954
1584008348 1161 206 955
1584009266 1162 206 956
1584009297 1163 206 957
1584009316 1164 206 958
1584009865 1165 206 959
1584011401 1166 206 960
1584011732 1166 207 959
1584012897 1167 207 960
1584013359 1168 208 960
1584013582 1169 208 961
1584014054 1169 209 960
1584014076 1170 209 961
1584014524 1170 210 960
1584017842 1171 211 960
1584019384 1172 212 960
1584020001 1173 213 960
1584021612 1174 213 961
1584022009 1175 213 962
1584022269 1176 213 963
1584023750 1176 214 962
1584023796 1176 215 961
1584024031 1177 215 962
1584025706 1178 215 963
1584025998 1179 215 964
1584029582 1180 216 964
1584030426 1181 216 965
1584030778 1182 216 966
1584033341 1183 216 967
1584033602 1184 216 968
1584033901 1184 217 967
1584033976 1184 218 966
1584034509 1184 219 965
1584034728 1184 220 964
1584035120 1185 220 965
1584036545 1186 220 966
1584039510 1187 220 967
1584039668 1188 220 968
1584040451 1189 220 969
1584041336 1190 220 970
1584042253 1191 220 971
1584042361 1192 220 972
1584042823 1193 220 973
1584043275 1194 220 974
1584043316 1195 220 975
1584043330 1196 220 976
1584043351 1197 220 977
1584043367 1198 220 978
1584043391 1199 220 979
1584043427 1200 220 980
1584043476 1201 221 980
1584043515 1202 221 981
1584043579 1202 222 980
1584043613 1202 223 979
1584043631 1203 223 980
1584043646 1204 223 981
1584043738 1205 223 982
1584043765 1206 223 983
1584043816 1207 223 984
1584044318 1208 224 984
1584044373 1209 225 984
1584044405 1210 225 985
1584044722 1211 225 986
1584044771 1211 226 985
1584044814 1212 226 986
1584044872 1213 226 987
1584045196 1214 226 988
1584045197 1214 227 987
1584045216 1215 228 987
1584045454 1216 228 988
1584045733 1217 228 989
1584047255 1218 228 990
1584047733 1219 228 991
1584047857 1220 228 992
1584047957 1221 228 993
1584048272 1222 228 994
1584048352 1222 229 993
1584048628 1222 230 992
1584048723 1222 231 991
1584048799 1223 232 991
1584048984 1224 232 992
1584049489 1225 232 993
1584049823 1226 232 994
1584049956 1226 233 993
1584050059 1227 233 994
1584050165 1228 233 995
1584050949 1229 233 996
1584051150 1230 234 996
1584051350 1231 234 997
1584052701 1232 235 997
1584052927 1233 235 998
1584053131 1234 235 999
1584053287 1234 236 998
1584054673 1234 237 997
1584054807 1235 237 998
1584055601 1236 237 999
1584055645 1237 237 1000
1584055882 1237 238 999
1584056053 1238 238 1000
1584057057 1239 238 1001
1584057757 1240 238 1002
1584058197 1240 239 1001
1584058218 1240 240 1000
1584058901 1241 240 1001
1584059485 1242 240 1002
1584059534 1242 241 1001
1584059849 1243 241 1002
1584060080 1244 241 1003
1584071834 1245 241 1004
1584075439 1246 241 1005
1584078894 1246 242 1004
1584079510 1247 242 1005
1584079568 1248 242 1006
1584080401 1249 242 1007
1584080793 1249 243 1006
1584081554 1250 244 1006
1584081709 1250 245 1005
1584082531 1251 246 1005
1584083341 1252 246 1006
1584084281 1252 247 1005
1584085092 1252 248 1004
1584085765 1252 249 1003
1584086879 1252 250 1002
1584086989 1252 251 1001
1584087096 1253 252 1001
1584088091 1254 252 1002
1584088150 1255 252 1003
1584089990 1255 253 1002
1584090231 1256 253 1003
1584091257 1257 253 1004
1584091837 1257 254 1003
1584092550 1258 254 1004
1584093655 1259 254 1005
1584094450 1260 254 1006
1584094897 1260 255 1005
1584094972 1260 256 1004
1584095317 1261 256 1005
1584096938 1262 256 1006
1584097666 1262 257 1005
1584098998 1263 258 1005
1584100275 1264 258 1006
1584101571 1264 259 1005
1584101767 1265 259 1006
1584102150 1266 259 1007
1584102189 1266 260 1006
1584102244 1266 261 1005
1584102553 1267 261 1006
1584103709 1267 262 1005
1584103898 1267 263 1004
1584104734 1267 264 1003
1584104796 1268 264 1004
1584105279 1269 264 1005
1584106094 1270 264 1006
1584106438 1271 264 1007
1584106816 1272 265 1007
1584107665 1273 265 1008
1584107847 1273 266 1007
1584108929 1273 267 1006
1584109342 1273 268 1005
1584109653 1274 268 1006
1584109833 1274 269 1005
1584110896 1275 269 1006
1584111736 1275 270 1005
1584111891 1276 270 1006
1584113521 1276 271 1005
1584114441 1277 272 1005
1584114458 1278 272 1006
1584114743 1278 273 1005
1584114937 1279 273 1006
1584117027 1279 274 1005
1584117504 1279 275 1004
1584118451 1280 275 1005
1584119351 1281 275 1006
1584119973 1281 276 1005
1584120060 1281 277 1004
1584120100 1281 278 1003
1584120803 1282 278 1004
1584122433 1283 278 1005
1584122583 1284 278 1006
1584124407 1284 279 1005
1584125525 1285 279 1006
1584125721 1286 280 1006
1584125944 1287 280 1007
1584126035 1287 281 1006
1584126229 1288 281 1007
1584127174 1289 281 1008
1584127716 1290 281 1009
1584128617 1291 282 1009
1584129430 1292 282 1010
1584130040 1292 283 1009
1584131970 1293 283 1010
1584132939 1294 283 1011
1584133610 1295 283 1012
1584135937 1296 284 1012
1584136241 1297 284 1013
1584136491 1298 284 1014
1584136753 1299 284 1015
1584137422 1300 284 1016
1584137585 1301 285 1016
1584137812 1302 285 1017
1584137986 1303 285 1018
1584138104 1304 286 1018
1584139076 1304 287 1017
1584139102 1305 287 1018
1584139428 1305 288 1017
1584139885 1305 289 1016
1584140004 1306 289 1017
1584141095 1307 290 1017
1584142729 1307 291 1016
1584145853 1308 291 1017
1584147330 1309 291 1018
1584149891 1310 291 1019
1584162471 1310 292 1018
1584166434 1311 292 1019
1584176087 1312 292 1020
1584177771 1313 292 1021
1584179949 1314 292 1022
1584181088 1315 293 1022
1584181360 1316 293 1023
1584181985 1317 293 1024
1584183437 1318 293 1025
1584184029 1319 293 1026
1584184613 1320 293 1027
1584185351 1320 294 1026
1584186496 1321 294 1027
1584186875 1322 294 1028
1584187272 1323 294 1029
1584189358 1324 295 1029
1584189688 1325 295 1030
1584190967 1326 295 1031
1584192597 1326 296 1030
1584192993 1327 296 1031
1584193804 1328 297 1031
1584194806 1329 298 1031
1584196516 1330 298 1032
1584196519 1331 298 1033
1584196982 1332 298 1034
1584197030 1333 298 1035
1584198538 1334 298 1036
1584199975 1334 299 1035
1584201100 1335 299 1036
1584201823 1336 299 1037
1584202022 1336 300 1036
1584202937 1337 300 1037
1584203493 1338 300 1038
1584206679 1338 301 1037
1584207487 1339 301 1038
1584209232 1340 301 1039
1584209496 1341 302 1039
1584209943 1342 302 1040
1584209993 1342 303 1039
1584210304 1342 304 1038
1584212096 1343 304 1039
1584213881 1344 304 1040
1584214174 1345 304 1041
1584214618 1346 305 1041
1584215183 1346 306 1040
1584215222 1347 306 1041
1584215272 1348 306 1042
1584215574 1349 306 1043
1584215953 1350 306 1044
1584216016 1351 306 1045
1584216111 1352 306 1046
1584217017 1353 307 1046
1584217074 1354 307 1047
1584217468 1355 307 1048
1584217510 1356 307 1049
1584217584 1357 307 1050
1584217661 1358 307 1051
1584217728 1359 307 1052
1584217938 1360 307 1053
1584218130 1361 307 1054
1584218398 1362 308 1054
1584218437 1363 308 1055
1584218595 1363 309 1054
1584218609 1364 309 1055
1584218747 1365 309 1056
1584218752 1366 309 1057
1584218757 1367 309 1058
1584218921 1368 309 1059
1584218926 1369 309 1060
1584218983 1369 310 1059
1584219041 1369 311 1058
1584219054 1370 311 1059
1584219264 1370 312 1058
1584219306 1371 313 1058
1584219668 1371 314 1057
1584219923 1372 314 1058
1584220291 1373 315 1058
1584220401 1374 315 1059
1584220750 1375 315 1060
1584220857 1376 316 1060
1584220896 1377 316 1061
1584221024 1377 317 1060
1584221080 1378 317 1061
1584221491 1379 317 1062
1584221565 1380 317 1063
1584221656 1381 318 1063
1584221664 1382 318 1064
1584221734 1383 318 1065
1584222221 1384 318 1066
1584222342 1385 318 1067
1584222407 1386 318 1068
1584223121 1387 318 1069
1584223446 1388 318 1070
1584223522 1389 318 1071
1584223806 1390 318 1072
1584224552 1391 318 1073
1584224661 1391 319 1072
1584224728 1392 319 1073
1584225157 1393 319 1074
1584225463 1394 319 1075
1584225803 1394 320 1074
1584225948 1395 320 1075
1584226030 1396 320 1076
1584226387 1397 320 1077
1584226730 1398 320 1078
1584227310 1399 320 1079
1584228224 1400 320 1080
1584228448 1401 320 1081
1584228655 1402 320 1082
1584228709 1403 321 1082
1584228762 1404 322 1082
1584229107 1404 323 1081
1584230402 1404 324 1080
1584230471 1405 325 1080
1584230508 1406 325 1081
1584230633 1407 325 1082
1584231105 1408 325 1083
1584231127 1409 325 1084
1584231787 1409 326 1083
1584231836 1410 326 1084
1584232760 1411 326 1085
1584233485 1412 326 1086
1584233602 1413 326 1087
1584234405 1414 326 1088
1584234754 1414 327 1087
1584235319 1415 327 1088
1584235329 1416 327 1089
1584235456 1417 327 1090
1584235846 1418 327 1091
1584236160 1419 327 1092
1584237774 1420 327 1093
1584243269 1420 328 1092
1584252017 1421 328 1093
1584254250 1422 329 1093
1584256800 1423 329 1094
1584258453 1424 329 1095
1584259587 1425 330 1095
1584259794 1426 330 1096
1584259941 1427 330 1097
1584261510 1428 331 1097
1584261600 1429 331 1098
1584261735 1430 331 1099
1584263044 1431 331 1100
1584263125 1432 331 1101
1584263314 1433 331 1102
1584263727 1434 331 1103
1584264458 1434 332 1102
1584265206 1434 333 1101
1584265334 1435 333 1102
1584266719 1436 333 1103
1584267366 1437 333 1104
1584267732 1437 334 1103
1584268067 1438 334 1104
1584268285 1439 334 1105
1584268451 1440 334 1106
1584268453 1441 334 1107
1584269030 1441 335 1106
1584269354 1442 335 1107
1584269669 1442 336 1106
1584271431 1443 336 1107
1584271621 1444 336 1108
1584271870 1445 336 1109
1584271991 1446 337 1109
1584272080 1447 337 1110
1584272379 1448 337 1111
1584272453 1449 337 1112
1584273427 1450 337 1113
1584273550 1450 338 1112
1584273705 1451 338 1113
1584273731 1452 338 1114
1584273797 1453 338 1115
1584273824 1454 338 1116
1584274228 1455 338 1117
1584275060 1456 339 1117
1584275106 1457 339 1118
1584275526 1458 339 1119
1584275591 1458 340 1118
1584276423 1459 341 1118
1584276761 1459 342 1117
1584277364 1460 342 1118
1584279118 1461 342 1119
1584280143 1462 342 1120
1584280207 1463 343 1120
1584280658 1464 344 1120
1584280812 1464 345 1119
1584281015 1465 345 1120
1584281672 1465 346 1119
1584282464 1465 347 1118
1584282583 1466 347 1119
1584282818 1467 347 1120
1584283191 1468 347 1121
1584284060 1469 347 1122
1584284093 1470 347 1123
1584285493 1471 347 1124
1584285623 1471 348 1123
1584286075 1471 349 1122
1584286716 1471 350 1121
1584286721 1472 351 1121
1584287018 1473 351 1122
1584287107 1474 351 1123
1584287216 1474 352 1122
1584287449 1475 352 1123
1584287556 1476 352 1124
1584288969 1477 352 1125
1584289090 1477 353 1124
1584289329 1477 354 1123
1584289446 1478 354 1124
1584290342 1479 355 1124
1584291410 1480 355 1125
1584291824 1481 355 1126
1584292255 1482 355 1127
1584292483 1483 355 1128
1584292899 1484 356 1128
1584292998 1485 357 1128
1584293260 1486 357 1129
1584293396 1487 357 1130
1584293589 1488 358 1130
1584293641 1489 359 1130
1584293788 1490 359 1131
1584293921 1490 360 1130
1584294018 1491 360 1131
1584294123 1492 361 1131
1584294397 1493 361 1132
1584294643 1494 361 1133
1584294775 1495 361 1134
1584295196 1496 361 1135
1584295349 1497 361 1136
1584295423 1497 362 1135
1584295439 1497 363 1134
1584295528 1498 364 1134
1584295551 1499 364 1135
1584296028 1500 364 1136
1584296132 1501 365 1136
1584296615 1501 366 1135
1584297020 1502 366 1136
1584297051 1503 367 1136
1584297172 1504 367 1137
1584298000 1504 368 1136
1584298008 1504 369 1135
1584298096 1505 369 1136
1584298541 1506 369 1137
1584299300 1507 370 1137
1584299330 1508 370 1138
1584299397 1508 371 1137
1584299433 1509 371 1138
1584299743 1509 372 1137
1584300012 1509 373 1136
1584300024 1510 373 1137
1584300239 1511 373 1138
1584300878 1511 374 1137
1584301560 1512 375 1137
1584301598 1513 375 1138
1584302599 1514 375 1139
1584302925 1514 376 1138
1584303026 1514 377 1137
1584303481 1515 377 1138
1584303737 1516 377 1139
1584304546 1518 377 1141
1584304546 1518 377 1141
1584304863 1519 377 1142
1584304882 1520 377 1143
1584305241 1521 377 1144
1584305456 1522 377 1145
1584305477 1522 378 1144
1584305853 1522 379 1143
1584305965 1523 379 1144
1584306014 1524 379 1145
1584306050 1524 380 1144
1584306264 1524 381 1143
1584306689 1525 381 1144
1584307247 1526 382 1144
1584307335 1527 382 1145
1584307473 1528 383 1145
1584308454 1529 383 1146
1584308568 1529 384 1145
1584309219 1530 384 1146
1584310057 1531 384 1147
1584310339 1532 384 1148
1584310654 1533 385 1148
1584310953 1534 385 1149
1584311144 1534 386 1148
1584311800 1535 386 1149
1584311899 1536 386 1150
1584311959 1537 386 1151
1584311974 1537 387 1150
1584311980 1537 388 1149
1584312368 1538 389 1149
1584312433 1539 389 1150
1584312637 1540 390 1150
1584312895 1540 391 1149
1584313412 1541 391 1150
1584313855 1542 391 1151
1584314495 1543 391 1152
1584314586 1544 391 1153
1584314645 1544 392 1152
1584315039 1545 392 1153
1584316083 1545 393 1152
1584317224 1545 394 1151
1584317532 1545 395 1150
1584318455 1545 396 1149
1584318635 1546 396 1150
1584319413 1546 397 1149
1584319621 1546 398 1148
1584320675 1547 398 1149
1584320690 1547 399 1148
1584322414 1547 400 1147
1584322907 1548 400 1148
1584322974 1549 401 1148
1584324385 1550 402 1148
1584325782 1551 402 1149
1584328180 1551 403 1148
1584328234 1552 404 1148
1584328789 1553 404 1149
1584329646 1554 405 1149
1584330564 1554 406 1148
1584330838 1554 407 1147
1584332204 1554 408 1146
1584335305 1555 408 1147
1584339301 1556 408 1148
1584339578 1556 409 1147
1584341464 1557 410 1147
1584342243 1558 410 1148
1584342803 1559 410 1149
1584344526 1559 411 1148
1584344641 1560 412 1148
1584344840 1561 412 1149
1584345456 1562 412 1150
1584345854 1562 413 1149
1584346635 1563 413 1150
1584346691 1564 413 1151
1584346900 1564 414 1150
1584346978 1565 414 1151
1584347593 1566 414 1152
1584347607 1567 414 1153
1584347911 1568 414 1154
1584348544 1569 414 1155
1584348810 1570 414 1156
1584349090 1570 415 1155
1584349240 1571 415 1156
1584349513 1571 416 1155
1584349615 1572 416 1156
1584350474 1572 417 1155
1584351189 1573 417 1156
1584351422 1574 417 1157
1584352274 1575 417 1158
1584352706 1576 418 1158
1584352806 1577 419 1158
1584353819 1578 419 1159
1584354266 1579 419 1160
1584354402 1580 419 1161
1584355192 1581 419 1162
1584355466 1582 419 1163
1584355923 1583 419 1164
1584356336 1584 419 1165
1584356396 1585 419 1166
1584356462 1586 419 1167
1584356723 1587 419 1168
1584356886 1588 419 1169
1584357079 1589 419 1170
1584357467 1589 420 1169
1584357581 1589 421 1168
1584357590 1590 422 1168
1584357965 1591 422 1169
1584358281 1592 423 1169
1584358295 1593 424 1169
1584358947 1594 424 1170
1584359105 1595 424 1171
1584359226 1595 425 1170
1584359423 1596 426 1170
1584359497 1597 427 1170
1584359592 1598 428 1170
1584359750 1599 428 1171
1584359941 1599 429 1170
1584360103 1600 429 1171
1584360150 1601 429 1172
1584360349 1601 430 1171
1584360428 1602 430 1172
1584361423 1603 430 1173
1584361483 1603 431 1172
1584362027 1604 431 1173
1584362632 1605 431 1174
1584362677 1606 432 1174
1584362847 1607 432 1175
1584362882 1608 433 1175
1584363072 1609 433 1176
1584363080 1609 434 1175
1584363197 1610 434 1176
1584363248 1610 435 1175
1584363815 1611 436 1175
1584364160 1612 436 1176
1584364939 1613 436 1177
1584365561 1614 436 1178
1584365575 1615 436 1179
1584365990 1615 437 1178
1584366264 1615 438 1177
1584366717 1616 438 1178
1584368013 1617 438 1179
1584368017 1618 438 1180
1584368076 1619 438 1181
1584368328 1619 439 1180
1584369276 1619 440 1179
1584369361 1619 441 1178
1584369450 1619 442 1177
1584369862 1620 443 1177
1584369942 1621 443 1178
1584370980 1622 443 1179
1584371232 1623 443 1180
1584371310 1624 444 1180
1584371767 1624 445 1179
1584371875 1624 446 1178
1584372010 1625 446 1179
1584372211 1626 446 1180
1584372549 1627 447 1180
1584372850 1627 448 1179
1584373252 1627 449 1178
1584373283 1627 450 1177
1584373576 1628 450 1178
1584373657 1628 451 1177
1584373765 1629 451 1178
1584373969 1630 451 1179
1584373996 1631 451 1180
1584374093 1631 452 1179
1584374128 1631 453 1178
1584374307 1631 454 1177
1584374308 1631 455 1176
1584374705 1631 456 1175
1584374822 1632 456 1176
1584375396 1633 456 1177
1584375440 1634 457 1177
1584376089 1635 458 1177
1584376154 1635 459 1176
1584376233 1636 460 1176
1584376235 1637 460 1177
1584376760 1638 460 1178
1584376813 1638 461 1177
1584377004 1639 462 1177
1584377840 1640 463 1177
1584377924 1641 464 1177
1584378048 1642 465 1177
1584378341 1643 465 1178
1584378406 1644 465 1179
1584378488 1644 466 1178
1584379259 1645 466 1179
1584379345 1645 467 1178
1584379717 1646 468 1178
1584379972 1647 468 1179
1584379994 1648 468 1180
1584380038 1649 469 1180
1584380770 1649 470 1179
1584380773 1649 471 1178
1584380851 1649 472 1177
1584381613 1649 473 1176
1584382435 1650 473 1177
1584382656 1651 473 1178
1584382672 1652 473 1179
1584382801 1652 474 1178
1584383414 1653 474 1179
1584383468 1653 475 1178
1584383613 1653 476 1177
1584383664 1653 477 1176
1584383805 1653 478 1175
1584383981 1654 478 1176
1584384311 1655 478 1177
1584384715 1656 478 1178
1584384880 1657 478 1179
1584384918 1657 479 1178
1584385060 1658 479 1179
1584385111 1659 479 1180
1584385292 1660 480 1180
1584385630 1661 480 1181
1584385633 1662 480 1182
1584386217 1663 481 1182
1584386665 1663 482 1181
1584386768 1664 482 1182
1584386977 1665 482 1183
1584387142 1665 483 1182
1584387230 1665 484 1181
1584387555 1666 484 1182
1584388081 1667 485 1182
1584388104 1668 485 1183
1584388317 1669 485 1184
1584388646 1669 486 1183
1584388656 1670 487 1183
1584388677 1671 487 1184
1584389032 1671 488 1183
1584389086 1672 488 1184
1584389105 1672 489 1183
1584389134 1673 489 1184
1584389164 1674 489 1185
1584389209 1674 490 1184
1584389240 1674 491 1183
1584389290 1675 492 1183
1584389457 1676 492 1184
1584389629 1677 493 1184
1584389765 1677 494 1183
1584389802 1678 495 1183
1584389889 1678 496 1182
1584389937 1679 496 1183
1584390639 1679 497 1182
1584390792 1679 498 1181
1584390860 1679 499 1180
1584391129 1680 499 1181
1584391574 1680 500 1180
1584391646 1681 500 1181
1584391838 1682 501 1181
1584392009 1682 502 1180
1584392156 1682 503 1179
1584392180 1682 504 1178
1584392509 1683 505 1178
1584392522 1683 506 1177
1584392570 1684 506 1178
1584392665 1685 507 1178
1584393388 1685 508 1177
1584393432 1686 508 1178
1584393686 1687 508 1179
1584394071 1688 508 1180
1584394099 1688 509 1179
1584394251 1689 510 1179
1584394351 1690 510 1180
1584394426 1690 511 1179
1584395340 1691 511 1180
1584395914 1692 511 1181
1584396782 1693 511 1182
1584396903 1694 511 1183
1584397049 1695 512 1183
1584397062 1695 513 1182
1584397135 1696 513 1183
1584397184 1696 514 1182
1584397235 1697 514 1183
1584397371 1698 514 1184
1584397461 1698 515 1183
1584397656 1698 516 1182
1584397807 1698 517 1181
1584398021 1699 517 1182
1584398423 1700 517 1183
1584398612 1701 518 1183
1584398618 1702 519 1183
1584398698 1702 520 1182
1584398809 1703 520 1183
1584399170 1704 520 1184
1584399325 1705 520 1185
1584399535 1705 521 1184
1584399949 1705 522 1183
1584400031 1706 522 1184
1584400404 1707 522 1185
1584400427 1708 522 1186
1584400431 1708 523 1185
1584400460 1709 523 1186
1584400543 1709 524 1185
1584400720 1709 525 1184
1584400951 1710 525 1185
1584401321 1711 525 1186
1584401579 1711 526 1185
1584401803 1711 527 1184
1584402511 1712 527 1185
1584402626 1713 527 1186
1584402720 1713 528 1185
1584402814 1714 528 1186
1584403377 1715 529 1186
1584403668 1716 529 1187
1584404183 1717 529 1188
1584404481 1717 530 1187
1584404738 1718 531 1187
1584404799 1719 531 1188
1584411037 1720 532 1188
1584411260 1721 533 1188
1584416845 1721 534 1187
1584420174 1721 535 1186
1584420710 1721 536 1185
1584425548 1722 536 1186
1584425562 1723 536 1187
1584426658 1723 537 1186
1584428360 1724 537 1187
1584430319 1725 537 1188
1584430471 1726 537 1189
1584431436 1727 537 1190
1584431825 1727 538 1189
1584431867 1728 538 1190
1584432493 1728 539 1189
1584432776 1728 540 1188
1584433247 1729 540 1189
1584433268 1729 541 1188
1584433311 1730 542 1188
1584433729 1730 543 1187
1584433836 1730 544 1186
1584434399 1730 545 1185
1584434440 1730 546 1184
1584434985 1731 547 1184
1584435525 1732 547 1185
1584435979 1732 548 1184
1584436657 1733 548 1185
1584436945 1734 549 1185
1584436949 1734 550 1184
1584436958 1735 550 1185
1584438638 1736 550 1186
1584439057 1737 550 1187
1584441130 1738 550 1188
1584441871 1739 551 1188
1584442072 1740 551 1189
1584443285 1741 552 1189
1584443791 1741 553 1188
1584443821 1741 554 1187
1584443833 1742 555 1187
1584443922 1743 556 1187
1584444322 1744 556 1188
1584444634 1745 556 1189
1584444767 1745 557 1188
1584444816 1745 558 1187
1584445251 1746 559 1187
1584445633 1747 559 1188
1584445914 1747 560 1187
1584446266 1748 560 1188
1584446346 1749 560 1189
1584446451 1749 561 1188
1584446456 1749 562 1187
1584447219 1749 563 1186
1584447511 1750 563 1187
1584447611 1751 563 1188
1584447649 1752 563 1189
1584447698 1753 564 1189
1584448352 1754 564 1190
1584448433 1755 564 1191
1584448640 1755 565 1190
1584448666 1756 565 1191
1584449225 1757 565 1192
1584449275 1757 566 1191
1584450078 1758 567 1191
1584450208 1758 568 1190
1584450325 1758 569 1189
1584451094 1759 569 1190
1584451843 1760 569 1191
1584452318 1760 570 1190
1584452806 1760 571 1189
1584453048 1761 571 1190
1584453098 1761 572 1189
1584453779 1761 573 1188
1584453828 1762 574 1188
1584454587 1763 574 1189
1584456251 1764 574 1190
1584456758 1764 575 1189
1584456762 1765 575 1190
1584456864 1766 575 1191
1584457880 1767 576 1191
1584458032 1767 577 1190
1584458641 1767 578 1189
1584459051 1768 578 1190
1584459095 1769 579 1190
1584459371 1770 579 1191
1584459663 1771 579 1192
1584459691 1771 580 1191
1584460317 1772 580 1192
1584460331 1773 580 1193
1584460641 1773 581 1192
1584461011 1773 582 1191
1584461187 1774 582 1192
1584461236 1774 583 1191
1584461332 1774 584 1190
1584462802 1775 584 1191
1584462843 1776 584 1192
1584463038 1777 585 1192
1584463181 1777 586 1191
1584463321 1778 586 1192
1584463364 1779 587 1192
1584463572 1779 588 1191
1584463592 1780 588 1192
1584464125 1780 589 1191
1584464176 1780 590 1190
1584464619 1781 590 1191
1584465037 1782 590 1192
1584465561 1783 590 1193
1584465596 1783 591 1192
1584465994 1784 592 1192
1584465996 1784 593 1191
1584466028 1785 593 1192
1584466305 1786 593 1193
1584466329 1786 594 1192
1584466376 1787 594 1193
1584466443 1788 594 1194
1584467982 1788 595 1193
1584468086 1788 596 1192
1584468734 1788 597 1191
1584470849 1789 598 1191
1584472270 1789 599 1190
1584472900 1790 599 1191
1584473109 1790 600 1190
1584473887 1791 600 1191
1584474056 1792 600 1192
1584474065 1793 600 1193
1584474341 1794 600 1194
1584474511 1794 601 1193
1584474732 1794 602 1192
1584476057 1794 603 1191
1584476129 1794 604 1190
1584476629 1794 605 1189
1584477179 1795 605 1190
1584477208 1795 606 1189
1584477502 1795 607 1188
1584478152 1795 608 1187
1584478380 1796 609 1187
1584479106 1796 610 1186
1584482613 1797 610 1187
1584482734 1798 611 1187
1584483126 1798 612 1186
1584483980 1799 612 1187
1584485102 1799 613 1186
1584485518 1800 613 1187
1584485997 1801 613 1188
1584487023 1801 614 1187
1584487432 1801 615 1186
1584489211 1801 616 1185
1584489264 1802 616 1186
1584489904 1803 616 1187
1584490264 1804 617 1187
1584490461 1804 618 1186
1584490642 1805 618 1187
1584491082 1806 618 1188
1584491238 1807 618 1189
1584491596 1808 618 1190
1584492576 1808 619 1189
1584496693 1808 620 1188
1584497019 1808 621 1187
1584516458 1809 621 1188
1584518900 1810 621 1189
1584519490 1810 622 1188
1584519736 1811 622 1189
1584520810 1811 623 1188
1584521381 1812 623 1189
1584521700 1812 624 1188
1584522966 1813 624 1189
1584523173 1814 625 1189
1584523733 1814 626 1188
1584523948 1815 627 1188
1584524651 1816 628 1188
1584525126 1817 628 1189
1584525695 1818 629 1189
1584526297 1819 630 1189
1584527151 1820 630 1190
1584527990 1820 631 1189
1584528474 1821 631 1190
1584529149 1821 632 1189
1584530077 1822 633 1189
1584530421 1823 634 1189
1584531754 1824 634 1190
1584531983 1825 635 1190
1584532210 1825 636 1189
1584532310 1826 637 1189
1584532336 1827 637 1190
1584533249 1827 638 1189
1584534015 1827 639 1188
1584534747 1827 640 1187
1584534894 1828 640 1188
1584535086 1829 640 1189
1584535092 1830 640 1190
1584535418 1831 640 1191
1584537220 1831 641 1190
1584538648 1832 641 1191
1584539755 1832 642 1190
1584539807 1832 643 1189
1584539820 1833 644 1189
1584540049 1834 645 1189
1584540354 1834 646 1188
1584540882 1835 646 1189
1584541085 1836 646 1190
1584542514 1836 647 1189
1584543159 1837 647 1190
1584543688 1838 648 1190
1584543941 1839 648 1191
1584544153 1840 648 1192
1584544402 1841 648 1193
1584544908 1842 648 1194
1584546423 1842 649 1193
1584547426 1843 649 1194
1584547859 1843 650 1193
1584548330 1844 651 1193
1584548445 1845 651 1194
1584548994 1846 651 1195
1584552256 1847 651 1196
1584553192 1848 651 1197
1584553247 1848 652 1196
1584553361 1848 653 1195
1584553760 1848 654 1194
1584554057 1849 655 1194
1584554826 1850 655 1195
1584555053 1851 655 1196
1584555587 1851 656 1195
1584555817 1852 656 1196
1584556073 1852 657 1195
1584557165 1852 658 1194
1584557544 1853 658 1195
1584558535 1853 659 1194
1584558627 1854 659 1195
1584558724 1855 659 1196
1584559186 1856 659 1197
1584559456 1857 660 1197
1584559526 1858 660 1198
1584559590 1858 661 1197
1584560445 1858 662 1196
1584560624 1859 662 1197
1584560652 1859 663 1196
1584560989 1859 664 1195
1584561196 1860 664 1196
1584562095 1860 665 1195
1584562554 1861 665 1196
1584562987 1862 665 1197
1584563172 1863 665 1198
1584563644 1864 665 1199
1584563691 1865 665 1200
1584565028 1866 666 1200
1584565405 1867 667 1200
1584565862 1867 668 1199
1584566238 1867 669 1198
1584566262 1867 670 1197
1584566371 1868 670 1198
1584566725 1868 671 1197
1584567177 1869 671 1198
1584568495 1870 672 1198
1584569250 1870 673 1197
1584570380 1871 673 1198
1584571226 1872 674 1198
1584571863 1872 675 1197
1584573496 1872 676 1196
1584573830 1872 677 1195
1584576814 1872 678 1194
1584578348 1873 678 1195
1584578845 1874 679 1195
1584579271 1875 679 1196
1584583793 1875 680 1195
1584603667 1876 680 1196
1584604036 1877 681 1196
1584604469 1878 681 1197
1584604555 1878 682 1196
1584604821 1878 683 1195
1584605428 1878 684 1194
1584606299 1878 685 1193
1584606412 1878 686 1192
1584607740 1879 687 1192
1584608032 1879 688 1191
1584609155 1879 689 1190
1584609691 1879 690 1189
1584610345 1879 691 1188
1584612873 1880 691 1189
1584612943 1880 692 1188
1584613092 1880 693 1187
1584613820 1880 694 1186
1584614702 1881 695 1186
1584615646 1881 696 1185
1584615712 1881 697 1184
1584615758 1881 698 1183
1584616339 1882 699 1183
1584616518 1882 700 1182
1584618923 1883 701 1182
1584619030 1884 702 1182
1584619395 1884 703 1181
1584620155 1884 704 1180
1584620647 1884 705 1179
1584620707 1885 705 1180
1584620996 1886 706 1180
1584622863 1887 707 1180
1584625355 1888 707 1181
1584625400 1888 708 1180
1584629492 1888 709 1179
1584630607 1889 709 1180
1584631991 1890 709 1181
1584632885 1891 709 1182
1584633341 1892 709 1183
1584633994 1893 709 1184
1584634748 1893 710 1183
1584635131 1893 711 1182
1584636334 1893 712 1181
1584636600 1894 712 1182
1584636604 1894 713 1181
1584636858 1895 714 1181
1584636945 1895 715 1180
1584637159 1896 715 1181
1584638406 1896 716 1180
1584639441 1897 716 1181
1584640741 1898 716 1182
1584641040 1899 717 1182
1584641978 1899 718 1181
1584642278 1899 719 1180
1584642848 1899 720 1179
1584643313 1899 721 1178
1584644573 1900 721 1179
1584645471 1900 722 1178
1584645527 1901 723 1178
1584645790 1901 724 1177
1584646067 1901 725 1176
1584646617 1901 726 1175
1584649151 1901 727 1174
1584649599 1901 728 1173
1584649964 1902 729 1173
1584650168 1902 730 1172
1584650606 1902 731 1171
1584650912 1902 732 1170
1584652519 1902 733 1169
1584653809 1903 733 1170
1584654639 1903 734 1169
1584655738 1903 735 1168
1584655888 1903 736 1167
1584656110 1904 736 1168
1584656499 1905 736 1169
1584657191 1905 737 1168
1584658546 1906 737 1169
1584658627 1906 738 1168
1584658935 1906 739 1167
1584660096 1907 739 1168
1584661887 1907 740 1167
1584661944 1907 741 1166
1584665050 1907 742 1165
1584666379 1907 743 1164
1584669705 1907 744 1163
1584670147 1908 744 1164
1584670993 1908 745 1163
1584677227 1909 745 1164
1584687656 1910 745 1165
1584690136 1911 745 1166
1584690367 1911 746 1165
1584691218 1911 747 1164
1584692267 1912 747 1165
1584693606 1912 748 1164
1584693849 1913 748 1165
1584694018 1914 749 1165
1584694425 1915 749 1166
1584695155 1915 750 1165
1584696024 1915 751 1164
1584696732 1915 752 1163
1584696987 1916 752 1164
1584697010 1916 753 1163
1584697939 1916 754 1162
1584698116 1916 755 1161
1584698314 1917 755 1162
1584698530 1917 756 1161
1584698606 1917 757 1160
1584698690 1918 757 1161
1584699077 1919 757 1162
1584699209 1919 758 1161
1584699384 1919 759 1160
1584699406 1919 760 1159
1584700442 1920 760 1160
1584701207 1920 761 1159
1584702105 1921 761 1160
1584702278 1922 762 1160
1584703510 1923 762 1161
1584703810 1924 762 1162
1584704184 1925 762 1163
1584704650 1926 762 1164
1584705060 1926 763 1163
1584705182 1926 764 1162
1584705429 1927 764 1163
1584705448 1927 765 1162
1584706213 1927 766 1161
1584706296 1928 766 1162
1584707866 1929 766 1163
1584708366 1929 767 1162
1584708698 1929 768 1161
1584708789 1929 769 1160
1584709340 1929 770 1159
1584710044 1929 771 1158
1584710739 1930 771 1159
1584711252 1930 772 1158
1584711611 1930 773 1157
1584712099 1931 773 1158
1584713154 1931 774 1157
1584713291 1931 775 1156
1584713561 1931 776 1155
1584714814 1931 777 1154
1584716695 1931 778 1153
1584716945 1932 778 1154
1584717877 1932 779 1153
1584718199 1933 780 1153
1584720083 1934 780 1154
1584720838 1935 781 1154
1584720972 1935 782 1153
1584721088 1935 783 1152
1584721897 1936 783 1153
1584722315 1937 783 1154
1584722978 1938 784 1154
1584723403 1939 784 1155
1584723468 1939 785 1154
1584723539 1939 786 1153
1584723771 1940 786 1154
1584723799 1941 786 1155
1584724486 1942 787 1155
1584725420 1943 787 1156
1584725744 1943 788 1155
1584726865 1943 789 1154
1584726914 1943 790 1153
1584727860 1944 791 1153
1584727960 1945 791 1154
1584729025 1945 792 1153
1584729512 1945 793 1152
1584732427 1945 794 1151
1584732857 1946 794 1152
1584732964 1946 795 1151
1584733058 1946 796 1150
1584734243 1947 797 1150
1584734344 1948 797 1151
1584734704 1949 797 1152
1584734770 1949 798 1151
1584734819 1949 799 1150
1584734940 1949 800 1149
1584735038 1949 801 1148
1584735101 1950 801 1149
1584735154 1950 802 1148
1584735199 1950 803 1147
1584735387 1950 804 1146
1584735527 1950 805 1145
1584735623 1950 806 1144
1584736301 1951 806 1145
1584736463 1951 807 1144
1584736744 1952 807 1145
1584737966 1953 807 1146
1584737972 1954 807 1147
1584738023 1955 808 1147
1584738345 1955 809 1146
1584740330 1956 810 1146
1584740400 1957 811 1146
1584740682 1958 812 1146
1584740791 1958 813 1145
1584741840 1958 814 1144
1584741862 1958 815 1143
1584741881 1958 816 1142
1584743073 1958 817 1141
1584743929 1959 817 1142
1584744992 1959 818 1141
1584745107 1960 818 1142
1584745398 1960 819 1141
1584746236 1961 819 1142
1584747353 1962 819 1143
1584747490 1962 820 1142
1584748660 1962 821 1141
1584749313 1963 822 1141
1584749441 1963 823 1140
1584749771 1964 823 1141
1584753885 1964 824 1140
1584755096 1965 825 1140
1584756654 1966 825 1141
1584756675 1967 825 1142
1584757668 1968 825 1143
1584757735 1968 826 1142
1584771988 1969 826 1143
1584776215 1970 826 1144
1584776360 1971 827 1144
1584778377 1971 828 1143
1584779305 1971 829 1142
1584780776 1971 830 1141
1584780817 1971 831 1140
1584782630 1971 832 1139
1584784473 1971 833 1138
1584785020 1972 834 1138
1584785025 1972 835 1137
1584786388 1972 836 1136
1584786422 1972 837 1135
1584786444 1973 837 1136
1584786599 1973 838 1135
1584787953 1973 839 1134
1584789478 1973 840 1133
1584790755 1974 841 1133
1584792115 1974 842 1132
1584792184 1974 843 1131
1584793000 1974 844 1130
1584793983 1975 845 1130
1584794136 1975 846 1129
1584794520 1976 847 1129
1584796003 1977 847 1130
1584796430 1977 848 1129
1584799678 1977 849 1128
1584799939 1977 850 1127
1584800258 1978 850 1128
1584800351 1979 850 1129
1584800485 1980 851 1129
1584800645 1980 852 1128
1584805214 1980 853 1127
1584808196 1980 854 1126
1584808466 1981 854 1127
1584810580 1982 854 1128
1584811247 1982 855 1127
1584811394 1982 856 1126
1584814296 1982 857 1125
1584815183 1982 858 1124
1584815802 1982 859 1123
1584816006 1983 860 1123
1584816530 1984 860 1124
1584816715 1985 861 1124
1584817519 1985 862 1123
1584817520 1985 863 1122
1584817833 1985 864 1121
1584817927 1985 865 1120
1584818027 1985 866 1119
1584819554 1985 867 1118
1584820062 1985 868 1117
1584820352 1985 869 1116
1584820419 1986 869 1117
1584820638 1987 870 1117
1584820740 1987 871 1116
1584822807 1988 871 1117
1584823233 1989 871 1118
1584826291 1990 871 1119
1584826700 1991 871 1120
1584827001 1992 871 1121
1584829731 1993 871 1122
1584829988 1994 871 1123
1584831484 1995 871 1124
1584833133 1996 871 1125
1584833292 1997 871 1126
1584833711 1998 871 1127
1584835338 1999 871 1128
1584836185 2000 871 1129
1584842394 2001 871 1130
1584844297 2002 871 1131
1584848947 2003 871 1132
1584859364 2004 871 1133
1584864825 2005 871 1134
1584864858 2006 871 1135
1584867378 2007 871 1136
1584869616 2008 871 1137
1584870156 2009 871 1138
1584870476 2010 871 1139
1584874411 2011 871 1140
1584876458 2012 871 1141
1584878907 2013 871 1142
1584882275 2014 871 1143
1584883291 2015 871 1144
1584885004 2016 871 1145
1584885828 2017 871 1146
1584887480 2018 871 1147
1584892537 2019 871 1148
1584892582 2020 871 1149
1584894447 2021 871 1150
1584898106 2022 871 1151
1584901804 2023 871 1152
1584902064 2024 871 1153
1584906437 2025 871 1154
1584907450 2026 871 1155
1584907891 2027 871 1156
1584911090 2028 871 1157
1584911108 2029 871 1158
1584912895 2030 871 1159
1584914530 2031 871 1160
1584916381 2032 871 1161
1584916972 2033 871 1162
1584918155 2034 871 1163
1584919668 2035 871 1164
1584920397 2036 871 1165
1584922415 2037 871 1166
1584922910 2038 871 1167
1584927024 2039 871 1168
1584942277 2040 871 1169
1584947455 2041 871 1170
1584947476 2042 871 1171
1584962174 2043 871 1172
1584963313 2044 871 1173
1584965033 2045 871 1174
1584965227 2046 871 1175
1584969000 2047 871 1176
1584969036 2048 871 1177
1584971706 2049 871 1178
1584972873 2050 871 1179
1584974040 2051 871 1180
1584974126 2052 871 1181
1584976460 2053 871 1182
1584976533 2054 871 1183
1584976807 2055 871 1184
1584977452 2056 871 1185
1584978015 2057 871 1186
1584979589 2058 871 1187
1584980297 2059 871 1188
1584980375 2060 871 1189
1584980772 2061 871 1190
1584981484 2062 871 1191
1584982934 2063 871 1192
1584984735 2064 871 1193
1584985383 2065 871 1194
1584987113 2066 871 1195
1584987935 2067 871 1196
1584990539 2068 871 1197
1584994701 2069 871 1198
1584995707 2070 871 1199
1584997043 2071 871 1200
1584999386 2072 871 1201
1585000496 2073 871 1202
1585000939 2074 871 1203
1585002202 2075 871 1204
1585003050 2076 871 1205
1585030438 2077 871 1206
1585038916 2078 871 1207
1585042190 2079 871 1208
1585043303 2080 871 1209
1585044668 2081 871 1210
1585044738 2082 871 1211
1585049243 2083 871 1212
1585062493 2084 871 1213
1585065861 2085 871 1214
1585069332 2086 871 1215
1585070050 2087 871 1216
1585073473 2088 871 1217
1585076131 2089 871 1218
1585082818 2090 871 1219
1585087377 2091 871 1220
1585119539 2092 871 1221
1585123565 2093 871 1222
1585123787 2094 871 1223
1585126202 2095 871 1224
1585126539 2096 871 1225
1585132908 2097 871 1226
1585139712 2098 871 1227
1585150674 2099 871 1228
1585151330 2100 871 1229
1585151754 2101 871 1230
1585156434 2102 871 1231
1585156497 2103 871 1232
1585156664 2104 871 1233
1585157991 2105 871 1234
1585159248 2106 871 1235
1585160325 2107 871 1236
1585163221 2108 871 1237
1585164365 2109 871 1238
1585168749 2110 871 1239
1585169363 2111 871 1240
1585169819 2112 871 1241
1585178033 2113 871 1242
1585180771 2114 871 1243
1585184143 2115 871 1244
1585184813 2116 871 1245
1585191549 2117 871 1246
1585217953 2118 871 1247
1585218593 2119 871 1248
1585219537 2120 871 1249
1585228728 2121 871 1250
1585229842 2122 871 1251
1585238066 2123 871 1252
1585240672 2124 871 1253
1585243652 2125 871 1254
1585251319 2127 871 1256
1585251319 2127 871 1256
1585261803 2128 871 1257
1585261920 2129 871 1258
1585262332 2130 871 1259
1585263851 2131 871 1260
1585268345 2132 871 1261
1585288515 2133 871 1262
1585301109 2134 871 1263
1585304706 2135 871 1264
1585305658 2136 871 1265
1585310549 2137 871 1266
1585311433 2138 871 1267
1585311899 2139 871 1268
1585314085 2140 871 1269
1585316504 2141 871 1270
1585319094 2142 871 1271
1585319159 2143 871 1272
1585322469 2144 871 1273
1585327192 2145 871 1274
1585328026 2146 871 1275
1585328490 2147 871 1276
1585333771 2148 871 1277
1585346148 2149 871 1278
1585350976 2150 871 1279
1585353990 2151 871 1280
1585356207 2152 871 1281
1585356371 2153 871 1282
1585360524 2154 871 1283
1585361662 2155 871 1284
1585369988 2156 871 1285
1585382707 2157 871 1286
1585386805 2158 871 1287
1585387998 2159 871 1288
1585388193 2160 871 1289
1585389750 2161 871 1290
1585392523 2162 871 1291
1585392618 2163 871 1292
1585394792 2164 871 1293
1585394884 2165 871 1294
1585396836 2166 871 1295
1585398129 2167 871 1296
1585398427 2168 871 1297
1585400478 2169 871 1298
1585404098 2170 871 1299
1585404557 2171 871 1300
1585412626 2172 871 1301
1585414574 2173 871 1302
1585417603 2174 871 1303
1585419974 2175 871 1304
1585420272 2176 871 1305
1585420291 2177 871 1306
1585421386 2178 871 1307
1585423320 2179 871 1308
1585424064 2180 871 1309
