1580083200 234 11 223
1580688000 387 25 362
1581292800 442 33 409
1581897600 477 40 437
1582502400 506 45 461
1583107200 762 63 699
1583712000 1022 108 914
1584316800 1530 219 1311
1584921600 2019 466 1553
1585526400 2182 610 1572
1586131200 2255 717 1538
1586736000 2318 812 1506
1587340800 2383 901 1482
1587945600 2417 966 1451
1588550400 2441 1033 1408
1589155200 2463 1093 1370
1589760000 2477 1132 1345
1590364800 2489 1154 1335
1590969600 2500 1194 1306
1591574400 2504 1217 1287
1592179200 2505 1229 1276
1592784000 2507 1243 1264
1593388800 2515 1264 1251
1593993600 2518 1271 1247
1594598400 2522 1283 1239
1595203200 2527 1300 1227
1595808000 2534 1319 1215
1596412800 2541 1332 1209
1597017600 2549 1352 1197
1597622400 2560 1377 1183
1598227200 2572 1401 1171
1598832000 2588 1430 1158
1599436800 2602 1452 1150
1600041600 2614 1482 1132
1600646400 2623 1515 1108
1601251200 2639 1555 1084
1601856000 2648 1585 1063
1602460800 2657 1617 1040
1603065600 2682 1693 989
1603670400 2702 1761 941
1604275200 2764 2126 638
1604880000 2780 2223 557
