1579611316 1
1579611555 2
1579611751 3
1579613366 4
1579617811 5
1579621979 6
1579622150 7
1579627499 8
1579629367 9
1579630675 10
1579630765 11
1579631666 12
1579636944 13
1579639995 14
1579640280 15
1579640775 16
1579646008 17
1579678473 18
1579693339 19
1579724250 20
1579727123 21
1579727177 22
1579727975 23
1579730378 24
1579730809 25
1579733220 26
1579734009 27
1579734215 28
1579734792 29
1579735590 30
1579737627 31
1579738363 32
1579742068 33
1579760592 34
1579772175 35
1579775467 36
1579776449 37
1579777951 38
1579778672 39
1579778830 40
1579784057 41
1579784270 42
1579784502 43
1579787783 44
1579791432 45
1579792908 46
1579792912 47
1579793285 48
1579793640 49
1579793677 50
1579802143 51
1579805056 52
1579806529 53
1579811179 54
1579821659 55
1579822944 56
1579823091 57
1579826431 58
1579827367 59
1579840018 60
1579844499 61
1579849146 62
1579849340 63
1579852403 64
1579853947 65
1579854262 66
1579858552 67
1579858590 68
1579858604 69
1579861015 70
1579861671 71
1579863724 72
1579870016 73
1579871363 74
1579872263 75
1579873194 76
1579874713 77
1579875857 78
1579877603 79
1579880211 80
1579880806 81
1579885751 82
1579886544 83
1579886746 84
1579887026 85
1579887245 86
1579888707 87
1579890751 88
1579892037 89
1579897192 90
1579897615 91
1579897628 92
1579898020 93
1579898093 94
1579898104 95
1579898295 96
1579898366 97
1579899120 98
1579899597 99
1579899783 100
1579899824 101
1579900037 102
1579900093 103
1579900136 104
1579900290 105
1579900351 106
1579900500 107
1579900515 108
1579900888 109
1579901083 110
1579901210 111
1579901630 112
1579901787 113
1579901886 114
1579901916 115
1579902344 116
1579903110 117
1579904004 118
1579904013 119
1579904655 120
1579904674 121
1579904963 122
1579905912 123
1579906049 124
1579906055 125
1579906227 126
1579906351 127
1579906556 128
1579906859 129
1579906939 130
1579906979 131
1579907338 132
1579908229 133
1579908293 134
1579908329 135
1579908840 136
1579909219 137
1579911342 138
1579915186 139
1579915723 140
1579916416 141
1579917298 142
1579917630 143
1579919733 144
1579920712 145
1579922026 146
1579934676 147
1579938071 148
1579938750 149
1579939400 150
1579940047 151
1579943548 152
1579943708 153
1579943871 154
1579944323 155
1579944902 156
1579946835 157
1579947236 158
1579947909 159
1579949445 160
1579949468 161
1579949652 162
1579949677 163
1579950448 164
1579950615 165
1579951014 166
1579951945 167
1579953209 168
1579956895 169
1579957886 170
1579957910 171
1579958003 172
1579958330 173
1579961352 174
1579961635 175
1579962300 176
1579962525 177
1579962557 178
1579964705 179
1579966349 180
1579966383 181
1579967323 182
1579967349 183
1579968270 184
1579969765 185
1579972703 186
1579972896 187
1579973982 188
1579975431 189
1579975776 190
1579976055 191
1579976177 192
1579976762 193
1579977121 194
1579978580 195
1579979761 196
1579979940 197
1579982056 198
1579982100 199
1579984623 200
1579986219 201
1579987781 202
1579990366 203
1579995294 204
1579999312 205
1580021099 206
1580023491 207
1580025385 208
1580032617 209
1580032644 210
1580034093 211
1580036233 212
1580036556 213
1580037245 214
1580039617 215
1580039816 216
1580040653 217
1580041049 218
1580041576 219
1580044253 220
1580056459 221
1580063156 222
1580069107 223
1580072563 224
1580073364 225
1580077054 226
1580077921 227
1580078790 228
1580079026 229
1580081552 230
1580082532 231
1580109046 232
1580116947 233
1580118638 234
1580119156 235
1580121793 236
1580122138 237
1580129294 238
1580129688 239
1580130647 240
1580133359 241
1580134245 242
1580135310 243
1580135506 244
1580135682 245
1580137293 246
1580139983 247
1580140796 248
1580141917 249
1580142357 250
1580143850 251
1580145999 252
1580147519 253
1580148839 254
1580149825 255
1580149929 256
1580149994 257
1580150937 258
1580152565 259
1580153583 260
1580157337 261
1580157604 262
1580162604 263
1580163235 264
1580163355 265
1580179150 266
1580180392 267
1580186044 268
1580200461 269
1580204608 270
1580205290 271
1580208217 272
1580208891 273
1580209087 274
1580209441 275
1580209664 276
1580209714 277
1580210960 278
1580214064 279
1580214642 280
1580214715 281
1580215430 282
1580218095 283
1580218312 284
1580234905 285
1580237499 286
1580239491 287
1580239614 288
1580239642 289
1580240823 290
1580242009 291
1580242271 292
1580244435 293
1580246007 294
1580250782 295
1580263337 296
1580266899 297
1580281426 298
1580286821 299
1580289227 300
1580291450 301
1580291926 302
1580292256 303
1580293317 304
1580293461 305
1580294692 306
1580295949 307
1580297046 308
1580304197 309
1580305313 310
1580308050 311
1580309486 312
1580314182 313
1580328596 314
1580329136 315
1580333196 316
1580334924 317
1580341579 318
1580352894 319
1580361242 320
1580372528 321
1580378199 322
1580378646 323
1580379102 324
1580380689 325
1580381070 326
1580381504 327
1580383871 328
1580386391 329
1580389339 330
1580390124 331
1580393334 332
1580396988 333
1580397439 334
1580404348 335
1580418110 336
1580418279 337
1580419059 338
1580420960 339
1580425672 340
1580460065 341
1580461280 342
1580464664 343
1580468550 344
1580472399 345
1580473279 346
1580474163 347
1580477055 348
1580478927 349
1580484853 350
1580487904 351
1580494200 352
1580495775 353
1580495851 354
1580497424 355
1580503648 356
1580503712 357
1580505690 358
1580518207 359
1580545588 360
1580546975 361
1580547601 362
1580549272 363
1580554637 364
1580555486 365
1580559931 366
1580571642 367
1580596569 368
1580597746 369
1580602005 370
1580611880 371
1580615662 372
1580641210 373
1580641805 374
1580645299 375
1580647089 376
1580654725 377
1580655562 378
1580659674 379
1580673381 380
1580682687 381
1580684741 382
1580699492 383
1580716630 384
1580721735 385
1580724385 386
1580728884 387
1580740545 388
1580740922 389
1580744082 390
1580748471 391
1580762786 392
1580768440 393
1580772379 394
1580802759 395
1580819234 396
1580825801 397
1580836548 398
1580837864 399
1580843552 400
1580858244 401
1580866186 402
1580889641 403
1580905759 404
1580913537 405
1580916749 406
1580920567 407
1580921681 408
1580921851 409
1580927084 410
1580936329 411
1580978260 412
1580986937 413
1581010663 414
1581061851 415
1581070613 416
1581072844 417
1581074277 418
1581086123 419
1581094415 420
1581098706 421
1581118315 422
1581157548 423
1581158479 424
1581159381 425
1581159953 426
1581161411 427
1581162629 428
1581172511 429
1581176407 430
1581177359 431
1581181207 432
1581183489 433
1581187306 434
1581188385 435
1581193042 436
1581195345 437
1581324821 438
1581331161 439
1581331394 440
1581334312 441
1581339543 442
1581357967 443
1581370515 444
1581412981 445
1581414559 446
1581419656 447
1581428997 448
1581429752 449
1581435264 450
1581442081 451
1581445993 452
1581449554 453
1581450308 454
1581496171 455
1581509957 456
1581513139 457
1581546660 458
1581581725 459
1581582731 460
1581585241 461
1581585824 462
1581594387 463
1581610854 464
1581612353 465
1581635783 466
1581646190 467
1581679386 468
1581770395 469
1581771472 470
1581798034 471
1581884638 472
1581924361 473
1581943066 474
1581953185 475
1581983608 476
1581998295 477
1582141950 478
1582220672 479
1582272984 480
1582282745 481
1582284629 482
1582326576 483
1582377942 484
1582385296 485
1582390772 486
1582391951 487
1582396817 488
1582402425 489
1582410431 490
1582420665 491
1582423902 492
1582456071 493
1582457845 494
1582461884 495
1582463236 496
1582482830 497
1582483015 498
1582497493 499
1582497549 500
1582535958 501
1582537820 502
1582541375 503
1582544318 504
1582546289 505
1582547431 506
1582549050 507
1582549138 508
1582549914 509
1582554319 510
1582555618 511
1582555659 512
1582555762 513
1582558310 514
1582558442 515
1582559505 516
1582561004 517
1582561573 518
1582561978 519
1582562195 520
1582562717 521
1582563983 522
1582565270 523
1582565759 524
1582568627 525
1582571134 526
1582573286 527
1582573993 528
1582575979 529
1582581666 530
1582598944 531
1582614333 532
1582615975 533
1582620595 534
1582622443 535
1582627726 536
1582628613 537
1582629053 538
1582630446 539
1582630853 540
1582631966 541
1582633462 542
1582638628 543
1582638763 544
1582640340 545
1582641162 546
1582642459 547
1582643188 548
1582645706 549
1582646299 550
1582648592 551
1582650461 552
1582651225 553
1582655012 554
1582655306 555
1582655367 556
1582659266 557
1582659301 558
1582662828 559
1582665550 560
1582666546 561
1582668436 562
1582673226 563
1582673343 564
1582702480 565
1582712684 566
1582714369 567
1582715238 568
1582715729 569
1582716039 570
1582717298 571
1582720744 572
1582722355 573
1582724283 574
1582724605 575
1582725429 576
1582728811 577
1582732492 578
1582732619 579
1582732714 580
1582733528 581
1582734922 582
1582735067 583
1582735408 584
1582735601 585
1582736182 586
1582737595 587
1582738899 588
1582739226 589
1582740609 590
1582744299 591
1582745431 592
1582747271 593
1582752458 594
1582753999 595
1582754587 596
1582754765 597
1582755496 598
1582781146 599
1582785858 600
1582786046 601
1582795284 602
1582797060 603
1582797451 604
1582797889 605
1582799164 606
1582801259 607
1582802861 608
1582803516 609
1582805661 610
1582806431 611
1582809112 612
1582809645 613
1582810821 614
1582811578 615
1582811752 616
1582818178 617
1582822971 618
1582826009 619
1582827871 620
1582833326 621
1582836786 622
1582837282 623
1582838314 624
1582838841 625
1582839768 626
1582841199 627
1582841279 628
1582842132 629
1582843507 630
1582843895 631
1582846870 632
1582847664 633
1582849603 634
1582851554 635
1582854281 636
1582870865 637
1582872089 638
1582873197 639
1582876968 640
1582879735 641
1582880484 642
1582880893 643
1582882183 644
1582883645 645
1582883970 646
1582884112 647
1582886279 648
1582886664 649
1582887068 650
1582888323 651
1582888836 652
1582889001 653
1582890578 654
1582891735 655
1582893249 656
1582894109 657
1582897018 658
1582899158 659
1582899172 660
1582900772 661
1582901583 662
1582901972 663
1582902555 664
1582903999 665
1582906321 666
1582909276 667
1582911754 668
1582912062 669
1582913556 670
1582918759 671
1582918892 672
1582919023 673
1582919717 674
1582920244 675
1582922689 676
1582923317 677
1582923575 678
1582923783 679
1582928171 680
1582931983 681
1582933156 682
1582935651 683
1582939292 684
1582957039 685
1582959634 686
1582960509 687
1582962218 688
1582962507 689
1582967196 690
1582973475 691
1582974341 692
1582976265 693
1582976268 694
1582978340 695
1582986017 696
1582986686 697
1582987636 698
1582990379 699
1582990926 700
1582992395 701
1582992628 702
1582993180 703
1582994276 704
1582998494 705
1582999938 706
1583000348 707
1583000756 708
1583002524 709
1583005014 710
1583005185 711
1583005572 712
1583006131 713
1583006155 714
1583006481 715
1583010269 716
1583010636 717
1583010946 718
1583011724 719
1583013290 720
1583013644 721
1583015969 722
1583017232 723
1583018787 724
1583021646 725
1583044078 726
1583049042 727
1583058550 728
1583061724 729
1583062578 730
1583065191 731
1583072042 732
1583074110 733
1583077462 734
1583080027 735
1583082260 736
1583083304 737
1583084335 738
1583085795 739
1583087673 740
1583089711 741
1583090422 742
1583090849 743
1583091164 744
1583091777 745
1583091915 746
1583093498 747
1583093790 748
1583093841 749
1583095000 750
1583100276 751
1583100396 752
1583101696 753
1583102192 754
1583103340 755
1583105552 756
1583108849 757
1583115640 758
1583131695 759
1583132180 760
1583132608 761
1583136924 762
1583142250 763
1583143847 764
1583148676 765
1583148926 766
1583151672 767
1583151695 768
1583151823 769
1583153334 770
1583154010 771
1583155665 772
1583155695 773
1583156047 774
1583157797 775
1583158490 776
1583159875 777
1583160067 778
1583162859 779
1583164380 780
1583165324 781
1583167820 782
1583168212 783
1583168388 784
1583168876 785
1583170301 786
1583170607 787
1583170657 788
1583176121 789
1583176819 790
1583181768 791
1583184677 792
1583184726 793
1583184797 794
1583185240 795
1583186026 796
1583186484 797
1583186961 798
1583187874 799
1583189093 800
1583190945 801
1583193331 802
1583193843 803
1583196207 804
1583198653 805
1583220371 806
1583226444 807
1583228639 808
1583233159 809
1583235269 810
1583238361 811
1583238806 812
1583239491 813
1583239723 814
1583240739 815
1583241226 816
1583244336 817
1583246002 818
1583246336 819
1583247714 820
1583249219 821
1583249276 822
1583254819 823
1583255173 824
1583257851 825
1583260664 826
1583261701 827
1583265172 828
1583265571 829
1583265761 830
1583266056 831
1583266872 832
1583268079 833
1583269982 834
1583271259 835
1583271873 836
1583278055 837
1583279920 838
1583306960 839
1583307812 840
1583312153 841
1583316804 842
1583317287 843
1583317526 844
1583322666 845
1583323546 846
1583324701 847
1583326008 848
1583326796 849
1583326851 850
1583329707 851
1583329766 852
1583332387 853
1583333553 854
1583333785 855
1583335222 856
1583335783 857
1583337199 858
1583337975 859
1583338335 860
1583344069 861
1583346646 862
1583347076 863
1583348858 864
1583350184 865
1583352957 866
1583353853 867
1583359476 868
1583359624 869
1583364588 870
1583372542 871
1583380549 872
1583387023 873
1583390165 874
1583391427 875
1583396050 876
1583397004 877
1583398157 878
1583398264 879
1583399990 880
1583402131 881
1583404628 882
1583404933 883
1583405206 884
1583405779 885
1583407969 886
1583410520 887
1583410746 888
1583411088 889
1583413297 890
1583413520 891
1583415867 892
1583417396 893
1583420357 894
1583421541 895
1583423911 896
1583425391 897
1583426054 898
1583426515 899
1583428076 900
1583431629 901
1583432622 902
1583432997 903
1583434109 904
1583437268 905
1583437934 906
1583438645 907
1583439390 908
1583440606 909
1583442074 910
1583444599 911
1583444894 912
1583446175 913
1583448634 914
1583455362 915
1583456117 916
1583460415 917
1583481795 918
1583482837 919
1583486516 920
1583487723 921
1583487750 922
1583488161 923
1583489104 924
1583489620 925
1583490809 926
1583491793 927
1583493356 928
1583494195 929
1583498447 930
1583500372 931
1583502357 932
1583502776 933
1583502942 934
1583503109 935
1583504046 936
1583504220 937
1583506390 938
1583507778 939
1583507851 940
1583508542 941
1583512801 942
1583516683 943
1583518309 944
1583521633 945
1583523014 946
1583523508 947
1583525044 948
1583525210 949
1583526375 950
1583531166 951
1583533921 952
1583538214 953
1583539557 954
1583543124 955
1583548163 956
1583570868 957
1583572314 958
1583572469 959
1583574314 960
1583580628 961
1583584152 962
1583584677 963
1583587384 964
1583589852 965
1583594211 966
1583596315 967
1583599326 968
1583601605 969
1583604168 970
1583608959 971
1583609464 972
1583611726 973
1583613775 974
1583614769 975
1583614870 976
1583615655 977
1583616071 978
1583619428 979
1583625565 980
1583625739 981
1583633920 982
1583637915 983
1583638146 984
1583646243 985
1583655198 986
1583660557 987
1583662122 988
1583667935 989
1583669007 990
1583670517 991
1583672828 992
1583673059 993
1583673226 994
1583675607 995
1583679377 996
1583680251 997
1583680914 998
1583684085 999
1583685229 1000
1583690335 1001
1583692576 1002
1583694339 1003
1583696780 1004
1583699910 1005
1583700177 1006
1583703376 1007
1583706195 1008
1583706383 1009
1583706602 1010
1583709824 1011
1583711113 1012
1583713283 1013
1583715360 1014
1583724944 1015
1583734573 1016
1583737708 1017
1583744677 1018
1583744788 1019
1583745880 1020
1583746584 1021
1583755915 1022
1583757348 1023
1583757420 1024
1583761852 1025
1583762414 1026
1583763398 1027
1583763567 1028
1583767396 1029
1583768343 1030
1583768722 1031
1583770805 1032
1583771803 1033
1583771869 1034
1583772231 1035
1583772333 1036
1583772465 1037
1583776537 1038
1583778825 1039
1583782810 1040
1583782888 1041
1583784344 1042
1583785090 1043
1583785928 1044
1583786999 1045
1583787396 1046
1583790111 1047
1583790496 1048
1583791485 1049
1583794288 1050
1583795516 1051
1583799918 1052
1583800180 1053
1583800460 1054
1583801264 1055
1583816476 1056
1583826500 1057
1583827615 1058
1583832091 1059
1583832986 1060
1583836407 1061
1583839480 1062
1583839881 1063
1583840635 1064
1583841059 1065
1583842421 1066
1583843509 1067
1583844807 1068
1583844963 1069
1583847478 1070
1583848213 1071
1583849807 1072
1583853754 1073
1583855305 1074
1583855713 1075
1583859888 1076
1583863946 1077
1583865779 1078
1583866945 1079
1583870780 1080
1583871684 1081
1583898259 1082
1583911358 1083
1583912331 1084
1583912883 1085
1583913184 1086
1583916382 1087
1583918962 1088
1583920638 1089
1583922046 1090
1583933197 1091
1583934954 1092
1583937801 1093
1583940791 1094
1583941386 1095
1583945865 1096
1583947908 1097
1583949421 1098
1583949647 1099
1583951652 1100
1583952568 1101
1583953323 1102
1583954390 1103
1583954753 1104
1583957008 1105
1583958576 1106
1583961415 1107
1583961419 1108
1583961950 1109
1583963329 1110
1583963615 1111
1583964215 1112
1583965735 1113
1583968352 1114
1583969483 1115
1583969544 1116
1583970080 1117
1583971804 1118
1583973557 1119
1583974878 1120
1583976073 1121
1583980767 1122
1583980807 1123
1583988858 1124
1583989126 1125
1583992428 1126
1583998732 1127
1584000090 1128
1584000892 1129
1584001484 1130
1584003074 1131
1584003794 1132
1584007557 1133
1584007776 1134
1584008348 1135
1584009266 1136
1584009297 1137
1584009316 1138
1584009865 1139
1584011401 1140
1584012897 1141
1584013359 1142
1584013582 1143
1584014076 1144
1584017842 1145
1584019384 1146
1584020001 1147
1584021612 1148
1584022009 1149
1584022269 1150
1584024031 1151
1584025706 1152
1584025998 1153
1584029582 1154
1584030426 1155
1584030778 1156
1584033341 1157
1584033602 1158
1584035120 1159
1584036545 1160
1584039510 1161
1584039668 1162
1584040451 1163
1584041336 1164
1584042253 1165
1584042361 1166
1584042823 1167
1584043275 1168
1584043316 1169
1584043330 1170
1584043351 1171
1584043367 1172
1584043391 1173
1584043427 1174
1584043476 1175
1584043515 1176
1584043631 1177
1584043646 1178
1584043738 1179
1584043765 1180
1584043816 1181
1584044318 1182
1584044373 1183
1584044405 1184
1584044722 1185
1584044814 1186
1584044872 1187
1584045196 1188
1584045216 1189
1584045454 1190
1584045733 1191
1584047255 1192
1584047733 1193
1584047857 1194
1584047957 1195
1584048272 1196
1584048799 1197
1584048984 1198
1584049489 1199
1584049823 1200
1584050059 1201
1584050165 1202
1584050949 1203
1584051150 1204
1584051350 1205
1584052701 1206
1584052927 1207
1584053131 1208
1584054807 1209
1584055601 1210
1584055645 1211
1584056053 1212
1584057057 1213
1584057757 1214
1584058901 1215
1584059485 1216
1584059849 1217
1584060080 1218
1584071834 1219
1584075439 1220
1584079510 1221
1584079568 1222
1584080401 1223
1584081554 1224
1584082531 1225
1584083341 1226
1584087096 1227
1584088091 1228
1584088150 1229
1584090231 1230
1584091257 1231
1584092550 1232
1584094450 1233
1584095317 1234
1584096938 1235
1584098998 1236
1584100275 1237
1584101767 1238
1584102150 1239
1584102553 1240
1584104796 1241
1584105279 1242
1584106094 1243
1584106438 1244
1584106816 1245
1584107665 1246
1584109653 1247
1584110896 1248
1584111891 1249
1584114441 1250
1584114458 1251
1584114937 1252
1584118451 1253
1584119351 1254
1584120803 1255
1584122433 1256
1584122583 1257
1584125525 1258
1584125721 1259
1584125944 1260
1584126229 1261
1584127174 1262
1584127716 1263
1584128617 1264
1584129430 1265
1584131970 1266
1584132939 1267
1584133610 1268
1584135937 1269
1584136241 1270
1584136491 1271
1584136753 1272
1584137422 1273
1584137585 1274
1584137812 1275
1584137986 1276
1584138104 1277
1584139102 1278
1584140004 1279
1584141095 1280
1584145853 1281
1584147330 1282
1584149891 1283
1584166434 1284
1584176087 1285
1584177771 1286
1584179949 1287
1584181088 1288
1584181360 1289
1584181985 1290
1584183437 1291
1584184029 1292
1584184613 1293
1584186496 1294
1584186875 1295
1584187272 1296
1584189358 1297
1584189688 1298
1584190967 1299
1584192993 1300
1584193804 1301
1584194806 1302
1584196516 1303
1584196519 1304
1584196982 1305
1584197030 1306
1584198538 1307
1584201100 1308
1584201823 1309
1584202937 1310
1584203493 1311
1584207487 1312
1584209232 1313
1584209496 1314
1584209943 1315
1584212096 1316
1584213881 1317
1584214174 1318
1584214618 1319
1584215222 1320
1584215272 1321
1584215574 1322
1584215953 1323
1584216016 1324
1584216111 1325
1584217017 1326
1584217074 1327
1584217468 1328
1584217510 1329
1584217584 1330
1584217661 1331
1584217728 1332
1584217938 1333
1584218130 1334
1584218398 1335
1584218437 1336
1584218609 1337
1584218747 1338
1584218752 1339
1584218757 1340
1584218921 1341
1584218926 1342
1584219054 1343
1584219306 1344
1584219923 1345
1584220291 1346
1584220401 1347
1584220750 1348
1584220857 1349
1584220896 1350
1584221080 1351
1584221491 1352
1584221565 1353
1584221656 1354
1584221664 1355
1584221734 1356
1584222221 1357
1584222342 1358
1584222407 1359
1584223121 1360
1584223446 1361
1584223522 1362
1584223806 1363
1584224552 1364
1584224728 1365
1584225157 1366
1584225463 1367
1584225948 1368
1584226030 1369
1584226730 1370
1584227310 1371
1584228224 1372
1584228448 1373
1584228655 1374
1584228709 1375
1584228762 1376
1584230471 1377
1584230508 1378
1584230633 1379
1584231105 1380
1584231127 1381
1584231836 1382
1584232760 1383
1584233485 1384
1584233602 1385
1584234405 1386
1584235319 1387
1584235329 1388
1584235456 1389
1584235846 1390
1584236160 1391
1584237774 1392
1584252017 1393
1584254250 1394
1584256800 1395
1584258453 1396
1584259587 1397
1584259794 1398
1584259941 1399
1584261510 1400
1584261600 1401
1584261735 1402
1584263044 1403
1584263125 1404
1584263727 1405
1584265334 1406
1584266719 1407
1584267366 1408
1584268067 1409
1584268285 1410
1584268451 1411
1584268453 1412
1584269354 1413
1584271431 1414
1584271621 1415
1584271870 1416
1584271991 1417
1584272080 1418
1584272379 1419
1584272453 1420
1584273427 1421
1584273705 1422
1584273731 1423
1584273797 1424
1584273824 1425
1584274228 1426
1584275060 1427
1584275106 1428
1584275526 1429
1584276423 1430
1584277364 1431
1584279118 1432
1584280143 1433
1584280207 1434
1584280658 1435
1584281015 1436
1584282583 1437
1584282818 1438
1584283191 1439
1584284060 1440
1584284093 1441
1584285493 1442
1584286721 1443
1584287018 1444
1584287107 1445
1584287449 1446
1584287556 1447
1584288969 1448
1584289446 1449
1584290342 1450
1584291410 1451
1584291824 1452
1584292255 1453
1584292483 1454
1584292899 1455
1584292998 1456
1584293260 1457
1584293396 1458
1584293641 1459
1584293788 1460
1584294018 1461
1584294123 1462
1584294397 1463
1584294643 1464
1584294775 1465
1584295196 1466
1584295349 1467
1584295528 1468
1584295551 1469
1584296028 1470
1584296132 1471
1584297020 1472
1584297051 1473
1584297172 1474
1584298096 1475
1584298541 1476
1584299300 1477
1584299330 1478
1584299433 1479
1584300024 1480
1584301560 1481
1584301598 1482
1584302599 1483
1584303481 1484
1584303737 1485
1584304546 1486
1584304546 1487
1584304863 1488
1584304882 1489
1584305241 1490
1584305456 1491
1584305965 1492
1584306014 1493
1584306689 1494
1584307247 1495
1584307335 1496
1584307473 1497
1584308454 1498
1584309219 1499
1584310057 1500
1584310339 1501
1584310654 1502
1584310953 1503
1584311800 1504
1584311899 1505
1584311959 1506
1584312368 1507
1584312433 1508
1584312637 1509
1584313412 1510
1584313855 1511
1584314495 1512
1584314586 1513
1584315039 1514
1584318635 1515
1584320675 1516
1584322907 1517
1584322974 1518
1584324385 1519
1584325782 1520
1584328234 1521
1584328789 1522
1584329646 1523
1584335305 1524
1584339301 1525
1584341464 1526
1584342243 1527
1584342803 1528
1584344641 1529
1584344840 1530
1584345456 1531
1584346635 1532
1584346691 1533
1584346978 1534
1584347593 1535
1584347607 1536
1584347911 1537
1584348544 1538
1584348810 1539
1584349240 1540
1584349615 1541
1584351189 1542
1584351422 1543
1584352274 1544
1584352706 1545
1584352806 1546
1584353819 1547
1584354266 1548
1584354402 1549
1584355192 1550
1584355466 1551
1584355923 1552
1584356336 1553
1584356396 1554
1584356462 1555
1584356723 1556
1584356886 1557
1584357079 1558
1584357590 1559
1584357965 1560
1584358281 1561
1584358295 1562
1584358947 1563
1584359105 1564
1584359423 1565
1584359497 1566
1584359592 1567
1584359750 1568
1584360103 1569
1584360150 1570
1584360428 1571
1584361423 1572
1584362027 1573
1584362632 1574
1584362677 1575
1584362847 1576
1584362882 1577
1584363072 1578
1584363197 1579
1584363815 1580
1584364160 1581
1584364939 1582
1584365561 1583
1584365575 1584
1584366717 1585
1584368013 1586
1584368017 1587
1584368076 1588
1584369862 1589
1584369942 1590
1584370980 1591
1584371232 1592
1584371310 1593
1584372010 1594
1584372211 1595
1584372549 1596
1584373576 1597
1584373765 1598
1584373969 1599
1584373996 1600
1584374822 1601
1584375396 1602
1584375440 1603
1584376089 1604
1584376233 1605
1584376235 1606
1584376760 1607
1584377004 1608
1584377840 1609
1584377924 1610
1584378048 1611
1584378341 1612
1584378406 1613
1584379259 1614
1584379717 1615
1584379972 1616
1584379994 1617
1584380038 1618
1584382435 1619
1584382656 1620
1584382672 1621
1584383414 1622
1584383981 1623
1584384311 1624
1584384715 1625
1584384880 1626
1584385060 1627
1584385111 1628
1584385292 1629
1584385630 1630
1584385633 1631
1584386217 1632
1584386768 1633
1584386977 1634
1584387555 1635
1584388081 1636
1584388104 1637
1584388317 1638
1584388656 1639
1584388677 1640
1584389086 1641
1584389134 1642
1584389164 1643
1584389290 1644
1584389457 1645
1584389629 1646
1584389802 1647
1584389937 1648
1584391129 1649
1584391646 1650
1584391838 1651
1584392509 1652
1584392570 1653
1584392665 1654
1584393432 1655
1584393686 1656
1584394071 1657
1584394251 1658
1584394351 1659
1584395340 1660
1584395914 1661
1584396782 1662
1584396903 1663
1584397049 1664
1584397135 1665
1584397235 1666
1584397371 1667
1584398021 1668
1584398423 1669
1584398612 1670
1584398618 1671
1584398809 1672
1584399170 1673
1584399325 1674
1584400031 1675
1584400404 1676
1584400427 1677
1584400460 1678
1584400951 1679
1584401321 1680
1584402511 1681
1584402626 1682
1584402814 1683
1584403377 1684
1584403668 1685
1584404183 1686
1584404738 1687
1584404799 1688
1584411037 1689
1584411260 1690
1584425548 1691
1584425562 1692
1584428360 1693
1584430319 1694
1584430471 1695
1584431436 1696
1584431867 1697
1584433247 1698
1584433311 1699
1584434985 1700
1584435525 1701
1584436657 1702
1584436945 1703
1584436958 1704
1584438638 1705
1584439057 1706
1584441130 1707
1584441871 1708
1584442072 1709
1584443285 1710
1584443833 1711
1584443922 1712
1584444322 1713
1584444634 1714
1584445251 1715
1584445633 1716
1584446266 1717
1584446346 1718
1584447511 1719
1584447611 1720
1584447649 1721
1584447698 1722
1584448352 1723
1584448433 1724
1584448666 1725
1584449225 1726
1584450078 1727
1584451094 1728
1584451843 1729
1584453048 1730
1584453828 1731
1584454587 1732
1584456251 1733
1584456762 1734
1584456864 1735
1584457880 1736
1584459051 1737
1584459095 1738
1584459371 1739
1584459663 1740
1584460317 1741
1584460331 1742
1584461187 1743
1584462802 1744
1584462843 1745
1584463038 1746
1584463321 1747
1584463364 1748
1584463592 1749
1584464619 1750
1584465037 1751
1584465561 1752
1584465994 1753
1584466028 1754
1584466305 1755
1584466376 1756
1584466443 1757
1584470849 1758
1584472900 1759
1584473887 1760
1584474056 1761
1584474065 1762
1584474341 1763
1584477179 1764
1584478380 1765
1584482613 1766
1584482734 1767
1584483980 1768
1584485518 1769
1584485997 1770
1584489264 1771
1584489904 1772
1584490264 1773
1584490642 1774
1584491238 1775
1584491596 1776
1584516458 1777
1584518900 1778
1584519736 1779
1584521381 1780
1584522966 1781
1584523173 1782
1584523948 1783
1584524651 1784
1584525126 1785
1584525695 1786
1584526297 1787
1584527151 1788
1584528474 1789
1584530077 1790
1584530421 1791
1584531754 1792
1584531983 1793
1584532310 1794
1584532336 1795
1584534894 1796
1584535086 1797
1584535092 1798
1584535418 1799
1584538648 1800
1584539820 1801
1584540049 1802
1584540882 1803
1584541085 1804
1584543159 1805
1584543688 1806
1584543941 1807
1584544153 1808
1584544402 1809
1584544908 1810
1584547426 1811
1584548330 1812
1584548445 1813
1584548994 1814
1584552256 1815
1584553192 1816
1584554057 1817
1584554826 1818
1584555053 1819
1584555817 1820
1584557544 1821
1584558627 1822
1584558724 1823
1584559186 1824
1584559456 1825
1584559526 1826
1584560624 1827
1584561196 1828
1584562554 1829
1584562987 1830
1584563172 1831
1584563644 1832
1584563691 1833
1584565028 1834
1584565405 1835
1584566371 1836
1584567177 1837
1584568495 1838
1584570380 1839
1584571226 1840
1584578348 1841
1584578845 1842
1584579271 1843
1584603667 1844
1584604036 1845
1584604469 1846
1584607740 1847
1584612873 1848
1584614702 1849
1584616339 1850
1584618923 1851
1584619030 1852
1584620707 1853
1584620996 1854
1584622863 1855
1584625355 1856
1584630607 1857
1584631991 1858
1584632885 1859
1584633994 1860
1584636600 1861
1584636858 1862
1584637159 1863
1584639441 1864
1584640741 1865
1584641040 1866
1584644573 1867
1584645527 1868
1584649964 1869
1584653809 1870
1584656110 1871
1584656499 1872
1584658546 1873
1584660096 1874
1584670147 1875
1584677227 1876
1584687656 1877
1584690136 1878
1584692267 1879
1584693849 1880
1584694018 1881
1584694425 1882
1584696987 1883
1584698314 1884
1584698690 1885
1584699077 1886
1584700442 1887
1584702105 1888
1584702278 1889
1584703510 1890
1584703810 1891
1584704184 1892
1584704650 1893
1584705429 1894
1584706296 1895
1584707866 1896
1584710739 1897
1584712099 1898
1584716945 1899
1584718199 1900
1584720083 1901
1584720838 1902
1584721897 1903
1584722315 1904
1584722978 1905
1584723403 1906
1584723771 1907
1584723799 1908
1584724486 1909
1584725420 1910
1584727860 1911
1584727960 1912
1584732857 1913
1584734243 1914
1584734344 1915
1584734704 1916
1584735101 1917
1584736301 1918
1584736744 1919
1584737966 1920
1584737972 1921
1584738023 1922
1584740330 1923
1584740400 1924
1584740682 1925
1584743929 1926
1584745107 1927
1584746236 1928
1584747353 1929
1584749313 1930
1584749771 1931
1584755096 1932
1584756654 1933
1584756675 1934
1584757668 1935
1584771988 1936
1584776215 1937
1584776360 1938
1584785020 1939
1584786444 1940
1584790755 1941
1584793983 1942
1584794520 1943
1584796003 1944
1584800258 1945
1584800351 1946
1584800485 1947
1584808466 1948
1584810580 1949
1584816006 1950
1584816530 1951
1584816715 1952
1584820419 1953
1584820638 1954
1584822807 1955
1584823233 1956
1584826291 1957
1584826700 1958
1584827001 1959
1584829731 1960
1584829988 1961
1584831484 1962
1584833133 1963
1584833292 1964
1584833711 1965
1584835338 1966
1584836185 1967
1584842394 1968
1584844297 1969
1584848947 1970
1584859364 1971
1584864825 1972
1584864858 1973
1584867378 1974
1584869616 1975
1584870156 1976
1584870476 1977
1584874411 1978
1584876458 1979
1584878907 1980
1584882275 1981
1584883291 1982
1584885004 1983
1584885828 1984
1584887480 1985
1584892537 1986
1584892582 1987
1584894447 1988
1584898106 1989
1584901804 1990
1584902064 1991
1584906437 1992
1584907450 1993
1584907891 1994
1584911090 1995
1584911108 1996
1584912895 1997
1584914530 1998
1584916381 1999
1584916972 2000
1584918155 2001
1584919668 2002
1584920397 2003
1584922415 2004
1584922910 2005
1584927024 2006
1584942277 2007
1584947455 2008
1584947476 2009
1584962174 2010
1584963313 2011
1584965033 2012
1584965227 2013
1584969000 2014
1584969036 2015
1584971706 2016
1584972873 2017
1584974040 2018
1584974126 2019
1584976460 2020
1584976533 2021
1584976807 2022
1584977452 2023
1584978015 2024
1584979589 2025
1584980297 2026
1584980772 2027
1584981484 2028
1584982934 2029
1584984735 2030
1584985383 2031
1584987113 2032
1584987935 2033
1584990539 2034
1584994701 2035
1584995707 2036
1584997043 2037
1584999386 2038
1585000496 2039
1585000939 2040
1585002202 2041
1585003050 2042
1585030438 2043
1585038916 2044
1585042190 2045
1585043303 2046
1585044668 2047
1585044738 2048
1585049243 2049
1585062493 2050
1585065861 2051
1585069332 2052
1585070050 2053
1585073473 2054
1585076131 2055
1585082818 2056
1585087377 2057
1585119539 2058
1585123565 2059
1585123787 2060
1585126202 2061
1585126539 2062
1585132908 2063
1585139712 2064
1585150674 2065
1585151330 2066
1585151754 2067
1585156434 2068
1585156497 2069
1585156664 2070
1585157991 2071
1585159248 2072
1585160325 2073
1585163221 2074
1585164365 2075
1585168749 2076
1585169363 2077
1585169819 2078
1585178033 2079
1585180771 2080
1585184143 2081
1585191549 2082
1585217953 2083
1585218593 2084
1585219537 2085
1585228728 2086
1585229842 2087
1585238066 2088
1585240672 2089
1585243652 2090
1585251319 2091
1585251319 2092
1585261803 2093
1585262332 2094
1585263851 2095
1585268345 2096
1585288515 2097
1585301109 2098
1585304706 2099
1585305658 2100
1585310549 2101
1585311433 2102
1585311899 2103
1585314085 2104
1585316504 2105
1585319094 2106
1585319159 2107
1585322469 2108
1585327192 2109
1585328026 2110
1585328490 2111
1585333771 2112
1585346148 2113
1585350976 2114
1585353990 2115
1585356207 2116
1585356371 2117
1585360524 2118
1585361662 2119
1585369988 2120
1585382707 2121
1585386805 2122
1585387998 2123
1585388193 2124
1585389750 2125
1585392523 2126
1585392618 2127
1585394792 2128
1585394884 2129
1585396836 2130
1585398129 2131
1585398427 2132
1585404098 2133
1585404557 2134
1585412626 2135
1585414574 2136
1585417603 2137
1585419974 2138
1585420272 2139
1585420291 2140
1585421386 2141
1585423320 2142
1585424064 2143
1585430555 2144
1585430645 2145
1585443960 2146
1585445651 2147
1585472433 2148
1585476346 2149
1585479210 2150
1585479263 2151
1585479332 2152
1585483132 2153
1585487616 2154
1585490235 2155
1585490932 2156
1585493515 2157
1585498217 2158
1585499064 2159
1585500286 2160
1585509737 2161
1585514615 2162
1585516106 2163
1585519706 2164
1585524810 2165
1585527163 2166
1585555288 2167
1585556713 2168
1585559913 2169
1585565813 2170
1585570161 2171
1585573744 2172
1585589129 2173
1585596575 2174
1585597177 2175
1585602471 2176
1585602970 2177
1585612585 2178
1585630900 2179
1585648520 2180
1585655891 2181
1585656637 2182
1585657363 2183
1585658180 2184
1585663394 2185
1585663771 2186
1585669104 2187
1585671581 2188
1585673758 2189
1585683070 2190
1585734524 2191
1585747126 2192
1585753528 2193
1585754670 2194
1585771679 2195
1585779285 2196
1585782160 2197
1585784845 2198
1585788319 2199
1585819439 2200
1585824580 2201
1585828269 2202
1585839586 2203
1585845237 2204
1585850566 2205
1585851896 2206
1585863545 2207
1585868544 2208
1585870417 2209
1585896732 2210
1585909362 2211
1585911361 2212
1585922674 2213
1585923276 2214
1585929679 2215
1585930158 2216
1585933597 2217
1585938272 2218
1585956132 2219
1585956148 2220
1585958224 2221
1585958903 2222
1585978559 2223
1585990855 2224
1586018401 2225
1586022561 2226
1586024419 2227
1586033963 2228
1586055536 2229
1586084722 2230
1586094239 2231
1586096921 2232
1586098273 2233
1586106175 2234
1586116282 2235
1586117364 2236
1586124149 2237
1586125852 2238
1586140078 2239
1586166331 2240
1586167324 2241
1586167525 2242
1586173488 2243
1586178654 2244
1586180464 2245
1586180827 2246
1586180969 2247
1586185203 2248
1586196788 2249
1586198448 2250
1586201201 2251
1586204953 2252
1586207756 2253
1586209225 2254
1586209803 2255
1586215370 2256
1586215990 2257
1586217136 2258
1586257436 2259
1586257636 2260
1586257793 2261
1586263293 2262
1586267032 2263
1586273011 2264
1586287352 2265
1586291159 2266
1586296495 2267
1586340034 2268
1586344691 2269
1586352309 2270
1586353198 2271
1586366562 2272
1586369200 2273
1586372256 2274
1586374570 2275
1586380714 2276
1586443351 2277
1586444161 2278
1586469718 2279
1586473546 2280
1586480270 2281
1586483090 2282
1586502196 2283
1586526174 2284
1586546792 2285
1586619429 2286
1586623787 2287
1586623848 2288
1586627751 2289
1586628030 2290
1586653267 2291
1586654915 2292
1586688618 2293
1586688908 2294
1586695295 2295
1586696313 2296
1586707820 2297
1586707993 2298
1586711928 2299
1586720951 2300
1586742804 2301
1586768656 2302
1586774139 2303
1586776882 2304
1586808336 2305
1586808458 2306
1586809248 2307
1586809543 2308
1586810787 2309
1586811360 2310
1586812405 2311
1586813743 2312
1586814080 2313
1586814428 2314
1586815525 2315
1586817822 2316
1586819093 2317
1586820709 2318
1586822306 2319
1586822802 2320
1586827138 2321
1586827865 2322
1586861284 2323
1586869759 2324
1586870050 2325
1586872137 2326
1586886578 2327
1586891379 2328
1586893337 2329
1586904795 2330
1586947331 2331
1586950857 2332
1586958467 2333
1586977822 2334
1586979899 2335
1586987719 2336
1587029238 2337
1587059746 2338
1587073381 2339
1587080119 2340
1587136721 2341
1587138812 2342
1587139400 2343
1587140673 2344
1587140774 2345
1587149305 2346
1587168594 2347
1587175508 2348
1587200619 2349
1587208834 2350
1587210213 2351
1587220757 2352
1587223103 2353
1587235686 2354
1587235704 2355
1587239610 2356
1587254262 2357
1587261679 2358
1587299017 2359
1587306140 2360
1587320496 2361
1587320779 2362
1587324792 2363
1587339383 2364
1587344879 2365
1587397051 2366
1587402510 2367
1587403093 2368
1587461283 2369
1587471890 2370
1587495926 2371
1587498763 2372
1587499959 2373
1587511870 2374
1587539243 2375
1587549267 2376
1587570243 2377
1587592012 2378
1587595194 2379
1587644363 2380
1587645366 2381
1587647615 2382
1587724929 2383
1587726321 2384
1587729615 2385
1587742326 2386
1587762593 2387
1587819968 2388
1587838120 2389
1587846345 2390
1587856384 2391
1587857274 2392
1587859442 2393
1587860616 2394
1587891002 2395
1587913492 2396
1587933119 2397
1587945481 2398
1588015992 2399
1588086561 2400
1588089493 2401
1588090888 2402
1588093201 2403
1588113491 2404
1588149741 2405
1588163866 2406
1588181489 2407
1588196144 2408
1588236411 2409
1588245006 2410
1588245247 2411
1588258162 2412
1588274752 2413
1588281474 2414
1588290785 2415
1588335402 2416
1588348232 2417
1588353601 2418
1588422315 2419
1588443322 2420
1588508906 2421
1588510780 2422
1588553946 2423
1588678574 2424
1588711572 2425
1588714176 2426
1588756707 2427
1588764674 2428
1588765228 2429
1588800382 2430
1588868510 2431
1588868688 2432
1588873336 2433
1588945360 2434
1588960193 2435
1588964238 2436
1589031904 2437
1589046370 2438
1589052771 2439
1589054435 2440
1589122640 2441
1589142107 2442
1589147525 2443
1589151966 2444
1589158220 2445
1589185295 2446
1589196756 2447
1589199978 2448
1589202262 2449
1589240803 2450
1589279565 2451
1589283745 2452
1589289898 2453
1589300676 2454
1589315651 2455
1589466719 2456
1589712998 2457
1589717842 2458
1589797025 2459
1589815205 2460
1589838154 2461
1589888721 2462
1590000499 2463
1590056110 2464
1590060606 2465
1590174302 2466
1590311890 2467
1590317795 2468
1590320194 2469
1590364234 2470
1590392359 2471
1590434559 2472
1590488619 2473
1590528518 2474
1590674666 2475
1590685472 2476
1590687762 2477
1590687933 2478
1590761553 2479
1590782132 2480
1590844281 2481
1590976337 2482
1591042554 2483
1591230086 2484
1591271783 2485
1591966267 2486
1592331989 2487
1592485322 2488
1592837643 2489
1592898386 2490
1593015879 2491
1593017013 2492
1593038373 2493
1593090633 2494
1593128449 2495
1593215394 2496
1593447713 2497
1593459816 2498
1593605710 2499
1594024819 2500
1594144217 2501
1594285384 2502
1594303365 2503
1594632323 2504
1594723510 2505
1594821611 2506
1595090195 2507
1595148222 2508
1595262121 2509
1595513781 2510
1595537065 2511
1595584791 2512
1595638088 2513
1595669522 2514
1595680752 2515
1595843992 2516
1595886709 2517
1595893651 2518
1595943850 2519
1596069774 2520
1596131843 2521
1596145097 2522
1596464543 2523
1596530671 2524
1596598872 2525
1596747183 2526
1596754699 2527
1596912584 2528
1596977015 2529
1597007931 2530
1597020246 2531
1597082767 2532
1597153938 2533
1597170712 2534
1597173858 2535
1597236518 2536
1597434161 2537
1597515885 2538
1597516596 2539
1597571362 2540
1597587812 2541
1597671212 2542
1597685005 2543
1597688266 2544
1597846742 2545
1597876840 2546
1597917450 2547
1598000591 2548
1598121994 2549
1598125472 2550
1598197407 2551
1598216779 2552
1598277714 2553
1598282805 2554
1598348282 2555
1598390567 2556
1598527931 2557
1598535366 2558
1598555073 2559
1598564729 2560
1598620262 2561
1598622164 2562
1598644967 2563
1598746945 2564
1598799027 2565
1598802393 2566
1598807934 2567
1598817549 2568
1598869391 2569
1598870265 2570
1598957261 2571
1598957978 2572
1598963997 2573
1598973812 2574
1598993028 2575
1599002780 2576
1599039249 2577
1599072602 2578
1599177289 2579
1599209826 2580
1599403183 2581
1599431442 2582
1599523296 2583
1599567535 2584
1599567721 2585
1599644533 2586
1599660548 2587
1599738169 2588
1599741671 2589
1599767348 2590
1599820694 2591
1599848698 2592
1599855621 2593
1599946100 2594
1600070298 2595
1600092539 2596
1600102759 2597
1600127038 2598
1600161383 2599
1600390943 2600
1600452959 2601
1600499517 2602
1600547248 2603
1600683145 2604
1600810301 2605
1600858594 2606
1600898846 2607
1600905178 2608
1600953505 2609
1600979095 2610
1601032705 2611
1601039818 2612
1601051821 2613
1601107230 2614
1601112171 2615
1601116139 2616
1601118883 2617
1601119923 2618
1601192717 2619
1601288127 2620
1601288299 2621
1601329392 2622
1601336806 2623
1601463061 2624
1601482767 2625
1601548466 2626
1601622750 2627
1601833467 2628
1601889740 2629
1601898737 2630
1601919560 2631
1601939179 2632
1602006048 2633
1602105082 2634
1602160645 2635
1602407235 2636
1602439875 2637
1602518523 2638
1602543174 2639
1602576336 2640
1602582762 2641
1602586810 2642
1602629684 2643
1602669909 2644
1602682622 2645
1602706150 2646
1602706473 2647
1602706704 2648
1602709270 2649
1602758110 2650
1602777054 2651
1602781955 2652
1602786163 2653
1602846289 2654
1602851214 2655
1602864258 2656
1602948416 2657
1602968630 2658
1602971213 2659
1603019592 2660
1603020178 2661
1603024307 2662
1603125347 2663
1603194993 2664
1603195410 2665
1603223195 2666
1603232164 2667
1603235787 2668
1603288843 2669
1603291795 2670
1603392641 2671
1603441046 2672
1603458706 2673
1603477602 2674
1603482585 2675
1603494994 2676
1603615667 2677
1603655884 2678
1603658475 2679
1603661126 2680
1603664813 2681
1603672681 2682
1603716410 2683
1603731920 2684
1603735882 2685
1603739185 2686
1603742157 2687
1603790132 2688
1603795782 2689
1603796351 2690
1603798845 2691
1603809948 2692
1603817813 2693
1603819740 2694
1603825136 2695
1603834167 2696
1603834629 2697
1603840470 2698
1603845303 2699
1603876826 2700
1603881887 2701
1603885493 2702
1603895751 2703
1603899756 2704
1603900258 2705
1603914332 2706
1603915990 2707
1603917077 2708
1603917216 2709
1603917505 2710
1603917910 2711
1603918584 2712
1603918717 2713
1603919379 2714
1603928213 2715
1603935241 2716
1603955291 2717
1603968950 2718
1603971522 2719
1603980285 2720
1603980508 2721
1603983029 2722
1603992859 2723
1603995672 2724
1603997559 2725
1604002038 2726
1604021890 2727
1604050231 2728
1604052623 2729
1604054647 2730
1604093153 2731
1604102931 2732
1604122623 2733
1604139937 2734
1604142460 2735
1604164219 2736
1604168501 2737
1604186922 2738
1604188604 2739
1604239245 2740
1604241108 2741
1604268054 2742
1604276005 2743
1604304105 2744
1604338050 2745
1604342677 2746
1604344602 2747
1604349184 2748
1604433116 2749
1604486999 2750
1604593210 2751
1604600833 2752
1604601222 2753
1604677870 2754
1604744820 2755
1604871323 2756
1605036863 2757
1605092315 2758
1605092599 2759
1605123139 2760
1605194372 2761
1605203334 2762
1605221989 2763
1605273318 2764
1605279487 2765
1605318885 2766
1605347688 2767
1605384448 2768
1605397875 2769
1605406033 2770
1605516390 2771
1605568715 2772
1605650061 2773
1605725338 2774
1605727891 2775
1605727985 2776
1605805465 2777
1605823316 2778
1605989645 2779
1606311563 2780
1606514217 2781
1606729292 2782
1606742238 2783
1606754385 2784
1606764805 2785
1606857708 2786
1606915356 2787
1606991375 2788
1606992344 2789
1607070348 2790
1607109632 2791
1607166479 2792
1607340137 2793
1607373717 2794
1607395665 2795
1607432368 2796
1607455806 2797
1607562412 2798
1607612790 2799
1607678627 2800
1607679965 2801
1607853315 2802
1607931346 2803
1607978991 2804
1608032983 2805
1608033312 2806
1608150727 2807
1608234434 2808
1608323258 2809
1608466818 2810
1608471114 2811
1608504240 2812
1608554368 2813
1608768442 2814
1608821161 2815
1608912048 2816
1609062175 2817
1609172427 2818
1609274713 2819
1609422200 2820
1609449216 2821
1609520812 2822
1609530183 2823
1609585492 2824
1609603871 2825
1609607910 2826
1609616820 2827
1609617098 2828
1609619072 2829
1609717855 2830
1609750247 2831
1609760651 2832
1609788707 2833
1609802176 2834
1609840567 2835
1609842508 2836
1609919236 2837
1609935225 2838
1610018327 2839
1610036836 2840
1610180768 2841
1610277207 2842
1610302473 2843
1610362316 2844
1610462249 2845
1610464275 2846
1610485024 2847
1610488952 2848
1610528317 2849
1610531330 2850
1610551950 2851
1610563671 2852
1610619053 2853
1610728170 2854
1610737466 2855
1610820418 2856
1610829879 2857
1611105530 2858
1611143269 2859
1611171025 2860
1611222651 2861
1611272917 2862
1611331601 2863
1611338689 2864
1611399483 2865
1611488032 2866
1611513450 2867
1611523359 2868
1611571435 2869
1611614786 2870
1611672745 2871
1611834217 2872
1611854410 2873
1611910654 2874
1611950414 2875
1612002148 2876
1612036159 2877
1612118644 2878
1612120175 2879
1612127674 2880
1612189481 2881
1612206819 2882
1612457876 2883
1612475920 2884
1612480490 2885
1612556255 2886
1612741922 2887
1612811673 2888
1612818345 2889
1612827603 2890
1612885440 2891
1612888409 2892
1613072801 2893
1613124153 2894
1613133055 2895
1613484054 2896
1613497646 2897
1613599594 2898
1613679114 2899
1613848108 2900
1613933701 2901
1614010415 2902
1614279293 2903
1614349745 2904
1614623478 2905
1614773074 2906
1614786893 2907
1614882768 2908
1614888315 2909
1614934532 2910
1614942840 2911
1615054809 2912
1615203963 2913
1615398354 2914
1615400464 2915
1615402342 2916
1615408810 2917
1615469996 2918
1615486206 2919
1615492064 2920
1615502492 2921
1615574510 2922
1615660347 2923
1615678225 2924
1615853835 2925
1615883116 2926
1615924988 2927
1615935665 2928
1615940896 2929
1615970619 2930
1615977722 2931
1615986671 2932
1616078996 2933
1616095992 2934
1616111992 2935
1616157876 2936
1616246279 2937
1616258050 2938
1616304089 2939
1616340536 2940
1616369686 2941
1616500593 2942
1616517676 2943
1616683512 2944
1616705783 2945
1616745540 2946
1616959214 2947
1617061383 2948
1617063360 2949
1617106438 2950
1617114395 2951
1617209972 2952
1617210519 2953
1617222258 2954
1617270173 2955
1617275139 2956
1617324504 2957
1617359889 2958
1617523024 2959
1617572550 2960
1617693033 2961
1617709049 2962
1617716449 2963
1617779652 2964
1617872757 2965
1617886633 2966
1617903031 2967
1618008131 2968
1618091901 2969
1618135878 2970
1618236687 2971
1618423343 2972
1618480170 2973
1618492024 2974
1618494189 2975
1618570539 2976
1618776350 2977
1619127375 2978
1619137335 2979
1619376102 2980
1619558863 2981
1619621569 2982
1619630354 2983
1619638943 2984
1619874710 2985
1619955397 2986
1619980895 2987
1619986322 2988
1620036392 2989
1620057781 2990
1620065990 2991
1620128031 2992
1620221828 2993
1620243387 2994
1620289853 2995
1620307137 2996
1620315515 2997
1620633403 2998
1620733455 2999
1620756136 3000
1620758657 3001
1620824923 3002
1620835717 3003
1620838378 3004
1620903424 3005
1620912417 3006
1620992538 3007
1621002130 3008
1621008803 3009
1621016936 3010
1621031082 3011
1621068048 3012
1621073351 3013
1621079260 3014
1621081041 3015
1621116340 3016
1621156586 3017
1621169083 3018
1621189454 3019
1621260840 3020
1621291843 3021
1621323714 3022
1621329551 3023
1621336687 3024
1621338111 3025
1621343813 3026
1621356092 3027
1621373642 3028
1621422249 3029
1621435805 3030
1621452906 3031
1621464171 3032
1621477797 3033
1621524779 3034
1621729164 3035
1621848244 3036
1621939643 3037
1622046594 3038
1622118708 3039
1622132613 3040
1622292111 3041
1622409168 3042
1622548500 3043
1622586023 3044
1622730555 3045
1622750693 3046
1622885263 3047
1623001501 3048
1623175058 3049
1623188200 3050
1623230943 3051
1623274291 3052
1623338843 3053
1623582840 3054
1623708414 3055
1623778482 3056
1623780853 3057
1624013017 3058
1624103579 3059
1624294752 3060
1624303047 3061
1624382921 3062
1624467390 3063
1624470518 3064
1624627306 3065
1624704396 3066
1624745774 3067
1624897287 3068
1625062667 3069
1625146262 3070
1625150897 3071
1625168095 3072
1625234372 3073
1625348652 3074
1625402328 3075
1625415719 3076
1625523620 3077
1625656134 3078
1625686482 3079
1625745490 3080
1625756326 3081
1625758040 3082
1625786246 3083
1625837150 3084
1625838152 3085
1625843565 3086
1625863374 3087
1625917454 3088
1625953597 3089
1625954796 3090
1626010423 3091
1626087632 3092
1626088242 3093
1626120514 3094
1626121201 3095
1626123302 3096
1626123484 3097
1626123516 3098
1626124783 3099
1626125190 3100
1626125868 3101
1626126080 3102
1626128467 3103
1626128472 3104
1626132368 3105
1626132579 3106
1626157045 3107
1626163169 3108
1626163920 3109
1626169945 3110
1626174969 3111
1626175792 3112
1626179834 3113
1626185041 3114
1626186961 3115
1626193439 3116
1626194877 3117
1626196186 3118
1626204360 3119
1626204656 3120
1626209536 3121
1626209735 3122
1626266688 3123
1626268493 3124
1626270369 3125
1626273983 3126
1626279785 3127
1626289763 3128
1626299650 3129
1626303701 3130
1626343327 3131
1626346434 3132
1626352562 3133
1626365344 3134
1626381445 3135
1626395423 3136
1626403669 3137
1626431750 3138
1626432208 3139
1626437276 3140
1626438723 3141
1626462317 3142
1626491385 3143
1626521897 3144
1626524532 3145
1626536704 3146
1626540850 3147
1626540906 3148
1626555133 3149
1626556637 3150
1626570271 3151
1626597664 3152
1626599609 3153
1626602239 3154
1626645751 3155
1626649227 3156
1626704611 3157
1626724805 3158
1626776151 3159
1626780450 3160
1626788121 3161
1626790870 3162
1626813317 3163
1626821862 3164
1626828814 3165
1626878670 3166
1626883382 3167
1626893499 3168
1626899343 3169
1626910320 3170
1626964352 3171
1626967483 3172
1626982751 3173
1626983711 3174
1626987741 3175
1627045497 3176
1627053949 3177
1627057602 3178
1627079154 3179
1627082447 3180
1627092268 3181
1627109155 3182
1627142454 3183
1627160961 3184
1627168102 3185
1627298786 3186
1627328396 3187
1627342013 3188
1627382702 3189
1627426094 3190
1627428112 3191
1627473188 3192
1627476138 3193
1627507770 3194
1627570511 3195
1627753372 3196
1627767852 3197
1627776338 3198
1627801189 3199
1627821225 3200
1627829609 3201
1627839498 3202
1627931779 3203
1627934211 3204
1627943686 3205
1627998586 3206
1628003846 3207
1628016297 3208
1628019356 3209
1628021477 3210
1628033817 3211
1628081982 3212
1628113322 3213
1628257828 3214
1628266193 3215
1628277310 3216
1628290380 3217
1628328511 3218
1628365086 3219
1628423885 3220
1628433248 3221
1628478250 3222
1628501278 3223
1628537950 3224
1628629154 3225
1628640409 3226
1628704999 3227
1628758941 3228
1628760580 3229
1628807379 3230
1628856811 3231
1628862649 3232
1628863051 3233
1628878357 3234
1628881153 3235
1628935418 3236
1628952873 3237
1628985911 3238
1629135849 3239
1629155975 3240
1629295798 3241
1629308707 3242
1629328938 3243
1629471572 3244
1629473372 3245
1629486446 3246
1629557764 3247
1629571235 3248
1629573449 3249
1629823533 3250
1629826552 3251
1629843512 3252
1629849693 3253
1629895787 3254
1629900468 3255
1629966120 3256
1629976446 3257
1629986322 3258
1630072691 3259
1630251002 3260
1630267236 3261
1630319757 3262
1630337380 3263
1630347527 3264
1630414967 3265
1630432087 3266
1630448650 3267
1630695151 3268
1630700804 3269
1630841955 3270
1631019071 3271
1631044269 3272
1631235448 3273
1631355777 3274
1631402536 3275
1631482499 3276
1631542525 3277
1631562559 3278
1631708856 3279
1631716270 3280
1631797773 3281
1631815962 3282
1631832838 3283
1631918994 3284
1631928568 3285
1632128171 3286
1632161039 3287
1632171285 3288
1632217626 3289
