1579611316 1
1579611555 2
1579611751 3
1579621979 4
1579629367 5
1579636944 6
1579640280 7
1579646008 8
1579678473 9
1579727123 10
1579727177 11
1579730378 12
1579733220 13
1579734009 14
1579734215 15
1579734792 16
1579735590 17
1579737627 18
1579740900 19
1579772175 20
1579776449 21
1579778672 22
1579784057 23
1579784270 24
1579784502 25
1579791432 26
1579792908 27
1579811179 28
1579827367 29
1579849340 30
1579853947 31
1579854262 32
1579858552 33
1579858590 34
1579861015 35
1579861671 36
1579872263 37
1579880211 38
1579886746 39
1579887245 40
1579888707 41
1579892037 42
1579897615 43
1579898093 44
1579898104 45
1579899120 46
1579899597 47
1579899783 48
1579899824 49
1579900093 50
1579900136 51
1579900351 52
1579900500 53
1579900888 54
1579901083 55
1579901210 56
1579901630 57
1579901787 58
1579901886 59
1579901916 60
1579902344 61
1579904655 62
1579905912 63
1579906049 64
1579906055 65
1579906227 66
1579906351 67
1579906859 68
1579906939 69
1579906979 70
1579908329 71
1579915186 72
1579915723 73
1579917298 74
1579917630 75
1579940047 76
1579943708 77
1579949445 78
1579957910 79
1579961635 80
1579964705 81
1579966349 82
1579966383 83
1579968270 84
1579975431 85
1579976055 86
1579978580 87
1579979761 88
1579979940 89
1579982056 90
1579987781 91
1579990366 92
1579995294 93
1580025385 94
1580036556 95
1580039617 96
1580040653 97
1580072563 98
1580077054 99
1580079026 100
1580116947 101
1580118638 102
1580130647 103
1580145999 104
1580147519 105
1580149929 106
1580149994 107
1580150937 108
1580153583 109
1580163235 110
1580186044 111
1580208217 112
1580210960 113
1580214642 114
1580215430 115
1580237499 116
1580239491 117
1580244435 118
1580252123 119
1580281426 120
1580291450 121
1580292256 122
1580293317 123
1580294692 124
1580297046 125
1580305313 126
1580309486 127
1580329136 128
1580372528 129
1580380689 130
1580386391 131
1580389339 132
1580390124 133
1580393334 134
1580404348 135
1580418110 136
1580472399 137
1580478927 138
1580495851 139
1580545588 140
1580546975 141
1580547601 142
1580549272 143
1580555486 144
1580559931 145
1580571642 146
1580596569 147
1580597746 148
1580645299 149
1580647089 150
1580654725 151
1580659674 152
1580724385 153
1580740545 154
1580740922 155
1580913537 156
1580920567 157
1581070613 158
1581159381 159
1581159953 160
1581183489 161
1581193042 162
1581334312 163
1581419656 164
1581435264 165
1581635783 166
1581646190 167
1581770395 168
1582116561 169
1582377942 170
1582390772 171
1582391951 172
1582420665 173
1582463236 174
1582483015 175
1582497549 176
1582546289 177
1582549914 178
1582555762 179
1582558442 180
1582561004 181
1582563983 182
1582565759 183
1582568627 184
1582571134 185
1582573286 186
1582573993 187
1582598944 188
1582614333 189
1582615975 190
1582620595 191
1582627726 192
1582628613 193
1582638763 194
1582645706 195
1582651225 196
1582666546 197
1582673226 198
1582717298 199
1582720744 200
1582722355 201
1582738899 202
1582753999 203
1582754587 204
1582755496 205
1582786046 206
1582795284 207
1582803516 208
1582809112 209
1582809645 210
1582826009 211
1582836786 212
1582838314 213
1582838841 214
1582839768 215
1582843507 216
1582847664 217
1582849603 218
1582870865 219
1582876968 220
1582880484 221
1582883970 222
1582888323 223
1582899158 224
1582906321 225
1582909276 226
1582918892 227
1582962218 228
1582976265 229
1582993180 230
1582994276 231
1583005014 232
1583010636 233
1583010946 234
1583013290 235
1583018787 236
1583049042 237
1583062578 238
1583065191 239
1583072042 240
1583077462 241
1583091915 242
1583115640 243
1583131695 244
1583136924 245
1583143847 246
1583148676 247
1583155695 248
1583156047 249
1583159875 250
1583160067 251
1583164380 252
1583168388 253
1583168876 254
1583181768 255
1583184726 256
1583186026 257
1583196207 258
1583238361 259
1583239723 260
1583246002 261
1583260664 262
1583265761 263
1583269982 264
1583271259 265
1583278055 266
1583279920 267
1583316804 268
1583326851 269
1583329707 270
1583329766 271
1583344069 272
1583387023 273
1583391427 274
1583398157 275
1583399990 276
1583410520 277
1583411088 278
1583431629 279
1583432997 280
1583437268 281
1583438645 282
1583448634 283
1583451252 284
1583455362 285
1583489104 286
1583490809 287
1583500372 288
1583502776 289
1583502942 290
1583503109 291
1583518309 292
1583523508 293
1583526375 294
1583570868 295
1583584677 296
1583589852 297
1583614769 298
1583615655 299
1583625739 300
1583655198 301
1583662122 302
1583663416 303
1583680914 304
1583694339 305
1583700177 306
1583703376 307
1583724944 308
1583744788 309
1583763567 310
1583784344 311
1583790496 312
1583791485 313
1583801264 314
1583832091 315
1583832986 316
1583848213 317
1583916382 318
1583918962 319
1583933197 320
1583941386 321
1583953323 322
1583961415 323
1583961419 324
1583964215 325
1583976073 326
1583998732 327
1584001484 328
1584009266 329
1584009316 330
1584009865 331
1584021612 332
1584022269 333
1584030778 334
1584036545 335
1584042253 336
1584043316 337
1584043330 338
1584043427 339
1584045733 340
1584048984 341
1584049489 342
1584050949 343
1584055645 344
1584083341 345
1584091257 346
1584095317 347
1584102150 348
1584105279 349
1584106094 350
1584106438 351
1584125525 352
1584127174 353
1584132939 354
1584136241 355
1584137986 356
1584147330 357
1584149891 358
1584181985 359
1584183437 360
1584184029 361
1584184613 362
1584186496 363
1584196519 364
1584197030 365
1584201823 366
1584212096 367
1584213881 368
1584214174 369
1584217074 370
1584217468 371
1584218398 372
1584221734 373
1584222407 374
1584231836 375
1584237774 376
1584252017 377
1584256800 378
1584261735 379
1584263125 380
1584265334 381
1584269354 382
1584271870 383
1584273731 384
1584275526 385
1584279118 386
1584284060 387
1584284093 388
1584291410 389
1584293788 390
1584294775 391
1584299330 392
1584303481 393
1584305456 394
1584309219 395
1584310953 396
1584311899 397
1584314495 398
1584318635 399
1584328789 400
1584348544 401
1584357965 402
1584358947 403
1584359105 404
1584359497 405
1584359750 406
1584360103 407
1584364939 408
1584369942 409
1584372549 410
1584382435 411
1584383414 412
1584385060 413
1584389457 414
1584397135 415
1584397235 416
1584397371 417
1584398423 418
1584399325 419
1584404183 420
1584425562 421
1584442072 422
1584446346 423
1584448352 424
1584453048 425
1584459663 426
1584532336 427
1584543159 428
1584543941 429
1584555817 430
1584570380 431
1584612873 432
1584632885 433
1584649964 434
1584694425 435
1584704650 436
1584716945 437
1584723799 438
1584734704 439
1584736744 440
1584749771 441
1584757668 442
1584800258 443
1584810580 444
1584827001 445
1584829731 446
1584842394 447
1584870156 448
1584885004 449
1584892537 450
1584912895 451
1584974040 452
1584976533 453
1584985383 454
1584987113 455
1585042190 456
1585191549 457
1585288515 458
1585322469 459
1585328026 460
1585328490 461
1585333771 462
1585356371 463
1585361662 464
1585421386 465
1585430555 466
1585479263 467
1585479332 468
1585490235 469
1585498217 470
1585500286 471
1585754670 472
1585771679 473
1585782160 474
1585978559 475
1586024419 476
1586033963 477
1586125852 478
1586166331 479
1586180464 480
1586207756 481
1586220876 482
1586352309 483
1586623848 484
1586707820 485
1586819093 486
1586893337 487
1586950857 488
1586987719 489
1587168594 490
1587210213 491
1587299017 492
1587402510 493
1587471890 494
1587539243 495
1587645366 496
1588163866 497
1588258162 498
1588335402 499
1588756707 500
1589158220 501
1589289898 502
1589466719 503
1589712998 504
1592837643 505
1592898386 506
1593215394 507
1595090195 508
1595680752 509
1595886709 510
1597853035 511
1597876840 512
1597917450 513
1598197407 514
1598216779 515
1598564729 516
1598869391 517
1598993028 518
1599039249 519
1600070298 520
1600102759 521
1600390943 522
1600499517 523
1600953505 524
1600979095 525
1601032705 526
1601116139 527
1601919560 528
1602006048 529
1602629684 530
1602851214 531
1602864258 532
1603288843 533
1603392641 534
1603655884 535
1603658475 536
1603795782 537
1603796351 538
1603819740 539
1603825136 540
1603834167 541
1603968950 542
1603971522 543
1603992859 544
1604093153 545
1604122623 546
1604164219 547
1604318177 548
1604433116 549
1604486999 550
1604593210 551
1604600833 552
1604601222 553
1604677870 554
1604744820 555
1604783506 556
1604871323 557
