1579611316 1
1579611555 2
1579617811 3
1579621979 4
1579622150 5
1579629367 6
1579630675 7
1579636944 8
1579639995 9
1579640280 10
1579646008 11
1579678473 12
1579724250 13
1579727123 14
1579727177 15
1579727975 16
1579730378 17
1579733220 18
1579734009 19
1579734215 20
1579734792 21
1579735590 22
1579737627 23
1579740900 24
1579760592 25
1579772175 26
1579778672 27
1579778830 28
1579784057 29
1579784270 30
1579784502 31
1579792908 32
1579792912 33
1579806529 34
1579811179 35
1579821659 36
1579827367 37
1579840018 38
1579844499 39
1579852403 40
1579853947 41
1579854262 42
1579858552 43
1579858590 44
1579861015 45
1579861671 46
1579870844 47
1579872263 48
1579873194 49
1579875857 50
1579880211 51
1579886746 52
1579887245 53
1579888707 54
1579890751 55
1579892037 56
1579897192 57
1579897615 58
1579898093 59
1579898104 60
1579899120 61
1579899597 62
1579899783 63
1579899824 64
1579900093 65
1579900136 66
1579900290 67
1579900351 68
1579900500 69
1579900888 70
1579901083 71
1579901210 72
1579901630 73
1579901787 74
1579901916 75
1579902344 76
1579903110 77
1579904655 78
1579905912 79
1579906049 80
1579906227 81
1579906351 82
1579906859 83
1579906939 84
1579906979 85
1579907338 86
1579908229 87
1579908293 88
1579908329 89
1579911342 90
1579915186 91
1579915723 92
1579916416 93
1579917630 94
1579920712 95
1579922026 96
1579934676 97
1579940047 98
1579943708 99
1579944902 100
1579946835 101
1579949445 102
1579949468 103
1579949677 104
1579950615 105
1579951945 106
1579956895 107
1579957886 108
1579957910 109
1579962525 110
1579966349 111
1579966383 112
1579967349 113
1579968270 114
1579975776 115
1579976055 116
1579976177 117
1579978580 118
1579979761 119
1579979940 120
1579982056 121
1579984623 122
1579987781 123
1579990366 124
1579995294 125
1579999312 126
1580025385 127
1580032617 128
1580034093 129
1580036556 130
1580039816 131
1580040653 132
1580063156 133
1580072563 134
1580073364 135
1580077054 136
1580079026 137
1580081552 138
1580082532 139
1580109046 140
1580116947 141
1580119156 142
1580121793 143
1580130647 144
1580134245 145
1580135310 146
1580135506 147
1580139983 148
1580145999 149
1580147519 150
1580149929 151
1580150937 152
1580153583 153
1580157337 154
1580162604 155
1580163355 156
1580179150 157
1580205290 158
1580208891 159
1580209087 160
1580209441 161
1580209714 162
1580210960 163
1580214642 164
1580215430 165
1580218095 166
1580234905 167
1580237499 168
1580239491 169
1580239614 170
1580239642 171
1580242009 172
1580244435 173
1580252123 174
1580281426 175
1580286821 176
1580292256 177
1580293317 178
1580294692 179
1580308050 180
1580328596 181
1580352894 182
1580372528 183
1580378199 184
1580379102 185
1580380689 186
1580381070 187
1580386391 188
1580390124 189
1580396988 190
1580404348 191
1580418279 192
1580419059 193
1580472399 194
1580474163 195
1580478927 196
1580494200 197
1580495775 198
1580545588 199
1580547601 200
1580555486 201
1580559931 202
1580571642 203
1580596569 204
1580602005 205
1580611880 206
1580647089 207
1580654725 208
1580659674 209
1580673381 210
1580684741 211
1580699492 212
1580721735 213
1580724385 214
1580740545 215
1580740922 216
1580762786 217
1580763051 218
1580802759 219
1580819234 220
1580825801 221
1580836548 222
1580858244 223
1580889641 224
1580920567 225
1580978260 226
1581010663 227
1581061851 228
1581070613 229
1581072844 230
1581158479 231
1581159381 232
1581159953 233
1581183489 234
1581187306 235
1581193042 236
1581195345 237
1581331161 238
1581339543 239
1581414559 240
1581419656 241
1581428997 242
1581429752 243
1581509957 244
1581635783 245
1581770395 246
1581771472 247
1581924361 248
1581943066 249
1582116561 250
1582272984 251
1582391951 252
1582420665 253
1582456071 254
1582463236 255
1582497493 256
1582535958 257
1582547431 258
1582549914 259
1582554319 260
1582555762 261
1582561978 262
1582563983 263
1582568627 264
1582573286 265
1582573993 266
1582575979 267
1582615975 268
1582620595 269
1582627726 270
1582628613 271
1582629053 272
1582631966 273
1582638763 274
1582641162 275
1582645706 276
1582650461 277
1582651225 278
1582655367 279
1582666546 280
1582668436 281
1582673226 282
1582717298 283
1582720744 284
1582722355 285
1582733528 286
1582735601 287
1582738899 288
1582739226 289
1582752458 290
1582754587 291
1582755496 292
1582786046 293
1582795284 294
1582797060 295
1582803516 296
1582806431 297
1582809112 298
1582809645 299
1582810821 300
1582811752 301
1582826009 302
1582836786 303
1582838314 304
1582839768 305
1582841279 306
1582842132 307
1582843507 308
1582849603 309
1582870865 310
1582872089 311
1582876968 312
1582883970 313
1582884112 314
1582886664 315
1582887068 316
1582888323 317
1582889001 318
1582899158 319
1582899172 320
1582901583 321
1582903999 322
1582906321 323
1582911754 324
1582913556 325
1582918759 326
1582918892 327
1582919717 328
1582920244 329
1582922689 330
1582923783 331
1582931983 332
1582939292 333
1582960509 334
1582962218 335
1582962507 336
1582972173 337
1582974341 338
1582976268 339
1582990379 340
1582992395 341
1582993180 342
1582994276 343
1583005014 344
1583006481 345
1583010269 346
1583010636 347
1583010946 348
1583013290 349
1583018787 350
1583049042 351
1583061724 352
1583062578 353
1583065191 354
1583072042 355
1583074110 356
1583082260 357
1583087673 358
1583090422 359
1583091164 360
1583091915 361
1583100276 362
1583105552 363
1583108849 364
1583115640 365
1583136924 366
1583143847 367
1583148676 368
1583151672 369
1583151695 370
1583155695 371
1583156047 372
1583159875 373
1583165324 374
1583166187 375
1583168388 376
1583168876 377
1583170301 378
1583176819 379
1583181768 380
1583184797 381
1583186026 382
1583186961 383
1583189093 384
1583220371 385
1583235269 386
1583238361 387
1583239723 388
1583246002 389
1583249276 390
1583265761 391
1583266056 392
1583266872 393
1583268079 394
1583269982 395
1583271259 396
1583278055 397
1583279920 398
1583306960 399
1583317526 400
1583324701 401
1583326008 402
1583326796 403
1583326851 404
1583329766 405
1583333553 406
1583335222 407
1583344069 408
1583359624 409
1583364588 410
1583390165 411
1583391427 412
1583397004 413
1583398157 414
1583398264 415
1583405206 416
1583410520 417
1583413520 418
1583426515 419
1583428076 420
1583431629 421
1583432622 422
1583434109 423
1583437268 424
1583438645 425
1583444894 426
1583446175 427
1583455362 428
1583460415 429
1583476393 430
1583486516 431
1583489104 432
1583490809 433
1583491793 434
1583493356 435
1583502357 436
1583502776 437
1583502942 438
1583504046 439
1583506817 440
1583516683 441
1583518309 442
1583523014 443
1583525044 444
1583526375 445
1583538214 446
1583539557 447
1583543124 448
1583570868 449
1583574314 450
1583587384 451
1583589852 452
1583613775 453
1583614769 454
1583614870 455
1583615655 456
1583625739 457
1583646243 458
1583662122 459
1583663416 460
1583669007 461
1583675607 462
1583680251 463
1583680914 464
1583690335 465
1583692576 466
1583696359 467
1583699910 468
1583700177 469
1583703376 470
1583724944 471
1583737708 472
1583744788 473
1583757348 474
1583763567 475
1583767396 476
1583778825 477
1583784344 478
1583790111 479
1583790496 480
1583791485 481
1583799918 482
1583800460 483
1583830685 484
1583844963 485
1583849807 486
1583853754 487
1583859888 488
1583916382 489
1583918962 490
1583931353 491
1583933197 492
1583937801 493
1583941386 494
1583945865 495
1583949647 496
1583953323 497
1583961415 498
1583961419 499
1583964215 500
1583968352 501
1584000090 502
1584001484 503
1584009266 504
1584009297 505
1584009865 506
1584011401 507
1584013582 508
1584022009 509
1584022269 510
1584024031 511
1584030778 512
1584036545 513
1584039668 514
1584042253 515
1584042361 516
1584043330 517
1584043367 518
1584043391 519
1584043427 520
1584043515 521
1584045196 522
1584045733 523
1584047733 524
1584047957 525
1584049489 526
1584050949 527
1584051350 528
1584052927 529
1584055601 530
1584055645 531
1584059485 532
1584059849 533
1584060080 534
1584083341 535
1584088091 536
1584088150 537
1584091257 538
1584096938 539
1584102150 540
1584105279 541
1584106094 542
1584106438 543
1584106816 544
1584114937 545
1584118451 546
1584125525 547
1584125721 548
1584127174 549
1584136241 550
1584136753 551
1584137812 552
1584137986 553
1584139102 554
1584145853 555
1584147330 556
1584149891 557
1584166434 558
1584176087 559
1584181088 560
1584181360 561
1584183437 562
1584184029 563
1584186496 564
1584190967 565
1584196516 566
1584196519 567
1584197030 568
1584209943 569
1584215272 570
1584217074 571
1584217468 572
1584217584 573
1584217661 574
1584218398 575
1584218752 576
1584221080 577
1584221664 578
1584221734 579
1584222407 580
1584223121 581
1584223522 582
1584226387 583
1584228448 584
1584228655 585
1584231836 586
1584235329 587
1584252017 588
1584258453 589
1584259794 590
1584261600 591
1584265334 592
1584269354 593
1584271870 594
1584271991 595
1584272080 596
1584273824 597
1584277364 598
1584284060 599
1584288969 600
1584289446 601
1584291410 602
1584293396 603
1584293788 604
1584294018 605
1584294643 606
1584294775 607
1584295196 608
1584297172 609
1584298096 610
1584299330 611
1584300239 612
1584301560 613
1584301598 614
1584302599 615
1584303737 616
1584304546 617
1584305456 618
1584305965 619
1584309219 620
1584310953 621
1584313855 622
1584318635 623
1584328789 624
1584335305 625
1584346691 626
1584346978 627
1584347911 628
1584353819 629
1584354266 630
1584354402 631
1584356886 632
1584357965 633
1584358947 634
1584359105 635
1584360103 636
1584360428 637
1584362027 638
1584363072 639
1584363197 640
1584365561 641
1584368013 642
1584370980 643
1584374822 644
1584376760 645
1584378048 646
1584378341 647
1584382435 648
1584382672 649
1584386768 650
1584387555 651
1584388317 652
1584388677 653
1584389164 654
1584389629 655
1584391129 656
1584392665 657
1584395340 658
1584396903 659
1584397135 660
1584397371 661
1584398021 662
1584398423 663
1584398809 664
1584400427 665
1584400460 666
1584400951 667
1584404183 668
1584425562 669
1584431436 670
1584436657 671
1584436958 672
1584438638 673
1584439057 674
1584442072 675
1584444634 676
1584445633 677
1584447611 678
1584447649 679
1584448352 680
1584453048 681
1584456762 682
1584456864 683
1584457880 684
1584461187 685
1584463592 686
1584465037 687
1584466305 688
1584474341 689
1584477179 690
1584516458 691
1584525695 692
1584535086 693
1584540882 694
1584543941 695
1584548445 696
1584548994 697
1584554826 698
1584558627 699
1584560624 700
1584562554 701
1584563644 702
1584563691 703
1584567177 704
1584570380 705
1584578348 706
1584578845 707
1584579271 708
1584607740 709
1584612873 710
1584620996 711
1584625355 712
1584630607 713
1584632885 714
1584633341 715
1584636858 716
1584653809 717
1584658546 718
1584677227 719
1584698690 720
1584700442 721
1584702105 722
1584703510 723
1584703810 724
1584705429 725
1584707866 726
1584716945 727
1584722978 728
1584725420 729
1584736744 730
1584737966 731
1584745107 732
1584749771 733
1584756654 734
1584796003 735
1584800258 736
1584800351 737
1584810580 738
1584827001 739
1584831484 740
1584864858 741
1584870156 742
1584874411 743
1584882275 744
1584883291 745
1584892537 746
1584894447 747
1584907891 748
1584912895 749
1584920397 750
1584927024 751
1584962174 752
1584974040 753
1584976533 754
1584979589 755
1584980297 756
1584980375 757
1584980772 758
1584981484 759
1584985383 760
1584987113 761
1584990539 762
1585042190 763
1585123565 764
1585157991 765
1585160325 766
1585164365 767
1585168749 768
1585169363 769
1585180771 770
1585261920 771
1585288515 772
1585310549 773
1585316504 774
1585322469 775
1585327192 776
1585328026 777
1585333771 778
1585350976 779
1585356371 780
1585361662 781
1585387998 782
1585398129 783
1585404098 784
1585419974 785
1585421386 786
1585430555 787
1585472433 788
1585479263 789
1585490235 790
1585493515 791
1585498217 792
1585500286 793
1585509737 794
1585516106 795
1585519706 796
1585527163 797
1585555288 798
1585559913 799
1585589129 800
1585655891 801
1585673758 802
1585747126 803
1585754670 804
1585771679 805
1585782160 806
1585840719 807
1585863545 808
1585929679 809
1585938272 810
1585956132 811
1585956148 812
1585978559 813
1586018401 814
1586024419 815
1586055536 816
1586096921 817
1586098273 818
1586117364 819
1586125852 820
1586166331 821
1586167525 822
1586180464 823
1586201201 824
1586207756 825
1586215370 826
1586215990 827
1586220876 828
1586257436 829
1586257793 830
1586287352 831
1586443351 832
1586444161 833
1586457304 834
1586546792 835
1586628030 836
1586688908 837
1586707820 838
1586742804 839
1586768656 840
1586776882 841
1586808336 842
1586810787 843
1586812405 844
1586815525 845
1586827138 846
1586827865 847
1586869759 848
1586870050 849
1586872137 850
1586886578 851
1586891379 852
1586893337 853
1586904795 854
1586947331 855
1586950857 856
1586958467 857
1586977822 858
1586979899 859
1586987719 860
1587029238 861
1587059746 862
1587073381 863
1587080119 864
1587136721 865
1587138812 866
1587139400 867
1587140673 868
1587140774 869
1587149305 870
1587168594 871
1587175508 872
1587200619 873
1587208834 874
1587210213 875
1587220757 876
1587223103 877
1587235686 878
1587235704 879
1587238887 880
1587239610 881
1587254262 882
1587261679 883
1587299017 884
1587306140 885
1587320496 886
1587320779 887
1587322177 888
1587324792 889
1587339383 890
1587344879 891
1587397051 892
1587402510 893
1587403093 894
1587461283 895
1587470648 896
