1580083200 235 12 223
1580688000 388 28 360
1581292800 444 37 407
1581897600 479 45 434
1582502400 508 52 456
1583107200 766 72 694
1583712000 1028 122 906
1584316800 1536 252 1284
1584921600 2027 548 1479
1585526400 2191 734 1457
1586131200 2264 878 1386
1586736000 2327 1017 1310
1587340800 2392 1152 1240
1587945600 2426 1258 1168
1588550400 2450 1366 1084
1589155200 2472 1477 995
1589760000 2486 1589 897
1590364800 2498 1649 849
1590969600 2509 1725 784
1591574400 2513 1781 732
1592179200 2514 1817 697
1592784000 2516 1854 662
1593388800 2524 1913 611
1593993600 2528 1949 579
1594598400 2532 1997 535
1595203200 2537 2089 448
1595808000 2544 2208 336
1596412800 2552 2232 320
