1579611316 1
1579611555 2
1579617811 3
1579629367 4
1579630675 5
1579636944 6
1579639995 7
1579640775 8
1579646008 9
1579678473 10
1579724250 11
1579727123 12
1579727177 13
1579727975 14
1579730378 15
1579733220 16
1579734215 17
1579734792 18
1579735590 19
1579760592 20
1579776449 21
1579778672 22
1579784057 23
1579784270 24
1579784502 25
1579806529 26
1579811179 27
1579844499 28
1579849340 29
1579852403 30
1579853947 31
1579854262 32
1579858552 33
1579858590 34
1579861015 35
1579861671 36
1579872263 37
1579875857 38
1579880211 39
1579886746 40
1579887245 41
1579888707 42
1579897615 43
1579898093 44
1579898104 45
1579899120 46
1579899597 47
1579899783 48
1579899824 49
1579900290 50
1579900351 51
1579900500 52
1579900888 53
1579901210 54
1579901630 55
1579901787 56
1579901916 57
1579904655 58
1579905912 59
1579906227 60
1579906859 61
1579906939 62
1579908329 63
1579915186 64
1579915723 65
1579916416 66
1579920712 67
1579940047 68
1579946835 69
1579957910 70
1579961635 71
1579966349 72
1579967349 73
1579968270 74
1579979761 75
1579979940 76
1579982056 77
1579984623 78
1579990366 79
1579995294 80
1580025385 81
1580034093 82
1580036233 83
1580036556 84
1580039617 85
1580040653 86
1580063156 87
1580077054 88
1580079026 89
1580109046 90
1580116947 91
1580119156 92
1580121793 93
1580130647 94
1580134245 95
1580139983 96
1580145999 97
1580147519 98
1580149994 99
1580150937 100
1580163355 101
1580179150 102
1580200461 103
1580210960 104
1580214642 105
1580215430 106
1580218095 107
1580234905 108
1580237499 109
1580239491 110
1580239614 111
1580242009 112
1580281426 113
1580291450 114
1580292256 115
1580294692 116
1580297046 117
1580309486 118
1580329136 119
1580372528 120
1580380689 121
1580381070 122
1580386391 123
1580390124 124
1580404348 125
1580418110 126
1580418279 127
1580472399 128
1580474163 129
1580478927 130
1580484853 131
1580545588 132
1580546975 133
1580547601 134
1580555486 135
1580559931 136
1580571642 137
1580596569 138
1580611880 139
1580647089 140
1580684741 141
1580740545 142
1580819234 143
1580825801 144
1580858244 145
1580920567 146
1581010663 147
1581070613 148
1581072844 149
1581159953 150
1581183489 151
1581187306 152
1581193042 153
1581331161 154
1581331394 155
1581428997 156
1581429752 157
1581585241 158
1581635783 159
1581770395 160
1581924361 161
1582116561 162
1582391951 163
1582402425 164
1582420665 165
1582497493 166
1582549914 167
1582555762 168
1582561004 169
1582562717 170
1582563983 171
1582573286 172
1582575979 173
1582615975 174
1582620595 175
1582627726 176
1582628613 177
1582631966 178
1582638763 179
1582645706 180
1582651225 181
1582666546 182
1582673226 183
1582720744 184
1582722355 185
1582738899 186
1582752458 187
1582795284 188
1582806431 189
1582809112 190
1582809645 191
1582836786 192
1582839768 193
1582841279 194
1582843507 195
1582847664 196
1582849603 197
1582870865 198
1582876968 199
1582880893 200
1582883970 201
1582887068 202
1582888323 203
1582899172 204
1582913556 205
1582918892 206
1582923783 207
1582939292 208
1582976265 209
1582976268 210
1582993180 211
1582994276 212
1583005014 213
1583013290 214
1583018787 215
1583072042 216
1583074110 217
1583091164 218
1583091915 219
1583131695 220
1583143847 221
1583148676 222
1583151672 223
1583151695 224
1583155695 225
1583156047 226
1583186026 227
1583238361 228
1583254819 229
1583266056 230
1583268079 231
1583271259 232
1583271873 233
1583307812 234
1583326008 235
1583329766 236
1583333553 237
1583344069 238
1583398157 239
1583399990 240
1583405206 241
1583410520 242
1583413520 243
1583426515 244
1583437042 245
1583437268 246
1583438645 247
1583444894 248
1583451252 249
1583489104 250
1583489620 251
1583490809 252
1583502357 253
1583502942 254
1583504046 255
1583508542 256
1583587384 257
1583614769 258
1583614870 259
1583625739 260
1583638146 261
1583662122 262
1583680251 263
1583699910 264
1583700177 265
1583703376 266
1583724944 267
1583737708 268
1583744788 269
1583757348 270
1583763567 271
1583767396 272
1583784344 273
1583826500 274
1583830685 275
1583859888 276
1583871684 277
1583916382 278
1583931353 279
1583933197 280
1583961419 281
1583980767 282
1584009297 283
1584009865 284
1584021612 285
1584022269 286
1584036545 287
1584042361 288
1584043330 289
1584047957 290
1584049823 291
1584052927 292
1584055601 293
1584057057 294
1584102150 295
1584105279 296
1584106094 297
1584106438 298
1584118451 299
1584127174 300
1584136241 301
1584147330 302
1584166434 303
1584176087 304
1584183437 305
1584186496 306
1584190967 307
1584196516 308
1584196519 309
1584197030 310
1584213881 311
1584215272 312
1584217584 313
1584218398 314
1584220750 315
1584222407 316
1584223121 317
1584228224 318
1584228448 319
1584231836 320
1584237774 321
1584256800 322
1584261600 323
1584263125 324
1584265334 325
1584269354 326
1584271431 327
1584271870 328
1584274228 329
1584282818 330
1584287449 331
1584288969 332
1584293396 333
1584294775 334
1584297172 335
1584301560 336
1584301598 337
1584303737 338
1584304546 339
1584305456 340
1584305965 341
1584309219 342
1584310953 343
1584346691 344
1584356886 345
1584359105 346
1584362027 347
1584363072 348
1584364939 349
1584368013 350
1584374822 351
1584378048 352
1584382435 353
1584382672 354
1584388677 355
1584389937 356
1584391129 357
1584394251 358
1584395340 359
1584398423 360
1584404183 361
1584436958 362
1584442072 363
1584444634 364
1584448666 365
1584451843 366
1584454587 367
1584456864 368
1584466305 369
1584522966 370
1584535086 371
1584562554 372
1584570380 373
1584630607 374
1584633341 375
1584653809 376
1584694425 377
1584705429 378
1584722978 379
1584725420 380
1584736744 381
1584737966 382
1584745107 383
1584749771 384
1584756654 385
1584790755 386
1584800258 387
1584800351 388
1584810580 389
1584829731 390
1584842394 391
1584870156 392
1584883291 393
1584892537 394
1584907891 395
1584912895 396
1584974040 397
1584979589 398
1584980375 399
1584980772 400
1584985383 401
1584987113 402
1584990539 403
1585184143 404
1585288515 405
1585314085 406
1585328026 407
1585333771 408
1585350976 409
1585353990 410
1585387998 411
1585419974 412
1585421386 413
1585430555 414
1585479263 415
1585498217 416
1585509737 417
1585602970 418
1585771679 419
1585782160 420
1585956148 421
1585978559 422
1586024419 423
1586055536 424
1586096921 425
1586098273 426
1586117364 427
1586125852 428
1586166331 429
1586167525 430
1586180464 431
1586207756 432
1586220876 433
1586287352 434
1586480270 435
1586707820 436
1586808336 437
1586979899 438
1586987719 439
1587168594 440
1587402510 441
1587471890 442
1587539243 443
1587645366 444
1587729615 445
1587846345 446
1587857274 447
1588015992 448
1588163866 449
1588236411 450
1588245006 451
1588510780 452
1588711572 453
1588756707 454
1589888721 455
1590000499 456
1590056110 457
1590060606 458
1590174302 459
1590311890 460
1590317795 461
1590320194 462
1590364234 463
1590392359 464
1590434559 465
