1579478400 2089 2 231 231
1580083200 6794 17 319 153
1580688000 3472 8 261 55
1581292800 3136 8 231 35
1581897600 2240 5 218 28
1582502400 12025 25 579 256
1583107200 21069 25 767 260
1583712000 39275 28 1263 508
1584316800 46556 84 1565 489
1584921600 34904 54 1255 163
1585526400 26567 25 1097 73
1586131200 24643 26 991 63
1586736000 23679 40 965 64
1587340800 16281 24 767 34
1587945600 16749 11 755 24
1588550400 15726 13 703 22
1589155200 10109 10 610 14
1589760000 6508 4 470 12
1590364800 7797 5 454 11
1590969600 5379 3 355 4
1591574400 3030 0 309 1
1592179200 2962 2 297 2
1592784000 3715 0 336 8
1593388800 1957 2 246 3
1593993600 3236 3 309 4
1594598400 4622 5 358 5
1595203200 3880 2 351 7
1595808000 4248 1 324 7
1596412800 4830 6 339 8
1597017600 5428 6 369 11
1597622400 6134 6 375 11
1598227200 6379 2 411 16
1598832000 5306 3 383 14
1599436800 8663 6 439 12
1600041600 7919 7 402 9
1600646400 9375 3 483 16
1601251200 6359 4 420 9
1601856000 7348 4 422 9
1602460800 13119 7 563 25
1603065600 10981 4 546 20
1603670400 25079 11 885 62
1604275200 10104 9 603 14
1604880000 10392 2 552 14
1605484800 6809 9 440 9
1606089600 6115 5 427 2
1606694400 6430 2 373 11
1607299200 7989 9 432 10
1607904000 7631 16 433 10
1608508800 7103 11 431 6
1609113600 10814 10 479 13
1609718400 9868 7 497 13
