1580083200 233 11 222
1580688000 386 25 361
1581292800 441 33 408
1581897600 476 40 436
1582502400 505 45 460
1583107200 761 63 698
1583712000 1021 107 914
1584316800 1529 217 1312
1584921600 2019 460 1559
1585526400 2182 598 1584
1586131200 2255 703 1552
1586736000 2318 796 1522
1587340800 2382 882 1500
1587945600 2416 944 1472
1588550400 2440 1009 1431
1589155200 2462 1065 1397
1589760000 2476 1102 1374
1590364800 2488 1123 1365
1590969600 2499 1158 1341
1591574400 2503 1180 1323
1592179200 2504 1192 1312
1592784000 2506 1206 1300
1593388800 2514 1223 1291
1593993600 2517 1229 1288
1594598400 2521 1239 1282
1595203200 2526 1254 1272
1595808000 2533 1270 1263
1596412800 2540 1282 1258
1597017600 2548 1302 1246
1597622400 2559 1327 1232
1598227200 2570 1345 1225
1598832000 2586 1371 1215
1599436800 2600 1387 1213
1600041600 2612 1414 1198
1600646400 2621 1440 1181
1601251200 2637 1473 1164
1601856000 2646 1499 1147
1602460800 2655 1523 1132
1603065600 2680 1582 1098
1603670400 2700 1635 1065
1604275200 2762 1882 880
1604880000 2776 2012 764
1605484800 2790 2147 643
1606089600 2799 2264 535
1606694400 2801 2405 396
1607299200 2812 2418 394
