1579611316 1
1579611751 2
1579629367 3
1579636944 4
1579678473 5
1579727123 6
1579733220 7
1579734009 8
1579734792 9
1579735590 10
1579760592 11
1579776449 12
1579778672 13
1579784057 14
1579784270 15
1579784502 16
1579792908 17
1579793640 18
1579811179 19
1579840018 20
1579849340 21
1579858590 22
1579861015 23
1579861671 24
1579872263 25
1579887245 26
1579899120 27
1579899597 28
1579899824 29
1579900888 30
1579901210 31
1579904004 32
1579906055 33
1579906351 34
1579908329 35
1579915723 36
1579934676 37
1579940047 38
1579943548 39
1579946835 40
1579950615 41
1579961635 42
1579966349 43
1579967349 44
1579968270 45
1579975776 46
1579976177 47
1579978580 48
1579979940 49
1579990366 50
1580025385 51
1580034093 52
1580036556 53
1580040653 54
1580072563 55
1580077054 56
1580079026 57
1580109046 58
1580116947 59
1580119156 60
1580121793 61
1580130647 62
1580135310 63
1580141917 64
1580142357 65
1580149929 66
1580150937 67
1580200461 68
1580214642 69
1580215430 70
1580237499 71
1580239614 72
1580242009 73
1580244435 74
1580289227 75
1580291450 76
1580293317 77
1580309486 78
1580329136 79
1580372528 80
1580378199 81
1580381070 82
1580390124 83
1580545588 84
1580555486 85
1580559931 86
1580571642 87
1580596569 88
1580597746 89
1580647089 90
1580654725 91
1580740545 92
1580740922 93
1580858244 94
1581010663 95
1581070613 96
1581072844 97
1581159953 98
1581183489 99
1581193042 100
1581339543 101
1581428997 102
1581635783 103
1581646190 104
1581770395 105
1582391951 106
1582463236 107
1582549914 108
1582555659 109
1582555762 110
1582561004 111
1582563983 112
1582568627 113
1582620595 114
1582631966 115
1582638763 116
1582645706 117
1582651225 118
1582665550 119
1582666546 120
1582673226 121
1582717298 122
1582752458 123
1582795284 124
1582801259 125
1582833326 126
1582836786 127
1582841279 128
1582876968 129
1582883970 130
1582901583 131
1582902555 132
1582923317 133
1582976265 134
1582978340 135
1582986686 136
1582994276 137
1583005014 138
1583065191 139
1583072042 140
1583084335 141
1583091915 142
1583131695 143
1583148676 144
1583151695 145
1583155695 146
1583156047 147
1583160067 148
1583176121 149
1583187874 150
1583189093 151
1583196207 152
1583226444 153
1583239491 154
1583249276 155
1583278055 156
1583316804 157
1583323546 158
1583326851 159
1583329766 160
1583337199 161
1583396050 162
1583397004 163
1583398157 164
1583398264 165
1583405206 166
1583410520 167
1583413520 168
1583437268 169
1583446175 170
1583455362 171
1583489104 172
1583489620 173
1583490809 174
1583503109 175
1583504046 176
1583518309 177
1583526375 178
1583608959 179
1583614769 180
1583614870 181
1583625739 182
1583662122 183
1583673059 184
1583734573 185
1583744788 186
1583763398 187
1583763567 188
1583832091 189
1583836407 190
1583859888 191
1583865779 192
1583866945 193
1583916382 194
1583918962 195
1583933197 196
1583937801 197
1583961415 198
1583961419 199
1584009266 200
1584022009 201
1584022269 202
1584049489 203
1584050949 204
1584054807 205
1584102150 206
1584127174 207
1584147330 208
1584196519 209
1584217074 210
1584217584 211
1584218398 212
1584219306 213
1584231836 214
1584256800 215
1584265334 216
1584267366 217
1584268285 218
1584271870 219
1584272379 220
1584273731 221
1584290342 222
1584294775 223
1584303737 224
1584309219 225
1584313855 226
1584328789 227
1584360103 228
1584363072 229
1584364160 230
1584364939 231
1584372211 232
1584374822 233
1584383414 234
1584398021 235
1584399325 236
1584404799 237
1584431436 238
1584434985 239
1584463592 240
1584522966 241
1584543941 242
1584548994 243
1584563644 244
1584570380 245
1584612873 246
1584632885 247
1584693849 248
1584694425 249
1584703510 250
1584829731 251
1584882275 252
1584912895 253
1584974040 254
1584976533 255
1584987113 256
1584987935 257
1585070050 258
1585288515 259
1585311899 260
1585333771 261
1585356371 262
1585392523 263
1585421386 264
1585430555 265
1585430645 266
1585509737 267
1585519706 268
1585527163 269
1585655891 270
1585771679 271
1585782160 272
1586117364 273
1586166331 274
1586180464 275
1586352309 276
1586473546 277
1586623848 278
1586707820 279
1587059746 280
1587073381 281
1587397051 282
1587402510 283
1587471890 284
1587539243 285
1587846345 286
1588163866 287
1588335402 288
1588510780 289
1588756707 290
1588868510 291
1595090195 292
1595680752 293
1598216779 294
1598746945 295
1598963997 296
1599002780 297
1599039249 298
1599660548 299
1600092539 300
1600390943 301
1600499517 302
1601118883 303
1601919560 304
1602439875 305
1602629684 306
1602669909 307
1602851214 308
1603223195 309
1603716410 310
1603845303 311
1603935241 312
1605805465 313
1606742238 314
1607166479 315
1609422200 316
1609617098 317
1609760651 318
1610362316 319
1610737466 320
1611834217 321
1615203963 322
1615400464 323
1615486206 324
1616517676 325
1618008131 326
1621008803 327
1624467390 328
1624627306 329
1624897287 330
1625146262 331
1625150897 332
1626132368 333
1626163920 334
1626194877 335
1626432208 336
1626462317 337
1626704611 338
1626788121 339
1626910320 340
1627053949 341
1627082447 342
1627092268 343
1627328396 344
1627382702 345
1628003846 346
1628019356 347
1628081982 348
1628758941 349
1628856811 350
1628863051 351
1628952873 352
1629135849 353
1629308707 354
1629849693 355
1630337380 356
1630695151 357
1630700804 358
1631235448 359
1631355777 360
1631402536 361
1631482499 362
1631542525 363
1631562559 364
