1579611316 1
1579611555 2
1579617811 3
1579621979 4
1579627499 5
1579630675 6
1579636944 7
1579678473 8
1579724250 9
1579727123 10
1579727177 11
1579727975 12
1579730378 13
1579733220 14
1579734215 15
1579734792 16
1579735590 17
1579760592 18
1579772175 19
1579776449 20
1579777951 21
1579778672 22
1579784057 23
1579784270 24
1579784502 25
1579791432 26
1579792912 27
1579806529 28
1579811179 29
1579844499 30
1579853947 31
1579854262 32
1579858552 33
1579858590 34
1579861015 35
1579861671 36
1579870844 37
1579872263 38
1579880211 39
1579886746 40
1579887245 41
1579888707 42
1579897615 43
1579898093 44
1579898104 45
1579898366 46
1579899120 47
1579899597 48
1579899783 49
1579899824 50
1579900290 51
1579900351 52
1579900500 53
1579900515 54
1579900888 55
1579901210 56
1579901630 57
1579901787 58
1579901916 59
1579904655 60
1579905912 61
1579906049 62
1579906227 63
1579906859 64
1579908329 65
1579915723 66
1579916416 67
1579920712 68
1579922026 69
1579940047 70
1579943708 71
1579944902 72
1579949445 73
1579949677 74
1579953209 75
1579956895 76
1579957910 77
1579961635 78
1579962300 79
1579966349 80
1579966383 81
1579967349 82
1579968270 83
1579975776 84
1579976055 85
1579978580 86
1579979761 87
1579979940 88
1579982056 89
1579982100 90
1579984623 91
1579990366 92
1579995294 93
1580025385 94
1580032617 95
1580034093 96
1580036556 97
1580039816 98
1580040653 99
1580077054 100
1580078790 101
1580079026 102
1580081552 103
1580109046 104
1580119156 105
1580130647 106
1580134245 107
1580135310 108
1580139983 109
1580142357 110
1580145999 111
1580147519 112
1580149994 113
1580150937 114
1580163355 115
1580200461 116
1580214642 117
1580215430 118
1580218095 119
1580234905 120
1580237499 121
1580239491 122
1580239614 123
1580240823 124
1580242009 125
1580244435 126
1580281426 127
1580291450 128
1580292256 129
1580293317 130
1580294692 131
1580309486 132
1580329136 133
1580361242 134
1580372528 135
1580380689 136
1580381070 137
1580386391 138
1580390124 139
1580393334 140
1580404348 141
1580418279 142
1580472399 143
1580478927 144
1580484853 145
1580545588 146
1580546975 147
1580547601 148
1580555486 149
1580559931 150
1580571642 151
1580596569 152
1580611880 153
1580654725 154
1580721735 155
1580724385 156
1580740545 157
1580762786 158
1580763051 159
1580819234 160
1580920567 161
1580978260 162
1581010663 163
1581061851 164
1581070613 165
1581072844 166
1581159953 167
1581183489 168
1581187306 169
1581193042 170
1581195345 171
1581331161 172
1581339543 173
1581414559 174
1581428997 175
1581429752 176
1581635783 177
1581770395 178
1581924361 179
1581953185 180
1582377942 181
1582391951 182
1582420665 183
1582461884 184
1582463236 185
1582497493 186
1582535958 187
1582546289 188
1582547431 189
1582549914 190
1582561004 191
1582563983 192
1582573286 193
1582575979 194
1582620595 195
1582627726 196
1582628613 197
1582638763 198
1582641162 199
1582645706 200
1582651225 201
1582666546 202
1582668436 203
1582717298 204
1582720744 205
1582722355 206
1582738899 207
1582752458 208
1582754587 209
1582755496 210
1582786046 211
1582795284 212
1582806431 213
1582809112 214
1582809645 215
1582826009 216
1582836786 217
1582838314 218
1582839768 219
1582841279 220
1582843507 221
1582849603 222
1582870865 223
1582876968 224
1582880484 225
1582880893 226
1582883970 227
1582887068 228
1582889001 229
1582899172 230
1582906321 231
1582913556 232
1582918759 233
1582918892 234
1582920244 235
1582922689 236
1582939292 237
1582962507 238
1582976265 239
1582976268 240
1582987636 241
1582992395 242
1582993180 243
1582994276 244
1582999938 245
1583005014 246
1583010636 247
1583013290 248
1583018787 249
1583072042 250
1583074110 251
1583091164 252
1583091915 253
1583100276 254
1583103340 255
1583105552 256
1583131695 257
1583136924 258
1583143847 259
1583148676 260
1583151672 261
1583155695 262
1583156047 263
1583170301 264
1583186026 265
1583187874 266
1583196207 267
1583226444 268
1583235269 269
1583238361 270
1583239723 271
1583254819 272
1583265761 273
1583266056 274
1583269982 275
1583271259 276
1583271873 277
1583326008 278
1583329766 279
1583333553 280
1583346646 281
1583359476 282
1583391427 283
1583397004 284
1583398157 285
1583399990 286
1583405206 287
1583410520 288
1583413297 289
1583413520 290
1583426515 291
1583437042 292
1583437268 293
1583438645 294
1583444894 295
1583451252 296
1583476393 297
1583486516 298
1583489104 299
1583490809 300
1583491793 301
1583502942 302
1583503109 303
1583504046 304
1583523014 305
1583526375 306
1583538214 307
1583539557 308
1583587384 309
1583589852 310
1583608959 311
1583614769 312
1583625739 313
1583637915 314
1583638146 315
1583662122 316
1583680251 317
1583680914 318
1583692576 319
1583696359 320
1583700177 321
1583703376 322
1583724944 323
1583734573 324
1583737708 325
1583744788 326
1583757348 327
1583763567 328
1583767396 329
1583768722 330
1583772231 331
1583784344 332
1583830685 333
1583844963 334
1583859888 335
1583898259 336
1583912883 337
1583916382 338
1583918962 339
1583931353 340
1583933197 341
1583941386 342
1583961419 343
1583968352 344
1583988858 345
1584007557 346
1584009297 347
1584009865 348
1584013582 349
1584017842 350
1584035120 351
1584036545 352
1584039668 353
1584043330 354
1584043391 355
1584045196 356
1584045733 357
1584047733 358
1584054807 359
1584055601 360
1584059849 361
1584079568 362
1584105279 363
1584106094 364
1584106438 365
1584118451 366
1584125944 367
1584127174 368
1584132939 369
1584136241 370
1584145853 371
1584147330 372
1584176087 373
1584183437 374
1584184029 375
1584186496 376
1584190967 377
1584192993 378
1584196519 379
1584197030 380
1584213881 381
1584215272 382
1584217074 383
1584217584 384
1584218398 385
1584220750 386
1584222407 387
1584223522 388
1584228655 389
1584231836 390
1584252017 391
1584259794 392
1584265334 393
1584269354 394
1584271431 395
1584271870 396
1584272379 397
1584281015 398
1584283191 399
1584284060 400
1584288969 401
1584289446 402
1584291410 403
1584293396 404
1584294643 405
1584294775 406
1584297172 407
1584299330 408
1584300239 409
1584301560 410
1584304546 411
1584305456 412
1584305965 413
1584309219 414
1584310953 415
1584313855 416
1584318635 417
1584346691 418
1584354266 419
1584354402 420
1584355923 421
1584356886 422
1584358947 423
1584359105 424
1584359592 425
1584359750 426
1584360103 427
1584363072 428
1584373969 429
1584374822 430
1584378048 431
1584378341 432
1584382435 433
1584382672 434
1584385111 435
1584387555 436
1584389164 437
1584395340 438
1584397235 439
1584398021 440
1584398423 441
1584400951 442
1584404183 443
1584431436 444
1584436958 445
1584439057 446
1584445633 447
1584451843 448
1584453048 449
1584454587 450
1584456864 451
1584461187 452
1584465037 453
1584466028 454
1584491082 455
1584535086 456
1584540882 457
1584543941 458
1584548445 459
1584548994 460
1584562554 461
1584570380 462
1584578348 463
1584578845 464
1584630607 465
1584653809 466
1584722978 467
1584723771 468
1584725420 469
1584745107 470
1584800258 471
1584810580 472
1584870156 473
1584883291 474
1584892582 475
1584894447 476
1584907891 477
1584912895 478
1584976533 479
1584980375 480
1584980772 481
1584985383 482
1584987113 483
1585000496 484
1585065861 485
1585157991 486
1585160325 487
1585164365 488
1585322469 489
1585328026 490
1585350976 491
1585387998 492
1585421386 493
1585479263 494
1585493515 495
1585498217 496
1585509737 497
1585555288 498
1585655891 499
1585771679 500
1585782160 501
1585840719 502
1585863545 503
1585923276 504
1585978559 505
1586024419 506
1586055536 507
1586096921 508
1586124149 509
1586125852 510
1586166331 511
1586167525 512
1586180464 513
1586207756 514
1586220876 515
1586287352 516
1586352309 517
1586480270 518
1586546792 519
1586628030 520
1586688908 521
1586707820 522
1586987719 523
1587168594 524
1587322177 525
1587402510 526
1587471890 527
1587539243 528
1587645366 529
1587726321 530
1587857274 531
1588015992 532
1588163866 533
1588245006 534
1588335402 535
1588422315 536
1588510780 537
1588711572 538
1588756707 539
1588868510 540
1589279565 541
1589283745 542
1589289898 543
1589300676 544
1589315651 545
1589466719 546
1589712998 547
1589717842 548
1589797025 549
1589815205 550
1589838154 551
