1579611316 1
1579611751 2
1579617811 3
1579640280 4
1579640775 5
1579646008 6
1579678473 7
1579724250 8
1579727123 9
1579727177 10
1579727975 11
1579730378 12
1579733220 13
1579734009 14
1579734215 15
1579734792 16
1579735590 17
1579737627 18
1579760592 19
1579772175 20
1579776449 21
1579778672 22
1579784057 23
1579784270 24
1579784502 25
1579791432 26
1579792908 27
1579793640 28
1579793677 29
1579806529 30
1579811179 31
1579821659 32
1579827367 33
1579840018 34
1579849340 35
1579854262 36
1579858552 37
1579858590 38
1579861015 39
1579861671 40
1579872263 41
1579880211 42
1579887245 43
1579888707 44
1579897615 45
1579898020 46
1579898104 47
1579898366 48
1579899120 49
1579899597 50
1579899783 51
1579899824 52
1579900351 53
1579900500 54
1579900888 55
1579901210 56
1579901630 57
1579901787 58
1579901886 59
1579902344 60
1579905912 61
1579906049 62
1579906055 63
1579906227 64
1579906859 65
1579906939 66
1579908329 67
1579915186 68
1579915723 69
1579916416 70
1579917630 71
1579934676 72
1579940047 73
1579943708 74
1579946835 75
1579949677 76
1579951945 77
1579957910 78
1579961635 79
1579962525 80
1579964705 81
1579966349 82
1579967349 83
1579968270 84
1579975431 85
1579976055 86
1579978580 87
1579979761 88
1579979940 89
1579982056 90
1579982100 91
1579984623 92
1579987781 93
1579990366 94
1579995294 95
1580025385 96
1580034093 97
1580036233 98
1580036556 99
1580039617 100
1580040653 101
1580063156 102
1580077054 103
1580078790 104
1580079026 105
1580082532 106
1580116947 107
1580118638 108
1580119156 109
1580130647 110
1580134245 111
1580135310 112
1580142357 113
1580145999 114
1580147519 115
1580149929 116
1580149994 117
1580150937 118
1580152565 119
1580153583 120
1580186044 121
1580214642 122
1580215430 123
1580218095 124
1580237499 125
1580239491 126
1580281426 127
1580291450 128
1580292256 129
1580297046 130
1580305313 131
1580309486 132
1580372528 133
1580378199 134
1580380689 135
1580386391 136
1580389339 137
1580390124 138
1580393334 139
1580404348 140
1580418110 141
1580419059 142
1580472399 143
1580494200 144
1580495775 145
1580495851 146
1580518207 147
1580545588 148
1580546975 149
1580547601 150
1580549272 151
1580555486 152
1580559931 153
1580571642 154
1580596569 155
1580611880 156
1580740545 157
1580762786 158
1580858244 159
1580866186 160
1580920567 161
1580986937 162
1581070613 163
1581072844 164
1581159381 165
1581159953 166
1581183489 167
1581193042 168
1581331161 169
1581334312 170
1581428997 171
1581509957 172
1581635783 173
1581646190 174
1581770395 175
1582390772 176
1582391951 177
1582402425 178
1582420665 179
1582423902 180
1582463236 181
1582497493 182
1582549914 183
1582554319 184
1582555762 185
1582562717 186
1582563983 187
1582568627 188
1582571134 189
1582573286 190
1582575979 191
1582620595 192
1582627726 193
1582628613 194
1582631966 195
1582638763 196
1582645706 197
1582648592 198
1582651225 199
1582665550 200
1582666546 201
1582673226 202
1582712684 203
1582717298 204
1582720744 205
1582722355 206
1582732714 207
1582738899 208
1582752458 209
1582753999 210
1582754587 211
1582755496 212
1582786046 213
1582809112 214
1582809645 215
1582836786 216
1582838314 217
1582839768 218
1582841279 219
1582847664 220
1582849603 221
1582870865 222
1582876968 223
1582883645 224
1582887068 225
1582888323 226
1582889001 227
1582899158 228
1582899172 229
1582900772 230
1582901583 231
1582902555 232
1582906321 233
1582909276 234
1582911754 235
1582918892 236
1582920244 237
1582922689 238
1582939292 239
1582962218 240
1582976265 241
1582994276 242
1583005014 243
1583005572 244
1583013290 245
1583049042 246
1583072042 247
1583074110 248
1583082260 249
1583084335 250
1583087673 251
1583091915 252
1583131695 253
1583148676 254
1583168876 255
1583185240 256
1583220371 257
1583238361 258
1583239723 259
1583246002 260
1583249276 261
1583271259 262
1583278055 263
1583316804 264
1583317526 265
1583326008 266
1583326851 267
1583329707 268
1583329766 269
1583398157 270
1583398264 271
1583399990 272
1583405206 273
1583410520 274
1583413297 275
1583426515 276
1583428076 277
1583437042 278
1583437268 279
1583444894 280
1583451252 281
1583455362 282
1583486516 283
1583489104 284
1583502776 285
1583504046 286
1583506817 287
1583518309 288
1583523014 289
1583523508 290
1583526375 291
1583543124 292
1583584677 293
1583608959 294
1583614769 295
1583615655 296
1583625739 297
1583662122 298
1583663416 299
1583669007 300
1583680251 301
1583694339 302
1583700177 303
1583724944 304
1583744788 305
1583763398 306
1583763567 307
1583772231 308
1583784344 309
1583791485 310
1583801264 311
1583826500 312
1583834461 313
1583844963 314
1583848213 315
1583865779 316
1583871684 317
1583916382 318
1583918962 319
1583933197 320
1583953323 321
1583961415 322
1583969544 323
1583980767 324
1584001484 325
1584009266 326
1584009297 327
1584009316 328
1584013582 329
1584021612 330
1584024031 331
1584030778 332
1584036545 333
1584039668 334
1584043316 335
1584043330 336
1584044318 337
1584045733 338
1584048984 339
1584050949 340
1584055645 341
1584091257 342
1584102150 343
1584105279 344
1584106438 345
1584114458 346
1584114937 347
1584125525 348
1584125944 349
1584126229 350
1584127174 351
1584136241 352
1584137986 353
1584147330 354
1584149891 355
1584181088 356
1584183437 357
1584184613 358
1584186496 359
1584196519 360
1584197030 361
1584203493 362
1584212096 363
1584217074 364
1584217584 365
1584218398 366
1584223121 367
1584226030 368
1584230471 369
1584231836 370
1584235329 371
1584237774 372
1584256800 373
1584259794 374
1584263125 375
1584265334 376
1584269354 377
1584271870 378
1584272379 379
1584273731 380
1584275526 381
1584284060 382
1584291410 383
1584294643 384
1584294775 385
1584309219 386
1584311800 387
1584348544 388
1584355923 389
1584359105 390
1584359497 391
1584359750 392
1584360103 393
1584363072 394
1584369942 395
1584373996 396
1584382435 397
1584383414 398
1584386768 399
1584388677 400
1584389457 401
1584389629 402
1584392665 403
1584397135 404
1584398423 405
1584399325 406
1584404183 407
1584425562 408
1584442072 409
1584448352 410
1584453048 411
1584463592 412
1584524651 413
1584528474 414
1584543159 415
1584543941 416
1584548994 417
1584579271 418
1584630607 419
1584632885 420
1584658546 421
1584703510 422
1584704650 423
1584723799 424
1584736744 425
1584737972 426
1584756675 427
1584757668 428
1584800258 429
1584829731 430
1584831484 431
1584844297 432
1584859364 433
1584870156 434
1584912895 435
1584927024 436
1584974040 437
1584987113 438
1585180771 439
1585288515 440
1585311899 441
1585328026 442
1585333771 443
1585356371 444
1585387998 445
1585421386 446
1585430555 447
1585479263 448
1585597177 449
1585782160 450
1585784845 451
1585911361 452
1586024419 453
1586033963 454
1586125852 455
1586180464 456
1586207756 457
1586220876 458
1586287352 459
1586352309 460
1586623848 461
1586707820 462
1586814080 463
1586819093 464
1586861284 465
1586987719 466
1587073381 467
1587299017 468
1587402510 469
1587539243 470
1587838120 471
1587891002 472
1588015992 473
1588163866 474
1588290785 475
1588335402 476
1588756707 477
1589202262 478
1590060606 479
1590320194 480
1590589297 481
1590761553 482
1592485322 483
1592837643 484
1592898386 485
1595090195 486
1595680752 487
1595943850 488
1596145097 489
1597876840 490
1597917450 491
1598197407 492
1598216779 493
1598869391 494
1599039249 495
1599177289 496
1600953505 497
1600979095 498
1601032705 499
1601039818 500
1601919560 501
1602006048 502
1602629684 503
1602669909 504
1602781955 505
1602846289 506
1602851214 507
1603020178 508
1603288843 509
1603392641 510
1603664813 511
1603672681 512
1603825136 513
1603968950 514
1603971522 515
1603980285 516
1603983029 517
1603992859 518
1604304105 519
1605092599 520
1605123139 521
1605194372 522
1605279487 523
1606514217 524
1606742238 525
1607166479 526
1608504240 527
1609087530 528
1609585492 529
1609619072 530
1609717855 531
1609760651 532
1609788707 533
1609935225 534
1610302473 535
1610362316 536
1610464275 537
1610485024 538
1610531330 539
1610737466 540
1611105530 541
1611143269 542
1611171025 543
1611222651 544
1611272917 545
1611331601 546
1611338689 547
1611399483 548
1611488032 549
1611513450 550
1611523359 551
1611571435 552
1611614786 553
