1579611316 1
1579611751 2
1579617811 3
1579636944 4
1579639995 5
1579678473 6
1579727123 7
1579730378 8
1579734009 9
1579734792 10
1579735590 11
1579760592 12
1579776449 13
1579778672 14
1579784270 15
1579784502 16
1579792908 17
1579793640 18
1579811179 19
1579840018 20
1579849340 21
1579852403 22
1579858590 23
1579861671 24
1579872263 25
1579899120 26
1579899597 27
1579899824 28
1579900093 29
1579900888 30
1579901787 31
1579901886 32
1579902344 33
1579904004 34
1579905912 35
1579906055 36
1579908329 37
1579915723 38
1579917630 39
1579934676 40
1579940047 41
1579944902 42
1579946835 43
1579950615 44
1579961635 45
1579966349 46
1579968270 47
1579975776 48
1579976055 49
1579976177 50
1579978580 51
1579979940 52
1579990366 53
1580025385 54
1580034093 55
1580036556 56
1580040653 57
1580072563 58
1580077054 59
1580079026 60
1580116947 61
1580130647 62
1580134245 63
1580135310 64
1580141917 65
1580142357 66
1580147519 67
1580149929 68
1580200461 69
1580214642 70
1580215430 71
1580237499 72
1580244435 73
1580289227 74
1580291450 75
1580292256 76
1580297046 77
1580308050 78
1580309486 79
1580329136 80
1580372528 81
1580378199 82
1580381070 83
1580386391 84
1580390124 85
1580393334 86
1580419059 87
1580495851 88
1580545588 89
1580555486 90
1580571642 91
1580597746 92
1580647089 93
1580654725 94
1580724385 95
1580740545 96
1580740922 97
1581010663 98
1581070613 99
1581072844 100
1581159381 101
1581159953 102
1581183489 103
1581193042 104
1581339543 105
1581635783 106
1581646190 107
1581770395 108
1582284629 109
1582391951 110
1582461884 111
1582549914 112
1582555659 113
1582555762 114
1582558442 115
1582563983 116
1582568627 117
1582615975 118
1582620595 119
1582628613 120
1582638763 121
1582645706 122
1582646299 123
1582651225 124
1582665550 125
1582666546 126
1582717298 127
1582735067 128
1582752458 129
1582809112 130
1582836786 131
1582841279 132
1582870865 133
1582876968 134
1582883970 135
1582901583 136
1582902555 137
1582923317 138
1582978340 139
1582986686 140
1582990379 141
1582994276 142
1583005014 143
1583006481 144
1583049042 145
1583065191 146
1583072042 147
1583084335 148
1583131695 149
1583136924 150
1583143847 151
1583148676 152
1583151672 153
1583151695 154
1583155695 155
1583156047 156
1583160067 157
1583176121 158
1583189093 159
1583196207 160
1583235269 161
1583239491 162
1583271873 163
1583278055 164
1583316804 165
1583317526 166
1583329766 167
1583391427 168
1583396050 169
1583405206 170
1583407969 171
1583410520 172
1583415867 173
1583437268 174
1583446175 175
1583455362 176
1583489104 177
1583489620 178
1583493356 179
1583502776 180
1583504046 181
1583523014 182
1583526375 183
1583614870 184
1583625739 185
1583673059 186
1583734573 187
1583744788 188
1583763567 189
1583826500 190
1583832091 191
1583836407 192
1583849807 193
1583865779 194
1583866945 195
1583916382 196
1583918962 197
1583933197 198
1583937801 199
1583951652 200
1583953323 201
1583961415 202
1583961419 203
1584009865 204
1584021612 205
1584030778 206
1584036545 207
1584049489 208
1584050949 209
1584054807 210
1584102150 211
1584106438 212
1584127174 213
1584132939 214
1584147330 215
1584183437 216
1584196519 217
1584217074 218
1584217584 219
1584218398 220
1584231836 221
1584256800 222
1584261600 223
1584261735 224
1584265334 225
1584268285 226
1584271870 227
1584272379 228
1584273731 229
1584294775 230
1584313855 231
1584347607 232
1584360103 233
1584363072 234
1584364160 235
1584364939 236
1584374822 237
1584382435 238
1584383414 239
1584395340 240
1584397135 241
1584399325 242
1584404799 243
1584425548 244
1584431867 245
1584434985 246
1584442072 247
1584463592 248
1584522966 249
1584532336 250
1584540882 251
1584543941 252
1584548994 253
1584555817 254
1584563644 255
1584570380 256
1584632885 257
1584649964 258
1584693849 259
1584694425 260
1584703510 261
1584800258 262
1584829731 263
1584912895 264
1584916972 265
1584974040 266
1584987935 267
1585070050 268
1585288515 269
1585305658 270
1585333771 271
1585356371 272
1585430555 273
1585479263 274
1585509737 275
1585527163 276
1585655891 277
1585771679 278
1585782160 279
1586117364 280
1586166331 281
1586180464 282
1586352309 283
1586623848 284
1586707820 285
1587059746 286
1587073381 287
1587299017 288
1587402510 289
1587403093 290
1587539243 291
1587570243 292
1587846345 293
1587891002 294
1588149741 295
1588163866 296
1588335402 297
1588510780 298
1589202262 299
1590060606 300
1592485322 301
1594723510 302
1595680752 303
1598197407 304
1598216779 305
1598869391 306
1598963997 307
1599002780 308
1599039249 309
1600102759 310
1600499517 311
1600979095 312
1601107230 313
1601118883 314
1601622750 315
1601919560 316
1602006048 317
1602669909 318
1602851214 319
1603845303 320
1603935241 321
1603971522 322
1606742238 323
1606764805 324
1607166479 325
1609422200 326
1609760651 327
1610737466 328
1611523359 329
1613124153 330
1615400464 331
1615486206 332
1619127375 333
1620307137 334
1620903424 335
1621008803 336
1621031082 337
1624303047 338
1624467390 339
1624627306 340
1624897287 341
1625146262 342
1626194877 343
1626273983 344
1626289763 345
1626432208 346
1626462317 347
1626910320 348
1627057602 349
1627082447 350
1627092268 351
1627328396 352
1627507770 353
1628003846 354
1628019356 355
1628081982 356
1628856811 357
1628863051 358
1629135849 359
1629308707 360
1629826552 361
1629849693 362
1630432087 363
1630695151 364
1630700804 365
1631235448 366
1631402536 367
1631562559 368
1631708856 369
1631716270 370
1631797773 371
1631815962 372
1631832838 373
1631918994 374
1631928568 375
1632128171 376
1632161039 377
1632171285 378
1632217626 379
