1580083200 235 12 223
1580688000 388 28 360
1581292800 444 37 407
1581897600 479 45 434
1582502400 508 51 457
1583107200 766 71 695
1583712000 1028 120 908
1584316800 1536 249 1287
1584921600 2026 538 1488
1585526400 2190 720 1470
1586131200 2263 859 1404
1586736000 2326 986 1340
1587340800 2391 1112 1279
1587945600 2425 1207 1218
1588550400 2449 1307 1142
1589155200 2471 1408 1063
1589760000 2485 1500 985
1590364800 2497 1549 948
1590969600 2508 1614 894
1591574400 2512 1663 849
1592179200 2513 1689 824
1592784000 2515 1720 795
1593388800 2523 1763 760
1593993600 2527 1790 737
1594598400 2531 1815 716
1595203200 2536 1871 665
1595808000 2544 1926 618
1596412800 2552 1978 574
1597017600 2560 2049 511
1597622400 2571 2173 398
1598227200 2582 2214 368
