1579611316 1
1579611751 2
1579617811 3
1579629367 4
1579636944 5
1579640280 6
1579678473 7
1579724250 8
1579727123 9
1579727177 10
1579727975 11
1579730378 12
1579733220 13
1579734009 14
1579735590 15
1579737627 16
1579760592 17
1579772175 18
1579776449 19
1579778672 20
1579784057 21
1579784270 22
1579784502 23
1579791432 24
1579792908 25
1579806529 26
1579811179 27
1579827367 28
1579849340 29
1579858552 30
1579858590 31
1579861015 32
1579861671 33
1579872263 34
1579880211 35
1579886544 36
1579898104 37
1579898366 38
1579899120 39
1579899597 40
1579899824 41
1579900351 42
1579900500 43
1579900888 44
1579901630 45
1579901787 46
1579902344 47
1579905912 48
1579906049 49
1579906055 50
1579906227 51
1579906859 52
1579906939 53
1579908329 54
1579915723 55
1579916416 56
1579917630 57
1579940047 58
1579943708 59
1579946835 60
1579947236 61
1579957910 62
1579961635 63
1579962525 64
1579966349 65
1579968270 66
1579979940 67
1579982056 68
1579984623 69
1579990366 70
1579995294 71
1580025385 72
1580036556 73
1580039617 74
1580040653 75
1580069107 76
1580072563 77
1580079026 78
1580116947 79
1580119156 80
1580130647 81
1580134245 82
1580135310 83
1580142357 84
1580145999 85
1580147519 86
1580149929 87
1580152565 88
1580153583 89
1580205290 90
1580214642 91
1580215430 92
1580237499 93
1580239491 94
1580281426 95
1580291450 96
1580292256 97
1580293317 98
1580305313 99
1580309486 100
1580329136 101
1580372528 102
1580390124 103
1580393334 104
1580404348 105
1580418110 106
1580472399 107
1580474163 108
1580487904 109
1580494200 110
1580505690 111
1580545588 112
1580547601 113
1580549272 114
1580555486 115
1580559931 116
1580571642 117
1580654725 118
1580740545 119
1580866186 120
1580986937 121
1581070613 122
1581072844 123
1581159953 124
1581183489 125
1581193042 126
1581195345 127
1581339543 128
1581428997 129
1581509957 130
1581635783 131
1581646190 132
1581770395 133
1582377942 134
1582391951 135
1582420665 136
1582497493 137
1582546289 138
1582549914 139
1582555762 140
1582561978 141
1582562717 142
1582563983 143
1582565759 144
1582568627 145
1582614333 146
1582620595 147
1582627726 148
1582638763 149
1582645706 150
1582712684 151
1582717298 152
1582722355 153
1582728811 154
1582732714 155
1582752458 156
1582786046 157
1582795284 158
1582806431 159
1582809112 160
1582809645 161
1582836786 162
1582838314 163
1582839768 164
1582841279 165
1582849603 166
1582876968 167
1582887068 168
1582899158 169
1582899172 170
1582902555 171
1582909276 172
1582918892 173
1582919023 174
1582920244 175
1582939292 176
1582976265 177
1582994276 178
1583005014 179
1583072042 180
1583074110 181
1583087673 182
1583136924 183
1583143847 184
1583148676 185
1583151672 186
1583151823 187
1583155695 188
1583156047 189
1583168876 190
1583226444 191
1583238361 192
1583246002 193
1583266056 194
1583271259 195
1583278055 196
1583329766 197
1583391427 198
1583398157 199
1583399990 200
1583405206 201
1583410520 202
1583413297 203
1583426515 204
1583437268 205
1583446175 206
1583451252 207
1583455362 208
1583489104 209
1583502776 210
1583504046 211
1583526375 212
1583543124 213
1583608959 214
1583614769 215
1583619428 216
1583625739 217
1583637915 218
1583662122 219
1583673059 220
1583694339 221
1583700177 222
1583724944 223
1583744788 224
1583757348 225
1583762414 226
1583763567 227
1583784344 228
1583791485 229
1583826500 230
1583859888 231
1583865779 232
1583916382 233
1583918962 234
1584001484 235
1584009266 236
1584021612 237
1584024031 238
1584030778 239
1584036545 240
1584043316 241
1584043330 242
1584043765 243
1584048984 244
1584054807 245
1584055645 246
1584083341 247
1584091257 248
1584105279 249
1584106094 250
1584106438 251
1584114937 252
1584125525 253
1584127174 254
1584147330 255
1584149891 256
1584181088 257
1584183437 258
1584186496 259
1584196519 260
1584197030 261
1584203493 262
1584217584 263
1584218398 264
1584231836 265
1584259794 266
1584265334 267
1584267366 268
1584269354 269
1584271870 270
1584273731 271
1584275526 272
1584279118 273
1584294775 274
1584305456 275
1584309219 276
1584320675 277
1584355923 278
1584358947 279
1584374822 280
1584382435 281
1584383414 282
1584385060 283
1584388677 284
1584389164 285
1584397135 286
1584398423 287
1584404183 288
1584442072 289
1584463592 290
1584524651 291
1584543159 292
1584543941 293
1584570380 294
1584632885 295
1584703510 296
1584704184 297
1584704650 298
1584721897 299
1584723799 300
1584736744 301
1584800258 302
1584829731 303
1584831484 304
1584912895 305
1584927024 306
1584974040 307
1584987113 308
1585311899 309
1585327192 310
1585333771 311
1585404098 312
1585421386 313
1585430555 314
1585479263 315
1585771679 316
1586024419 317
1586180464 318
1586207756 319
1586352309 320
1586623848 321
1586707820 322
1586819093 323
1586950857 324
1586987719 325
1587139400 326
1587210213 327
1587344879 328
1587402510 329
1587539243 330
1587846345 331
1587891002 332
1588196144 333
1588335402 334
1588756707 335
1590060606 336
1592485322 337
1592837643 338
1592898386 339
1593215394 340
1595680752 341
1596145097 342
1596977015 343
1597688266 344
1597846742 345
1597876840 346
1598197407 347
1598216779 348
1599039249 349
1600102759 350
1600979095 351
1601039818 352
1601919560 353
1602006048 354
1602629684 355
1602846289 356
1602851214 357
1603020178 358
1603288843 359
1603441046 360
1603664813 361
1603739185 362
1603825136 363
1603968950 364
1603971522 365
1603995672 366
1604122623 367
1604601222 368
1605203334 369
1605805465 370
1606742238 371
1607109632 372
1607432368 373
1608504240 374
1608821161 375
1609087530 376
1609585492 377
1609760651 378
1609788707 379
1610302473 380
1610485024 381
1610488952 382
1610528317 383
1610531330 384
1611105530 385
1611399483 386
1611834217 387
1612480490 388
1612818345 389
1613124153 390
1613342176 391
1613484054 392
1613497646 393
1613599594 394
1613679114 395
1613848108 396
1613933701 397
1614010415 398
