1579611316 1
1579621979 2
1579622150 3
1579629367 4
1579636944 5
1579640280 6
1579678473 7
1579724250 8
1579727123 9
1579727177 10
1579730378 11
1579733220 12
1579734009 13
1579735590 14
1579760592 15
1579776449 16
1579778672 17
1579784057 18
1579784270 19
1579784502 20
1579792912 21
1579806529 22
1579811179 23
1579826431 24
1579840018 25
1579844499 26
1579849340 27
1579853947 28
1579854262 29
1579858590 30
1579861015 31
1579861671 32
1579880211 33
1579886746 34
1579890751 35
1579898020 36
1579898093 37
1579898104 38
1579899120 39
1579899597 40
1579899783 41
1579899824 42
1579900290 43
1579900351 44
1579900500 45
1579900888 46
1579901210 47
1579901630 48
1579904655 49
1579906049 50
1579906055 51
1579906227 52
1579906939 53
1579908329 54
1579915723 55
1579916416 56
1579917630 57
1579920712 58
1579940047 59
1579943708 60
1579946835 61
1579950615 62
1579957910 63
1579961635 64
1579962525 65
1579964705 66
1579966349 67
1579966383 68
1579968270 69
1579975776 70
1579976177 71
1579979761 72
1579979940 73
1579982056 74
1579990366 75
1579995294 76
1580032644 77
1580036556 78
1580040653 79
1580077054 80
1580078790 81
1580079026 82
1580119156 83
1580121793 84
1580130647 85
1580134245 86
1580145999 87
1580147519 88
1580149994 89
1580152565 90
1580153583 91
1580179150 92
1580200461 93
1580205290 94
1580209441 95
1580214642 96
1580215430 97
1580218095 98
1580237499 99
1580239614 100
1580239642 101
1580252123 102
1580281426 103
1580291450 104
1580292256 105
1580293317 106
1580294692 107
1580309486 108
1580372528 109
1580380689 110
1580381070 111
1580386391 112
1580393334 113
1580404348 114
1580472399 115
1580478927 116
1580495775 117
1580545588 118
1580546975 119
1580547601 120
1580596569 121
1580597746 122
1580645299 123
1580724385 124
1580740545 125
1580763051 126
1581010663 127
1581070613 128
1581159381 129
1581159953 130
1581172511 131
1581183489 132
1581193042 133
1581428997 134
1581435264 135
1581585241 136
1581635783 137
1582272984 138
1582391951 139
1582420665 140
1582423902 141
1582546289 142
1582549138 143
1582555762 144
1582558310 145
1582561004 146
1582563983 147
1582568627 148
1582573286 149
1582620595 150
1582627726 151
1582629053 152
1582638763 153
1582640340 154
1582643188 155
1582645706 156
1582651225 157
1582666546 158
1582717298 159
1582722355 160
1582728811 161
1582755496 162
1582781146 163
1582786046 164
1582806431 165
1582809112 166
1582809645 167
1582836786 168
1582838314 169
1582839768 170
1582841279 171
1582843507 172
1582847664 173
1582870865 174
1582876968 175
1582883970 176
1582887068 177
1582918892 178
1582923317 179
1582976265 180
1582987636 181
1582993180 182
1582994276 183
1583005014 184
1583006481 185
1583044078 186
1583062578 187
1583065191 188
1583082260 189
1583084335 190
1583089711 191
1583105552 192
1583143847 193
1583151672 194
1583155695 195
1583156047 196
1583186026 197
1583187874 198
1583226444 199
1583238361 200
1583271259 201
1583278055 202
1583326851 203
1583329766 204
1583396050 205
1583399990 206
1583410520 207
1583411088 208
1583437268 209
1583444894 210
1583455362 211
1583489104 212
1583490809 213
1583498447 214
1583502942 215
1583523014 216
1583523508 217
1583526375 218
1583538214 219
1583539557 220
1583570868 221
1583584677 222
1583587384 223
1583614769 224
1583633920 225
1583662122 226
1583673059 227
1583696359 228
1583700177 229
1583703376 230
1583744788 231
1583757348 232
1583763398 233
1583763567 234
1583791485 235
1583865779 236
1583871684 237
1583916382 238
1583998732 239
1584009266 240
1584009865 241
1584013582 242
1584021612 243
1584036545 244
1584042253 245
1584050949 246
1584095317 247
1584102150 248
1584105279 249
1584106438 250
1584114937 251
1584125944 252
1584127174 253
1584147330 254
1584183437 255
1584186496 256
1584190967 257
1584196519 258
1584197030 259
1584215272 260
1584217074 261
1584218398 262
1584218752 263
1584222407 264
1584223121 265
1584226030 266
1584235329 267
1584265334 268
1584266719 269
1584269354 270
1584271870 271
1584271991 272
1584273797 273
1584284093 274
1584293396 275
1584294775 276
1584309219 277
1584310953 278
1584318635 279
1584348544 280
1584355923 281
1584359105 282
1584368013 283
1584369942 284
1584382435 285
1584404183 286
1584434985 287
1584438638 288
1584441871 289
1584442072 290
1584456864 291
1584459663 292
1584465037 293
1584477179 294
1584521381 295
1584532336 296
1584543941 297
1584578845 298
1584579271 299
1584630607 300
1584704184 301
1584757668 302
1584800258 303
1584810580 304
1584870156 305
1584894447 306
1584912895 307
1584976533 308
1584980375 309
1584980772 310
1584987113 311
1585191549 312
1585288515 313
1585328026 314
1585328490 315
1585360524 316
1585421386 317
1585479263 318
1585479332 319
1585648520 320
1585655891 321
1585771679 322
1585782160 323
1585911361 324
1586024419 325
1586117364 326
1586166331 327
1586180464 328
1586207756 329
1586220876 330
1586352309 331
1586623848 332
1586707820 333
1586987719 334
1587168594 335
1587299017 336
1587402510 337
1587471890 338
1587539243 339
1587846345 340
1588015992 341
1588163866 342
1588245006 343
1588335402 344
1588868510 345
1589240803 346
1589279565 347
1590976337 348
1591271783 349
1592837643 350
1595090195 351
1595148222 352
1595680752 353
1595886709 354
1596145097 355
1596231560 356
1597082767 357
1597671212 358
1597685005 359
1597688266 360
1597846742 361
1597876840 362
1597917450 363
1598000591 364
1598121994 365
1598125472 366
1598197407 367
1598216779 368
1598277714 369
1598282805 370
1598348282 371
1598390567 372
