1579611316 1
1579611555 2
1579611751 3
1579621979 4
1579629367 5
1579640280 6
1579640775 7
1579646008 8
1579678473 9
1579724250 10
1579727123 11
1579727177 12
1579730378 13
1579733220 14
1579734009 15
1579734215 16
1579735590 17
1579737627 18
1579760592 19
1579772175 20
1579776449 21
1579778672 22
1579784057 23
1579784270 24
1579784502 25
1579791432 26
1579792908 27
1579806529 28
1579811179 29
1579821659 30
1579849340 31
1579854262 32
1579858552 33
1579858590 34
1579861015 35
1579861671 36
1579872263 37
1579880211 38
1579886746 39
1579887245 40
1579888707 41
1579897615 42
1579898093 43
1579898104 44
1579899120 45
1579899597 46
1579899824 47
1579900888 48
1579901210 49
1579901630 50
1579901787 51
1579905912 52
1579906049 53
1579906859 54
1579906939 55
1579908329 56
1579915723 57
1579916416 58
1579917298 59
1579940047 60
1579943708 61
1579946835 62
1579950615 63
1579957910 64
1579966349 65
1579975776 66
1579976177 67
1579978580 68
1579979761 69
1579979940 70
1579982056 71
1579990366 72
1579995294 73
1580025385 74
1580034093 75
1580036556 76
1580039816 77
1580040653 78
1580072563 79
1580079026 80
1580118638 81
1580119156 82
1580130647 83
1580147519 84
1580149929 85
1580149994 86
1580150937 87
1580153583 88
1580163355 89
1580186044 90
1580200461 91
1580214642 92
1580215430 93
1580237499 94
1580239491 95
1580239614 96
1580281426 97
1580291450 98
1580292256 99
1580305313 100
1580309486 101
1580372528 102
1580386391 103
1580390124 104
1580393334 105
1580404348 106
1580419059 107
1580472399 108
1580478927 109
1580484853 110
1580545588 111
1580547601 112
1580549272 113
1580555486 114
1580559931 115
1580596569 116
1580597746 117
1580647089 118
1580740545 119
1580740922 120
1580762786 121
1580858244 122
1580920567 123
1580986937 124
1581070613 125
1581159381 126
1581159953 127
1581172511 128
1581183489 129
1581193042 130
1581419656 131
1581635783 132
1581770395 133
1582390772 134
1582391951 135
1582463236 136
1582555762 137
1582561004 138
1582561978 139
1582562717 140
1582563983 141
1582568627 142
1582575979 143
1582620595 144
1582627726 145
1582629053 146
1582638763 147
1582645706 148
1582666546 149
1582717298 150
1582722355 151
1582728811 152
1582732714 153
1582735601 154
1582738899 155
1582752458 156
1582755496 157
1582781146 158
1582786046 159
1582795284 160
1582809112 161
1582809645 162
1582836786 163
1582838314 164
1582839768 165
1582849603 166
1582870865 167
1582876968 168
1582886279 169
1582887068 170
1582899158 171
1582899172 172
1582902555 173
1582918892 174
1582994276 175
1583005014 176
1583013290 177
1583049042 178
1583062578 179
1583072042 180
1583077462 181
1583082260 182
1583087673 183
1583091915 184
1583131695 185
1583148676 186
1583155695 187
1583158490 188
1583168388 189
1583246002 190
1583249276 191
1583266056 192
1583271259 193
1583278055 194
1583326851 195
1583329707 196
1583329766 197
1583344069 198
1583391427 199
1583398157 200
1583399990 201
1583405206 202
1583410520 203
1583431629 204
1583434109 205
1583455362 206
1583486516 207
1583489104 208
1583490809 209
1583518309 210
1583526375 211
1583608959 212
1583614769 213
1583625739 214
1583663416 215
1583700177 216
1583724944 217
1583744677 218
1583744788 219
1583757348 220
1583763567 221
1583772231 222
1583784344 223
1583791485 224
1583826500 225
1583859888 226
1583916382 227
1583918962 228
1583933197 229
1583947908 230
1583961415 231
1583961419 232
1583998732 233
1584009316 234
1584021612 235
1584035120 236
1584036545 237
1584039668 238
1584041336 239
1584043316 240
1584044318 241
1584045733 242
1584048984 243
1584050949 244
1584051350 245
1584055645 246
1584079568 247
1584091257 248
1584102150 249
1584105279 250
1584106816 251
1584125525 252
1584127174 253
1584132939 254
1584147330 255
1584186496 256
1584197030 257
1584212096 258
1584217074 259
1584217468 260
1584218398 261
1584220750 262
1584226030 263
1584231836 264
1584233485 265
1584235329 266
1584261600 267
1584269354 268
1584271870 269
1584273731 270
1584294775 271
1584303481 272
1584305965 273
1584309219 274
1584310953 275
1584318635 276
1584328789 277
1584355923 278
1584359592 279
1584359750 280
1584360103 281
1584372211 282
1584373996 283
1584374822 284
1584382435 285
1584383414 286
1584388656 287
1584388677 288
1584397235 289
1584398423 290
1584399325 291
1584404183 292
1584425562 293
1584439057 294
1584442072 295
1584448352 296
1584459663 297
1584463592 298
1584528474 299
1584535086 300
1584543159 301
1584543941 302
1584548994 303
1584570380 304
1584612873 305
1584632885 306
1584694425 307
1584703510 308
1584721897 309
1584736744 310
1584810580 311
1584827001 312
1584829731 313
1584842394 314
1584870156 315
1584912895 316
1584927024 317
1584974040 318
1584979589 319
1584980772 320
1584987113 321
1585333771 322
1585356371 323
1585421386 324
1585479263 325
1585498217 326
1585597177 327
1585771679 328
1585782160 329
1586024419 330
1586125852 331
1586166331 332
1586167525 333
1586180464 334
1586207756 335
1586220876 336
1586352309 337
1586623848 338
1586707820 339
1586987719 340
1587073381 341
1587168594 342
1587210213 343
1587471890 344
1587539243 345
1588163866 346
1588335402 347
1588510780 348
1588764674 349
1589196756 350
1590174302 351
1590761553 352
1592837643 353
1592898386 354
1595680752 355
1596145097 356
1597688266 357
1598216779 358
1598799027 359
1598963997 360
1599039249 361
1600070298 362
1600102759 363
1600499517 364
1600953505 365
1601889740 366
1601919560 367
1602006048 368
1602706150 369
1602846289 370
1603019592 371
1603288843 372
1603467388 373
1603716410 374
1603739185 375
1603845303 376
1603918717 377
1603968950 378
1604122623 379
1605194372 380
1605203334 381
1605568715 382
1605725338 383
1606514217 384
1606742238 385
1606754385 386
1606764805 387
1606857708 388
1606915356 389
1606991375 390
1606992344 391
1607070348 392
1607109632 393
1607166479 394
1607340137 395
1607373717 396
