1579478400 2090 2 234 234
1580083200 6794 17 320 153
1580688000 3472 8 263 56
1581292800 3136 8 232 35
1581897600 2240 5 219 29
1582502400 12025 25 583 257
1583107200 21086 25 774 262
1583712000 39394 28 1269 508
1584316800 46717 84 1571 489
1584921600 34963 54 1261 163
1585526400 26601 25 1102 73
1586131200 24668 26 997 63
1586736000 23680 40 972 65
1587340800 16291 24 773 34
1587945600 16773 11 762 24
1588550400 15727 13 708 23
1589155200 10111 10 614 14
1589760000 6508 4 471 12
1590364800 7797 5 455 11
1590969600 5380 3 358 4
1591574400 3030 0 309 1
1592179200 2962 2 297 2
1592784000 3716 0 337 8
1593388800 1957 2 246 3
1593993600 3236 3 309 4
1594598400 4622 5 359 5
1595203200 3880 2 352 7
1595808000 4248 1 324 8
1596412800 4831 6 341 8
1597017600 5428 6 372 11
1597622400 6134 6 377 11
1598227200 6382 2 414 16
1598832000 5316 3 385 14
1599436800 8663 6 441 12
1600041600 7919 7 403 9
1600646400 9375 3 483 16
1601251200 6359 4 420 9
1601856000 7349 4 424 9
