1580083200 231 9 222
1580688000 382 21 361
1581292800 437 28 409
1581897600 472 34 438
1582502400 500 39 461
1583107200 756 56 700
1583712000 1012 92 920
1584316800 1514 188 1326
1584921600 2003 386 1617
1585526400 2165 492 1673
1586131200 2238 566 1672
1586736000 2300 635 1665
1587340800 2364 690 1674
1587945600 2398 735 1663
1588550400 2422 776 1646
1589155200 2444 813 1631
1589760000 2458 838 1620
1590364800 2470 851 1619
1590969600 2481 867 1614
1591574400 2485 884 1601
1592179200 2486 891 1595
1592784000 2488 899 1589
1593388800 2496 908 1588
1593993600 2499 910 1589
1594598400 2503 917 1586
1595203200 2508 923 1585
1595808000 2515 930 1585
1596412800 2522 935 1587
1597017600 2530 945 1585
1597622400 2541 957 1584
1598227200 2552 965 1587
1598832000 2568 981 1587
1599436800 2582 991 1591
1600041600 2594 1009 1585
1600646400 2603 1017 1586
1601251200 2619 1033 1586
1601856000 2628 1044 1584
1602460800 2637 1054 1583
1603065600 2662 1080 1582
1603670400 2681 1100 1581
1604275200 2742 1187 1555
1604880000 2756 1219 1537
1605484800 2770 1242 1528
1606089600 2779 1257 1522
1606694400 2781 1268 1513
1607299200 2792 1282 1510
1607904000 2802 1294 1508
1608508800 2812 1312 1500
1609113600 2817 1324 1493
1609718400 2830 1338 1492
1610323200 2843 1358 1485
1610928000 2857 1378 1479
1611532800 2868 1390 1478
1612137600 2880 1418 1462
1612742400 2887 1436 1451
1613347200 2895 1453 1442
1613952000 2901 1463 1438
1614556800 2904 1470 1434
1615161600 2912 1488 1424
1615766400 2924 1499 1425
1616371200 2941 1529 1412
1616976000 2947 1549 1398
1617580800 2960 1597 1363
1618185600 2970 1632 1338
1618790400 2977 1653 1324
1619395200 2980 1670 1310
1620000000 2988 1695 1293
1620604800 2997 1727 1270
1621209600 3019 1760 1259
1621814400 3035 1799 1236
1622419200 3042 1814 1228
1623024000 3048 1835 1213
1623628800 3054 1856 1198
1624233600 3059 1873 1186
1624838400 3067 1895 1172
1625443200 3076 1908 1168
1626048000 3091 1942 1149
1626652800 3156 2110 1046
1627257600 3185 2198 987
1627862400 3202 2296 906
1628467200 3221 2393 828
1629072000 3238 2476 762
1629676800 3249 2581 668
1630281600 3261 2657 604
1630886400 3270 2773 497
1631491200 3276 2880 396
1632096000 3285 2910 375
