1579611316 1
1579611555 2
1579611751 3
1579636944 4
1579640280 5
1579646008 6
1579678473 7
1579724250 8
1579727123 9
1579727177 10
1579730378 11
1579733220 12
1579734009 13
1579734215 14
1579734792 15
1579735590 16
1579760592 17
1579772175 18
1579776449 19
1579778672 20
1579778830 21
1579784057 22
1579784270 23
1579784502 24
1579791432 25
1579792908 26
1579806529 27
1579811179 28
1579827367 29
1579840018 30
1579849340 31
1579853947 32
1579854262 33
1579858590 34
1579861015 35
1579861671 36
1579872263 37
1579880211 38
1579886544 39
1579886746 40
1579897615 41
1579898093 42
1579898366 43
1579899120 44
1579899597 45
1579899824 46
1579900500 47
1579900888 48
1579901210 49
1579901630 50
1579901787 51
1579901886 52
1579903110 53
1579904655 54
1579905912 55
1579906049 56
1579906055 57
1579906227 58
1579906859 59
1579906939 60
1579908329 61
1579915723 62
1579922026 63
1579934676 64
1579940047 65
1579943708 66
1579946835 67
1579949677 68
1579950615 69
1579957910 70
1579961635 71
1579962525 72
1579966349 73
1579968270 74
1579975776 75
1579976055 76
1579976177 77
1579978580 78
1579979761 79
1579979940 80
1579982056 81
1579984623 82
1579990366 83
1579995294 84
1580025385 85
1580036233 86
1580036556 87
1580039617 88
1580040653 89
1580063156 90
1580072563 91
1580077054 92
1580079026 93
1580116947 94
1580119156 95
1580121793 96
1580130647 97
1580134245 98
1580135310 99
1580142357 100
1580145999 101
1580147519 102
1580149929 103
1580149994 104
1580150937 105
1580153583 106
1580163355 107
1580179150 108
1580205290 109
1580208217 110
1580214642 111
1580215430 112
1580218095 113
1580237499 114
1580239491 115
1580240823 116
1580281426 117
1580291450 118
1580292256 119
1580294692 120
1580297046 121
1580309486 122
1580372528 123
1580378199 124
1580380689 125
1580386391 126
1580390124 127
1580393334 128
1580404348 129
1580419059 130
1580472399 131
1580484853 132
1580494200 133
1580495775 134
1580545588 135
1580546975 136
1580547601 137
1580555486 138
1580559931 139
1580563178 140
1580571642 141
1580596569 142
1580597746 143
1580611880 144
1580647089 145
1580740545 146
1580740922 147
1580762786 148
1580858244 149
1580920567 150
1580986937 151
1581070613 152
1581159381 153
1581159953 154
1581172511 155
1581183489 156
1581193042 157
1581331161 158
1581334312 159
1581414559 160
1581428997 161
1581435264 162
1581635783 163
1581646190 164
1581770395 165
1582272984 166
1582377942 167
1582385296 168
1582390772 169
1582391951 170
1582420665 171
1582423902 172
1582457845 173
1582497493 174
1582549914 175
1582555762 176
1582561004 177
1582563983 178
1582568627 179
1582573286 180
1582575979 181
1582615975 182
1582620595 183
1582627726 184
1582631966 185
1582638763 186
1582641162 187
1582645706 188
1582651225 189
1582665550 190
1582666546 191
1582673226 192
1582717298 193
1582720744 194
1582722355 195
1582728811 196
1582732714 197
1582735601 198
1582755496 199
1582795284 200
1582806431 201
1582809112 202
1582809645 203
1582833326 204
1582836786 205
1582838314 206
1582839768 207
1582847664 208
1582849603 209
1582876968 210
1582887068 211
1582899158 212
1582899172 213
1582902555 214
1582909276 215
1582913556 216
1582918892 217
1582923317 218
1582962218 219
1582976265 220
1582990379 221
1582994276 222
1583005014 223
1583011724 224
1583013290 225
1583049042 226
1583065191 227
1583072042 228
1583074110 229
1583082260 230
1583084335 231
1583087673 232
1583089711 233
1583091915 234
1583131695 235
1583136924 236
1583143847 237
1583148676 238
1583158490 239
1583165324 240
1583176121 241
1583176819 242
1583196207 243
1583220371 244
1583246002 245
1583247714 246
1583271259 247
1583271873 248
1583278055 249
1583316804 250
1583326008 251
1583326851 252
1583329707 253
1583329766 254
1583337199 255
1583391427 256
1583396050 257
1583398157 258
1583405206 259
1583410520 260
1583426515 261
1583437268 262
1583438645 263
1583446175 264
1583451252 265
1583455362 266
1583489104 267
1583490809 268
1583502942 269
1583504046 270
1583508542 271
1583518309 272
1583523014 273
1583526375 274
1583580628 275
1583608959 276
1583614769 277
1583615655 278
1583625739 279
1583663416 280
1583680251 281
1583690335 282
1583700177 283
1583703376 284
1583724944 285
1583744788 286
1583757348 287
1583763567 288
1583772231 289
1583784344 290
1583791485 291
1583826500 292
1583848213 293
1583865779 294
1583916382 295
1583918962 296
1583933197 297
1583961419 298
1583980767 299
1584009266 300
1584009316 301
1584021612 302
1584036545 303
1584043330 304
1584043765 305
1584044872 306
1584045733 307
1584048984 308
1584055645 309
1584091257 310
1584102150 311
1584105279 312
1584106094 313
1584114458 314
1584122583 315
1584127174 316
1584132939 317
1584137986 318
1584147330 319
1584149891 320
1584184029 321
1584186496 322
1584196519 323
1584197030 324
1584203493 325
1584213881 326
1584217074 327
1584217468 328
1584217584 329
1584218398 330
1584228655 331
1584231836 332
1584235319 333
1584259794 334
1584265334 335
1584268453 336
1584269354 337
1584271870 338
1584272453 339
1584273731 340
1584291410 341
1584293589 342
1584293788 343
1584294775 344
1584303481 345
1584309219 346
1584310953 347
1584311800 348
1584318635 349
1584328789 350
1584354266 351
1584358947 352
1584364939 353
1584373996 354
1584374822 355
1584378048 356
1584382435 357
1584382672 358
1584383414 359
1584385060 360
1584386768 361
1584388677 362
1584389629 363
1584392665 364
1584398423 365
1584404183 366
1584425562 367
1584439057 368
1584442072 369
1584448352 370
1584457880 371
1584463592 372
1584478380 373
1584521381 374
1584543941 375
1584562554 376
1584570380 377
1584579271 378
1584630607 379
1584632885 380
1584703510 381
1584721897 382
1584736744 383
1584756675 384
1584776360 385
1584800258 386
1584810580 387
1584827001 388
1584870156 389
1584894447 390
1584912895 391
1584927024 392
1584974040 393
1584976533 394
1584980772 395
1584987113 396
1585049243 397
1585156497 398
1585178033 399
1585288515 400
1585311899 401
1585327192 402
1585328026 403
1585333771 404
1585356371 405
1585361662 406
1585389750 407
1585430555 408
1585479263 409
1585498217 410
1585499064 411
1585597177 412
1585655891 413
1585782160 414
1586024419 415
1586125852 416
1586140078 417
1586166331 418
1586180464 419
1586207756 420
1586352309 421
1586473546 422
1586623848 423
1586814080 424
1586819093 425
1587139400 426
1587299017 427
1587402510 428
1587471890 429
1587539243 430
1587846345 431
1588163866 432
1588335402 433
1588422315 434
1588510780 435
1588756707 436
1590674666 437
1592485322 438
1592837643 439
1593215394 440
1593459816 441
1595090195 442
1595680752 443
1596131843 444
1596145097 445
1597020246 446
1597434161 447
1597688266 448
1597846742 449
1598197407 450
1598535366 451
1598555073 452
1599039249 453
1599177289 454
1600102759 455
1600499517 456
1600953505 457
1600979095 458
1601919560 459
1602006048 460
1602669909 461
1602706150 462
1602777054 463
1602846289 464
1602851214 465
1603020178 466
1603288843 467
1603467388 468
1603739185 469
1603840470 470
1603968950 471
1603971522 472
1603992859 473
1604186922 474
1604601222 475
1605194372 476
1605203334 477
1606514217 478
1606742238 479
1606915356 480
1606991375 481
1607166479 482
1609087530 483
1609422200 484
1609449216 485
1609520812 486
1609530183 487
1609585492 488
1609603871 489
1609607910 490
1609616820 491
1609617098 492
1609619072 493
1609717855 494
1609750247 495
1609760651 496
1609788707 497
1609802176 498
1609840567 499
1609842508 500
