1580083200 231 11 220
1580688000 384 25 359
1581292800 439 33 406
1581897600 474 40 434
1582502400 502 45 457
1583107200 758 63 695
1583712000 1018 105 913
1584316800 1526 214 1312
1584921600 2015 451 1564
1585526400 2178 588 1590
1586131200 2251 690 1561
1586736000 2314 779 1535
1587340800 2378 859 1519
1587945600 2412 921 1491
1588550400 2436 982 1454
1589155200 2458 1033 1425
1589760000 2472 1065 1407
1590364800 2484 1085 1399
1590969600 2495 1118 1377
1591574400 2499 1140 1359
1592179200 2500 1152 1348
1592784000 2502 1164 1338
1593388800 2510 1178 1332
1593993600 2513 1183 1330
1594598400 2517 1192 1325
1595203200 2522 1204 1318
1595808000 2529 1219 1310
1596412800 2536 1230 1306
1597017600 2544 1248 1296
1597622400 2555 1272 1283
1598227200 2566 1289 1277
1598832000 2582 1314 1268
1599436800 2596 1330 1266
1600041600 2608 1355 1253
1600646400 2617 1372 1245
1601251200 2633 1401 1232
1601856000 2642 1421 1221
1602460800 2651 1439 1212
1603065600 2676 1490 1186
1603670400 2696 1534 1162
1604275200 2758 1725 1033
1604880000 2772 1822 950
1605484800 2786 1905 881
1606089600 2795 1966 829
1606694400 2797 2021 776
1607299200 2808 2049 759
1607904000 2818 2121 697
1608508800 2828 2215 613
1609113600 2834 2314 520
1609718400 2847 2353 494
