1579611316 1
1579611555 2
1579617811 3
1579621979 4
1579622150 5
1579629367 6
1579636944 7
1579639995 8
1579640280 9
1579640775 10
1579646008 11
1579678473 12
1579693339 13
1579724250 14
1579727123 15
1579727177 16
1579727975 17
1579730378 18
1579733220 19
1579734215 20
1579734792 21
1579735590 22
1579737627 23
1579740900 24
1579742068 25
1579760592 26
1579772175 27
1579778672 28
1579778830 29
1579784057 30
1579784270 31
1579784502 32
1579792908 33
1579792912 34
1579806529 35
1579811179 36
1579822944 37
1579823091 38
1579826431 39
1579827367 40
1579840018 41
1579844499 42
1579849340 43
1579852403 44
1579853947 45
1579854262 46
1579858552 47
1579858590 48
1579861015 49
1579861671 50
1579863724 51
1579870844 52
1579872263 53
1579873194 54
1579875857 55
1579880211 56
1579886746 57
1579887026 58
1579887245 59
1579888707 60
1579892037 61
1579897615 62
1579898020 63
1579898093 64
1579898104 65
1579899120 66
1579899597 67
1579899783 68
1579899824 69
1579900093 70
1579900136 71
1579900290 72
1579900351 73
1579900500 74
1579900515 75
1579900888 76
1579901083 77
1579901210 78
1579901630 79
1579901787 80
1579901886 81
1579901916 82
1579902344 83
1579903110 84
1579904655 85
1579904963 86
1579905912 87
1579906049 88
1579906227 89
1579906351 90
1579906859 91
1579906939 92
1579907338 93
1579908229 94
1579908293 95
1579908329 96
1579911342 97
1579915723 98
1579916416 99
1579917630 100
1579919733 101
1579920712 102
1579922026 103
1579934676 104
1579943708 105
1579943871 106
1579944902 107
1579946835 108
1579949445 109
1579949468 110
1579949677 111
1579950615 112
1579951014 113
1579951945 114
1579953209 115
1579956895 116
1579957910 117
1579962525 118
1579964705 119
1579966349 120
1579966383 121
1579967349 122
1579968270 123
1579973982 124
1579975431 125
1579975776 126
1579976055 127
1579976177 128
1579977121 129
1579978580 130
1579979761 131
1579979940 132
1579982056 133
1579982100 134
1579984623 135
1579986219 136
1579990366 137
1579995294 138
1579999312 139
1580021099 140
1580025385 141
1580032617 142
1580034093 143
1580036556 144
1580039617 145
1580039816 146
1580040653 147
1580041576 148
1580056459 149
1580063156 150
1580069107 151
1580072563 152
1580073364 153
1580077054 154
1580079026 155
1580081552 156
1580082532 157
1580109046 158
1580116947 159
1580119156 160
1580121793 161
1580129688 162
1580130647 163
1580134245 164
1580135310 165
1580135506 166
1580142357 167
1580145999 168
1580147519 169
1580149929 170
1580149994 171
1580150937 172
1580157337 173
1580163235 174
1580163355 175
1580179150 176
1580186044 177
1580200461 178
1580205290 179
1580208217 180
1580208891 181
1580209087 182
1580209664 183
1580209714 184
1580210960 185
1580214642 186
1580215430 187
1580218095 188
1580234905 189
1580237499 190
1580239491 191
1580239642 192
1580242009 193
1580244435 194
1580246007 195
1580252123 196
1580281426 197
1580286821 198
1580292256 199
1580293317 200
1580294692 201
1580297046 202
1580308050 203
1580328596 204
1580352894 205
1580372528 206
1580378199 207
1580381070 208
1580383871 209
1580386391 210
1580389339 211
1580390124 212
1580396988 213
1580404348 214
1580418110 215
1580418279 216
1580419059 217
1580420960 218
1580472399 219
1580474163 220
1580478927 221
1580494200 222
1580495775 223
1580503648 224
1580545588 225
1580546975 226
1580547601 227
1580549272 228
1580555486 229
1580559931 230
1580571642 231
1580596569 232
1580602005 233
1580611880 234
1580645299 235
1580647089 236
1580654725 237
1580655562 238
1580659674 239
1580673381 240
1580684741 241
1580699492 242
1580716630 243
1580721735 244
1580724385 245
1580740545 246
1580763051 247
1580772379 248
1580819234 249
1580825801 250
1580836548 251
1580866186 252
1580889641 253
1580920567 254
1580978260 255
1581010663 256
1581061851 257
1581070613 258
1581072844 259
1581158479 260
1581159381 261
1581159953 262
1581183489 263
1581187306 264
1581193042 265
1581195345 266
1581324821 267
1581331161 268
1581331394 269
1581334312 270
1581339543 271
1581352644 272
1581414559 273
1581428997 274
1581429752 275
1581435264 276
1581509957 277
1581610854 278
1581635783 279
1581770395 280
1581771472 281
1581798034 282
1581924361 283
1581943066 284
1581983608 285
1582116561 286
1582272984 287
1582284629 288
1582377942 289
1582391951 290
1582396817 291
1582420665 292
1582456071 293
1582483015 294
1582497493 295
1582497549 296
1582535958 297
1582537820 298
1582546289 299
1582547431 300
1582549138 301
1582549914 302
1582554319 303
1582555762 304
1582561004 305
1582561573 306
1582563983 307
1582568627 308
1582571134 309
1582573286 310
1582573993 311
1582575979 312
1582615975 313
1582620595 314
1582627726 315
1582628613 316
1582629053 317
1582631966 318
1582638763 319
1582641162 320
1582642459 321
1582645706 322
1582650461 323
1582651225 324
1582655367 325
1582659301 326
1582665550 327
1582666546 328
1582673226 329
1582712684 330
1582717298 331
1582720744 332
1582722355 333
1582732492 334
1582732714 335
1582733528 336
1582735601 337
1582736182 338
1582738899 339
1582739226 340
1582740609 341
1582752458 342
1582754587 343
1582755496 344
1582781146 345
1582786046 346
1582795284 347
1582797889 348
1582801259 349
1582803516 350
1582806431 351
1582809112 352
1582809645 353
1582810821 354
1582826009 355
1582836786 356
1582838314 357
1582838841 358
1582839768 359
1582841199 360
1582841279 361
1582843507 362
1582847664 363
1582849603 364
1582851554 365
1582870865 366
1582876968 367
1582879735 368
1582883970 369
1582886279 370
1582886664 371
1582887068 372
1582888323 373
1582889001 374
1582899158 375
1582899172 376
1582900772 377
1582909276 378
1582911754 379
1582913556 380
1582918892 381
1582919717 382
1582920244 383
1582922689 384
1582923783 385
1582931983 386
1582933156 387
1582939292 388
1582959634 389
1582960509 390
1582962218 391
1582962507 392
1582972173 393
1582974341 394
1582976265 395
1582978340 396
1582986017 397
1582990379 398
1582992395 399
1582993180 400
1582994276 401
1583002524 402
1583005014 403
1583006481 404
1583010636 405
1583010946 406
1583013290 407
1583017232 408
1583018787 409
1583058550 410
1583061724 411
1583062578 412
1583072042 413
1583074110 414
1583082260 415
1583084335 416
1583087673 417
1583090422 418
1583091164 419
1583091915 420
1583093841 421
1583100276 422
1583101696 423
1583105552 424
1583115640 425
1583131695 426
1583136924 427
1583143847 428
1583148676 429
1583151672 430
1583151695 431
1583151823 432
1583154010 433
1583155695 434
1583156047 435
1583158490 436
1583159875 437
1583165324 438
1583166187 439
1583168388 440
1583168876 441
1583170301 442
1583181768 443
1583186026 444
1583189093 445
1583196207 446
1583220371 447
1583228639 448
1583235269 449
1583238361 450
1583239723 451
1583246002 452
1583265761 453
1583266056 454
1583268079 455
1583269982 456
1583271259 457
1583271873 458
1583279920 459
1583316804 460
1583317526 461
1583324701 462
1583326008 463
1583329707 464
1583329766 465
1583333553 466
1583335222 467
1583337199 468
1583344069 469
1583352957 470
1583359476 471
1583390165 472
1583391427 473
1583396050 474
1583397004 475
1583398157 476
1583398264 477
1583405779 478
1583410520 479
1583413520 480
1583415867 481
1583426515 482
1583428076 483
1583434109 484
1583437042 485
1583437268 486
1583438645 487
1583444894 488
1583446175 489
1583451252 490
1583455362 491
1583460415 492
1583476393 493
1583488161 494
1583489104 495
1583490809 496
1583491793 497
1583493356 498
1583500372 499
1583502357 500
1583502776 501
1583504046 502
1583504220 503
1583506817 504
1583518309 505
1583523014 506
1583525210 507
1583526375 508
1583538214 509
1583539557 510
1583543124 511
1583548163 512
1583570868 513
1583574314 514
1583584677 515
1583589852 516
1583599326 517
1583604168 518
1583608959 519
1583611726 520
1583614769 521
1583614870 522
1583615655 523
1583616071 524
1583625739 525
1583637915 526
1583660557 527
1583662122 528
1583669007 529
1583675607 530
1583680251 531
1583680914 532
1583690335 533
1583692576 534
1583696359 535
1583699910 536
1583700177 537
1583703376 538
1583706195 539
1583724944 540
1583734573 541
1583737708 542
1583744677 543
1583744788 544
1583757348 545
1583762414 546
1583763567 547
1583771869 548
1583772231 549
1583778825 550
1583784344 551
1583786999 552
1583790111 553
1583791485 554
1583799918 555
1583800460 556
1583826500 557
1583830685 558
1583832091 559
1583832986 560
1583844963 561
1583859888 562
1583865779 563
1583871684 564
1583916382 565
1583918962 566
1583931353 567
1583933197 568
1583937801 569
1583941386 570
1583949647 571
1583958576 572
1583961415 573
1583961419 574
1583963615 575
1583969483 576
1583974878 577
1583980767 578
1584000090 579
1584003074 580
1584009266 581
1584009297 582
1584009865 583
1584013582 584
1584017842 585
1584022009 586
1584022269 587
1584024031 588
1584030778 589
1584035120 590
1584036545 591
1584039510 592
1584039668 593
1584040451 594
1584042253 595
1584043275 596
1584043316 597
1584043330 598
1584043351 599
1584043367 600
1584043391 601
1584043427 602
1584045196 603
1584045733 604
1584047733 605
1584049489 606
1584049823 607
1584050059 608
1584050165 609
1584050949 610
1584051350 611
1584052927 612
1584053131 613
1584055601 614
1584057757 615
1584059485 616
1584059849 617
1584060080 618
1584082531 619
1584083341 620
1584088150 621
1584091257 622
1584093655 623
1584095317 624
1584102150 625
1584105279 626
1584106094 627
1584106438 628
1584107665 629
1584119351 630
1584125525 631
1584125944 632
1584127174 633
1584128617 634
1584131970 635
1584132939 636
1584136241 637
1584136491 638
1584136753 639
1584137812 640
1584139102 641
1584145853 642
1584147330 643
1584149891 644
1584166434 645
1584181360 646
1584181985 647
1584183437 648
1584184029 649
1584186496 650
1584186875 651
1584189688 652
1584190967 653
1584192993 654
1584196516 655
1584196519 656
1584197030 657
1584201100 658
1584203493 659
1584212096 660
1584214174 661
1584215272 662
1584216016 663
1584217074 664
1584217468 665
1584217510 666
1584217584 667
1584218398 668
1584220750 669
1584221080 670
1584221664 671
1584222342 672
1584222407 673
1584223121 674
1584223806 675
1584226387 676
1584228448 677
1584230471 678
1584231105 679
1584231836 680
1584235329 681
1584237774 682
1584256800 683
1584258453 684
1584259794 685
1584261600 686
1584261735 687
1584263125 688
1584265334 689
1584269354 690
1584271431 691
1584271870 692
1584271991 693
1584272379 694
1584273824 695
1584275526 696
1584277364 697
1584279118 698
1584282818 699
1584283191 700
1584284060 701
1584287449 702
1584288969 703
1584289446 704
1584291410 705
1584293788 706
1584294018 707
1584294643 708
1584294775 709
1584296028 710
1584297172 711
1584299330 712
1584300239 713
1584301598 714
1584302599 715
1584303737 716
1584304546 717
1584305241 718
1584305965 719
1584309219 720
1584310953 721
1584311800 722
1584320675 723
1584328789 724
1584335305 725
1584342243 726
1584346691 727
1584346978 728
1584347593 729
1584347607 730
1584347911 731
1584348544 732
1584353819 733
1584354266 734
1584354402 735
1584355923 736
1584356886 737
1584358947 738
1584359105 739
1584359592 740
1584360103 741
1584360150 742
1584360428 743
1584362027 744
1584362632 745
1584363072 746
1584363197 747
1584364939 748
1584365561 749
1584368013 750
1584368076 751
1584369942 752
1584370980 753
1584372211 754
1584374822 755
1584376235 756
1584376760 757
1584378048 758
1584378341 759
1584379994 760
1584382435 761
1584382672 762
1584384311 763
1584385060 764
1584386768 765
1584387555 766
1584388317 767
1584388677 768
1584389164 769
1584389629 770
1584392570 771
1584392665 772
1584395340 773
1584397235 774
1584397371 775
1584398021 776
1584398423 777
1584399325 778
1584400951 779
1584402814 780
1584404183 781
1584425562 782
1584431436 783
1584435525 784
1584436657 785
1584436958 786
1584438638 787
1584439057 788
1584441871 789
1584442072 790
1584443285 791
1584445633 792
1584447649 793
1584448352 794
1584451843 795
1584453048 796
1584454587 797
1584456251 798
1584456762 799
1584456864 800
1584457880 801
1584461187 802
1584465037 803
1584466305 804
1584474341 805
1584516458 806
1584519736 807
1584522966 808
1584531983 809
1584535086 810
1584540882 811
1584543159 812
1584543941 813
1584548445 814
1584548994 815
1584554826 816
1584555817 817
1584558724 818
1584560624 819
1584561196 820
1584562554 821
1584563644 822
1584567177 823
1584578845 824
1584607740 825
1584612873 826
1584614702 827
1584620707 828
1584625355 829
1584630607 830
1584632885 831
1584633341 832
1584636858 833
1584639441 834
1584658546 835
1584677227 836
1584700442 837
1584702105 838
1584702278 839
1584703510 840
1584703810 841
1584704184 842
1584705429 843
1584706296 844
1584707866 845
1584720083 846
1584721897 847
1584723771 848
1584723799 849
1584725420 850
1584727960 851
1584734344 852
1584736301 853
1584736744 854
1584737966 855
1584745107 856
1584746236 857
1584749771 858
1584756654 859
1584776360 860
1584790755 861
1584793983 862
1584796003 863
1584800258 864
1584800351 865
1584810580 866
1584829988 867
1584831484 868
1584864858 869
1584867378 870
1584870156 871
1584874411 872
1584882275 873
1584883291 874
1584887480 875
1584892582 876
1584894447 877
1584912895 878
1584920397 879
1584927024 880
1584962174 881
1584963313 882
1584969000 883
1584969036 884
1584976533 885
1584979589 886
1584980297 887
1584980375 888
1584980772 889
1584981484 890
1584985383 891
1584987113 892
1584990539 893
1585000496 894
1585042190 895
1585065861 896
1585070050 897
1585076131 898
1585123565 899
1585126539 900
1585151330 901
1585157991 902
1585160325 903
1585164365 904
1585180771 905
1585191549 906
1585240672 907
1585261920 908
1585262332 909
1585268345 910
1585288515 911
1585310549 912
1585311433 913
1585316504 914
1585322469 915
1585327192 916
1585328026 917
1585328490 918
1585333771 919
1585350976 920
1585353990 921
1585356371 922
1585360524 923
1585361662 924
1585400478 925
1585404098 926
1585419974 927
1585421386 928
1585430555 929
1585476346 930
1585479263 931
1585490235 932
1585509737 933
1585516106 934
1585527163 935
1585555288 936
1585565813 937
1585597177 938
1585648520 939
1585655891 940
1585656637 941
1585663394 942
1585673758 943
1585747126 944
1585771679 945
1585779285 946
1585782160 947
1585784845 948
1585840719 949
1585845237 950
1585863545 951
1585868544 952
1585896732 953
1585929679 954
1585956132 955
1585956148 956
1585978559 957
1586018401 958
1586024419 959
1586033963 960
1586055536 961
1586096921 962
1586124149 963
1586125852 964
1586166331 965
1586167525 966
1586178654 967
1586180464 968
1586201201 969
1586207756 970
1586215370 971
1586215990 972
1586220876 973
1586257436 974
1586257636 975
1586257793 976
1586263293 977
1586267032 978
1586273011 979
1586287352 980
1586291159 981
1586296495 982
1586340034 983
1586344691 984
1586352309 985
1586353198 986
1586366562 987
1586369200 988
1586372256 989
1586374570 990
1586380714 991
1586443351 992
1586444161 993
1586457304 994
1586469718 995
1586473546 996
1586480270 997
1586483090 998
1586502196 999
1586526174 1000
1586546792 1001
1586619429 1002
1586623787 1003
1586623848 1004
1586627751 1005
1586628030 1006
1586653267 1007
1586654915 1008
1586688618 1009
1586688908 1010
1586695295 1011
1586696313 1012
1586707820 1013
1586707993 1014
1586711928 1015
1586720951 1016
1586742804 1017
1586768656 1018
1586774139 1019
1586776882 1020
1586808336 1021
1586808458 1022
1586809248 1023
1586809543 1024
1586810787 1025
1586811360 1026
1586812405 1027
1586813743 1028
1586814080 1029
1586814428 1030
1586815525 1031
1586817822 1032
1586819093 1033
1586820709 1034
1586822306 1035
1586822802 1036
1586827138 1037
1586827865 1038
