1579564800 24 0 16 16
1579651200 22 0 16 13
1579737600 134 0 39 28
1579824000 630 0 114 81
1579910400 673 2 147 68
1579996800 607 0 113 29
1580083200 962 1 143 34
1580169600 1221 4 151 32
1580256000 1187 4 155 23
1580342400 1136 3 161 22
1580428800 1145 2 143 18
1580515200 633 3 113 12
1580601600 510 0 102 13
1580688000 629 3 121 13
1580774400 616 2 114 7
1580860800 480 1 108 10
1580947200 348 1 108 3
1581033600 487 0 111 8
1581120000 540 1 120 15
1581206400 372 0 87 0
1581292800 545 0 123 7
1581379200 514 0 109 10
1581465600 430 2 106 4
1581552000 763 0 123 8
1581638400 221 0 75 2
1581724800 378 4 83 3
1581811200 285 2 71 1
1581897600 239 0 76 4
1581984000 262 0 77 1
1582070400 237 2 73 2
1582156800 241 1 79 1
1582243200 200 0 70 4
1582329600 374 1 96 7
1582416000 687 1 117 10
1582502400 1008 2 199 31
1582588800 1074 6 214 34
1582675200 1730 3 247 35
1582761600 1878 4 249 35
1582848000 2354 5 295 50
1582934400 1990 4 275 42
1583020800 1991 1 269 32
1583107200 2531 3 357 47
1583193600 2691 7 335 36
1583280000 2467 2 323 32
1583366400 3487 10 385 46
1583452800 3794 2 397 41
1583539200 2834 0 310 27
1583625600 3282 1 364 34
1583712000 3454 0 418 39
1583798400 3509 3 438 32
1583884800 3664 1 445 37
1583971200 6583 8 644 96
1584057600 5924 7 612 68
1584144000 6990 5 623 97
1584230400 9270 4 801 141
1584316800 10342 17 961 169
1584403200 7427 9 803 88
1584489600 6198 9 739 70
1584576000 5649 18 701 35
1584662400 5457 9 681 55
1584748800 5759 6 648 36
1584835200 5885 16 650 38
1584921600 6994 9 671 40
1585008000 5204 7 593 15
1585094400 4805 7 614 23
1585180800 3539 1 538 16
1585267200 4325 5 586 19
1585353600 4813 9 555 32
1585440000 5346 16 579 20
1585526400 4079 4 557 13
1585612800 3937 2 512 12
1585699200 4025 6 548 8
1585785600 3781 1 529 12
1585872000 3994 4 486 12
1585958400 3093 4 432 7
1586044800 3871 4 462 10
1586131200 4225 4 533 20
1586217600 4286 5 520 10
1586304000 4014 5 486 9
1586390400 3695 0 452 4
1586476800 2994 8 416 5
1586563200 2847 3 414 5
1586649600 2615 1 388 10
1586736000 4957 5 547 19
1586822400 3691 22 485 11
1586908800 3168 2 427 6
1586995200 3126 1 394 4
1587081600 2791 5 394 6
1587168000 2531 0 353 12
1587254400 3514 5 373 8
1587340800 2163 2 347 4
1587427200 2454 6 362 7
1587513600 2913 3 368 5
1587600000 2690 2 359 3
1587686400 2054 1 334 5
1587772800 1844 6 311 5
1587859200 2303 4 293 6
1587945600 2227 3 330 2
1588032000 3859 2 431 5
1588118400 2356 1 334 4
1588204800 2126 1 332 7
1588291200 1974 2 300 3
1588377600 1934 1 263 2
1588464000 2297 1 309 2
1588550400 2481 0 323 1
1588636800 1950 1 299 3
1588723200 2011 1 293 4
1588809600 2895 5 352 3
1588896000 1752 4 267 3
1588982400 1981 1 273 4
1589068800 2763 1 317 4
1589155200 2676 1 366 6
1589241600 1680 4 272 5
1589328000 1692 0 230 0
1589414400 1400 4 231 1
1589500800 1262 1 215 0
1589587200 778 0 169 0
1589673600 789 0 184 2
1589760000 1270 2 194 3
