1579611316 1
1579611555 2
1579611751 3
1579621979 4
1579629367 5
1579636944 6
1579678473 7
1579724250 8
1579727123 9
1579727177 10
1579730378 11
1579733220 12
1579734009 13
1579734215 14
1579734792 15
1579735590 16
1579737627 17
1579760592 18
1579772175 19
1579778672 20
1579784057 21
1579784270 22
1579784502 23
1579791432 24
1579792908 25
1579792912 26
1579806529 27
1579811179 28
1579827367 29
1579840018 30
1579844499 31
1579849340 32
1579853947 33
1579854262 34
1579858590 35
1579861015 36
1579861671 37
1579872263 38
1579880211 39
1579886544 40
1579886746 41
1579888707 42
1579890751 43
1579897615 44
1579899120 45
1579899597 46
1579899824 47
1579900500 48
1579900888 49
1579901083 50
1579901210 51
1579901630 52
1579904655 53
1579905912 54
1579906049 55
1579906055 56
1579906227 57
1579906859 58
1579906939 59
1579908329 60
1579915723 61
1579916416 62
1579938750 63
1579940047 64
1579943548 65
1579943708 66
1579946835 67
1579949677 68
1579950615 69
1579953209 70
1579957910 71
1579962525 72
1579966349 73
1579968270 74
1579975776 75
1579976055 76
1579978580 77
1579979761 78
1579979940 79
1579982056 80
1579984623 81
1579990366 82
1579995294 83
1580025385 84
1580036233 85
1580036556 86
1580040653 87
1580072563 88
1580077054 89
1580079026 90
1580116947 91
1580119156 92
1580121793 93
1580130647 94
1580134245 95
1580135310 96
1580142357 97
1580145999 98
1580147519 99
1580149929 100
1580150937 101
1580153583 102
1580179150 103
1580214642 104
1580237499 105
1580239491 106
1580239642 107
1580281426 108
1580286821 109
1580291450 110
1580292256 111
1580297046 112
1580305313 113
1580309486 114
1580372528 115
1580378199 116
1580380689 117
1580386391 118
1580389339 119
1580390124 120
1580393334 121
1580404348 122
1580419059 123
1580472399 124
1580478927 125
1580484853 126
1580545588 127
1580547601 128
1580559931 129
1580571642 130
1580596569 131
1580597746 132
1580740545 133
1580762786 134
1580858244 135
1580920567 136
1581070613 137
1581072844 138
1581159381 139
1581159953 140
1581183489 141
1581187306 142
1581193042 143
1581334312 144
1581339543 145
1581357967 146
1581414559 147
1581428997 148
1581582731 149
1581635783 150
1581646190 151
1581770395 152
1582390772 153
1582391951 154
1582410431 155
1582420665 156
1582423902 157
1582463236 158
1582497493 159
1582549138 160
1582549914 161
1582555762 162
1582561004 163
1582563983 164
1582568627 165
1582620595 166
1582627726 167
1582631966 168
1582645706 169
1582646299 170
1582666546 171
1582720744 172
1582722355 173
1582728811 174
1582732714 175
1582745431 176
1582755496 177
1582786046 178
1582795284 179
1582803516 180
1582806431 181
1582809645 182
1582836786 183
1582838314 184
1582839768 185
1582841199 186
1582849603 187
1582876968 188
1582887068 189
1582899158 190
1582899172 191
1582902555 192
1582909276 193
1582918892 194
1582919023 195
1582920244 196
1582962507 197
1582976265 198
1582992628 199
1582994276 200
1583005014 201
1583006481 202
1583013290 203
1583072042 204
1583082260 205
1583087673 206
1583091915 207
1583131695 208
1583143847 209
1583148676 210
1583158490 211
1583168876 212
1583176819 213
1583226444 214
1583238361 215
1583246002 216
1583271259 217
1583278055 218
1583326008 219
1583326851 220
1583329707 221
1583329766 222
1583391427 223
1583398157 224
1583410520 225
1583426515 226
1583432997 227
1583434109 228
1583437268 229
1583437934 230
1583444894 231
1583448634 232
1583455362 233
1583486516 234
1583489104 235
1583490809 236
1583498447 237
1583518309 238
1583523014 239
1583523508 240
1583526375 241
1583543124 242
1583580628 243
1583614769 244
1583625739 245
1583663416 246
1583680251 247
1583690335 248
1583700177 249
1583757348 250
1583772231 251
1583784344 252
1583791485 253
1583826500 254
1583866945 255
1583916382 256
1583918962 257
1583933197 258
1583953323 259
1583961419 260
1583964215 261
1584021612 262
1584030778 263
1584036545 264
1584043391 265
1584044405 266
1584045733 267
1584048984 268
1584050949 269
1584055645 270
1584081554 271
1584091257 272
1584102150 273
1584105279 274
1584114458 275
1584125525 276
1584127174 277
1584132939 278
1584137986 279
1584147330 280
1584149891 281
1584181360 282
1584186496 283
1584196519 284
1584197030 285
1584203493 286
1584213881 287
1584217074 288
1584217468 289
1584218398 290
1584226030 291
1584231836 292
1584259794 293
1584265334 294
1584269354 295
1584271870 296
1584273731 297
1584279118 298
1584291410 299
1584293788 300
1584294643 301
1584294775 302
1584301560 303
1584303481 304
1584305456 305
1584309219 306
1584318635 307
1584328789 308
1584352806 309
1584354266 310
1584355923 311
1584359105 312
1584360103 313
1584363197 314
1584364939 315
1584372211 316
1584373996 317
1584378048 318
1584379994 319
1584382435 320
1584383414 321
1584386768 322
1584388677 323
1584389629 324
1584392665 325
1584398423 326
1584404183 327
1584425562 328
1584439057 329
1584442072 330
1584448352 331
1584528474 332
1584543159 333
1584543941 334
1584570380 335
1584612873 336
1584630607 337
1584632885 338
1584694425 339
1584703510 340
1584704184 341
1584721897 342
1584736744 343
1584756675 344
1584757668 345
1584800258 346
1584810580 347
1584827001 348
1584829731 349
1584870156 350
1584894447 351
1584902064 352
1584912895 353
1584974040 354
1584979589 355
1584987113 356
1585251319 357
1585288515 358
1585328026 359
1585333771 360
1585356371 361
1585421386 362
1585430555 363
1585479263 364
1585498217 365
1585771679 366
1586024419 367
1586125852 368
1586140078 369
1586166331 370
1586180464 371
1586207756 372
1586215990 373
1586220876 374
1586352309 375
1586623848 376
1586627751 377
1586707820 378
1586819093 379
1586893337 380
1586987719 381
1587073381 382
1587402510 383
1587471890 384
1587846345 385
1588015992 386
1588149741 387
1588163866 388
1588335402 389
1588510780 390
1588756707 391
1589315651 392
1590174302 393
1590674666 394
1590687933 395
1592837643 396
1592898386 397
1593215394 398
1593459816 399
1594303365 400
1595090195 401
1595680752 402
1596145097 403
1597020246 404
1597688266 405
1597846742 406
1598197407 407
1598216779 408
1598555073 409
1598564729 410
1599039249 411
1600070298 412
1600102759 413
1600499517 414
1600547248 415
1600953505 416
1601919560 417
1602006048 418
1602851214 419
1603223195 420
1603467388 421
1603739185 422
1603968950 423
1603971522 424
1603992859 425
1604122623 426
1604186922 427
1604601222 428
1605092315 429
1605397875 430
1605805465 431
1606514217 432
1606742238 433
1606754385 434
1606915356 435
1607109632 436
1608768442 437
1608821161 438
1608912048 439
1609062175 440
1609087530 441
1609172427 442
