1580083200 234 12 222
1580688000 387 27 360
1581292800 442 36 406
1581897600 477 43 434
1582502400 506 48 458
1583107200 762 68 694
1583712000 1022 114 908
1584316800 1530 230 1300
1584921600 2019 492 1527
1585526400 2183 646 1537
1586131200 2256 767 1489
1586736000 2319 872 1447
1587340800 2384 979 1405
1587945600 2418 1051 1367
1588550400 2442 1127 1315
1589155200 2464 1199 1265
1589760000 2478 1253 1225
1590364800 2490 1285 1205
1590969600 2501 1329 1172
1591574400 2505 1359 1146
1592179200 2506 1376 1130
1592784000 2508 1395 1113
1593388800 2516 1419 1097
1593993600 2519 1432 1087
1594598400 2523 1445 1078
1595203200 2528 1470 1058
1595808000 2535 1496 1039
1596412800 2542 1513 1029
1597017600 2550 1537 1013
1597622400 2561 1571 990
1598227200 2572 1602 970
1598832000 2588 1642 946
1599436800 2602 1672 930
1600041600 2614 1716 898
1600646400 2623 1758 865
1601251200 2639 1819 820
1601856000 2648 1871 777
1602460800 2657 1920 737
1603065600 2682 2084 598
1603670400 2702 2105 597
