1579629367 1
1579636944 2
1579646008 3
1579678473 4
1579724250 5
1579727123 6
1579727177 7
1579730378 8
1579733220 9
1579734009 10
1579734792 11
1579735590 12
1579760592 13
1579772175 14
1579776449 15
1579784057 16
1579784270 17
1579784502 18
1579791432 19
1579792912 20
1579806529 21
1579811179 22
1579827367 23
1579840018 24
1579844499 25
1579849340 26
1579853947 27
1579854262 28
1579858590 29
1579861015 30
1579863724 31
1579872263 32
1579880211 33
1579886746 34
1579887245 35
1579890751 36
1579897615 37
1579898020 38
1579898093 39
1579898366 40
1579899120 41
1579899597 42
1579899783 43
1579899824 44
1579900290 45
1579900351 46
1579900500 47
1579900888 48
1579901210 49
1579901630 50
1579901916 51
1579904013 52
1579904655 53
1579905912 54
1579906049 55
1579906227 56
1579908329 57
1579915186 58
1579915723 59
1579916416 60
1579917630 61
1579920712 62
1579949445 63
1579951014 64
1579957910 65
1579966349 66
1579967349 67
1579968270 68
1579975776 69
1579976177 70
1579979761 71
1579979940 72
1579982056 73
1579987781 74
1579990366 75
1580036556 76
1580039617 77
1580040653 78
1580069107 79
1580072563 80
1580077054 81
1580109046 82
1580119156 83
1580121793 84
1580130647 85
1580134245 86
1580145999 87
1580147519 88
1580149994 89
1580150937 90
1580152565 91
1580163355 92
1580179150 93
1580205290 94
1580209087 95
1580210960 96
1580215430 97
1580233880 98
1580237499 99
1580239491 100
1580239614 101
1580239642 102
1580281426 103
1580291450 104
1580293317 105
1580294692 106
1580297046 107
1580309486 108
1580329136 109
1580372528 110
1580378199 111
1580380689 112
1580386391 113
1580390124 114
1580393334 115
1580418110 116
1580419059 117
1580472399 118
1580484853 119
1580503648 120
1580545588 121
1580546975 122
1580547601 123
1580559931 124
1580563178 125
1580596569 126
1580724385 127
1580740545 128
1580763051 129
1580858244 130
1580920567 131
1581010663 132
1581072844 133
1581159381 134
1581159953 135
1581183489 136
1581193042 137
1581428997 138
1581435264 139
1581585241 140
1581635783 141
1581770395 142
1581771472 143
1581924361 144
1582116561 145
1582272984 146
1582391951 147
1582420665 148
1582423902 149
1582497493 150
1582497549 151
1582546289 152
1582549914 153
1582555762 154
1582563983 155
1582568627 156
1582573993 157
1582575979 158
1582620595 159
1582627726 160
1582628613 161
1582638763 162
1582643188 163
1582645706 164
1582651225 165
1582665550 166
1582666546 167
1582715238 168
1582717298 169
1582720744 170
1582722355 171
1582753999 172
1582755496 173
1582803516 174
1582809645 175
1582836786 176
1582838314 177
1582839768 178
1582841279 179
1582843507 180
1582876968 181
1582883970 182
1582888323 183
1582899172 184
1582906321 185
1582909276 186
1582913556 187
1582918892 188
1582919717 189
1582923317 190
1582939292 191
1582976265 192
1582987636 193
1582992395 194
1582994276 195
1583005014 196
1583006481 197
1583018787 198
1583049042 199
1583074110 200
1583082260 201
1583091915 202
1583100276 203
1583105552 204
1583143847 205
1583151672 206
1583168388 207
1583186026 208
1583187874 209
1583238361 210
1583247714 211
1583269982 212
1583271259 213
1583278055 214
1583307812 215
1583317526 216
1583326851 217
1583329766 218
1583333553 219
1583337199 220
1583359476 221
1583398157 222
1583399990 223
1583410520 224
1583411088 225
1583413520 226
1583432997 227
1583437268 228
1583437934 229
1583444894 230
1583455362 231
1583489104 232
1583489620 233
1583502776 234
1583502942 235
1583518309 236
1583526375 237
1583608959 238
1583614769 239
1583625739 240
1583637915 241
1583655198 242
1583662122 243
1583679377 244
1583680251 245
1583696359 246
1583700177 247
1583703376 248
1583734573 249
1583757348 250
1583763567 251
1583772231 252
1583778825 253
1583784344 254
1583790496 255
1583865779 256
1583866945 257
1583916382 258
1583918962 259
1583931353 260
1583933197 261
1583961419 262
1584009266 263
1584021612 264
1584024031 265
1584036545 266
1584049489 267
1584050949 268
1584091257 269
1584102150 270
1584106438 271
1584127174 272
1584183437 273
1584186496 274
1584190967 275
1584196519 276
1584197030 277
1584217584 278
1584220750 279
1584222407 280
1584265334 281
1584267366 282
1584269354 283
1584271870 284
1584271991 285
1584272379 286
1584281015 287
1584282818 288
1584284093 289
1584291410 290
1584294775 291
1584305456 292
1584309219 293
1584310953 294
1584328789 295
1584357965 296
1584363072 297
1584368013 298
1584376760 299
1584378048 300
1584404183 301
1584456864 302
1584463592 303
1584518900 304
1584548994 305
1584578845 306
1584579271 307
1584607740 308
1584630607 309
1584649964 310
1584745107 311
1584749771 312
1584800258 313
1584810580 314
1584829731 315
1584874411 316
1584902064 317
1584912895 318
1584974040 319
1584976533 320
1584980375 321
1584985383 322
1584987113 323
1585311899 324
1585327192 325
1585328026 326
1585333771 327
1585421386 328
1585479263 329
1585479332 330
1585490235 331
1585509737 332
1585602970 333
1585655891 334
1585771679 335
1585782160 336
1585978559 337
1585990855 338
1586024419 339
1586096921 340
1586166331 341
1586180464 342
1586207756 343
1586352309 344
1586480270 345
1586623848 346
1586707820 347
1586987719 348
1587402510 349
1587471890 350
1587539243 351
1587645366 352
1587846345 353
1587891002 354
1588015992 355
1588163866 356
1588245006 357
1588335402 358
1588510780 359
1590060606 360
1594303365 361
1594632323 362
1594723510 363
1594821611 364
1595090195 365
1595148222 366
1595262121 367
