1580083200 231 11 220
1580688000 384 23 361
1581292800 439 31 408
1581897600 474 38 436
1582502400 502 43 459
1583107200 758 61 697
1583712000 1018 103 915
1584316800 1526 212 1314
1584921600 2015 444 1571
1585526400 2178 579 1599
1586131200 2251 678 1573
1586736000 2314 765 1549
1587340800 2378 841 1537
1587945600 2412 902 1510
1588550400 2436 962 1474
1589155200 2458 1012 1446
1589760000 2472 1042 1430
1590364800 2484 1062 1422
1590969600 2495 1093 1402
1591574400 2499 1115 1384
1592179200 2500 1127 1373
1592784000 2502 1139 1363
1593388800 2510 1152 1358
1593993600 2513 1157 1356
1594598400 2517 1166 1351
1595203200 2522 1177 1345
1595808000 2529 1190 1339
1596412800 2536 1200 1336
1597017600 2544 1215 1329
1597622400 2555 1238 1317
1598227200 2566 1255 1311
1598832000 2582 1278 1304
1599436800 2596 1294 1302
1600041600 2608 1319 1289
1600646400 2617 1336 1281
1601251200 2633 1362 1271
1601856000 2642 1382 1260
1602460800 2651 1399 1252
1603065600 2676 1448 1228
1603670400 2696 1488 1208
1604275200 2758 1655 1103
1604880000 2772 1739 1033
1605484800 2786 1804 982
1606089600 2795 1852 943
1606694400 2797 1894 903
1607299200 2808 1919 889
1607904000 2818 1971 847
1608508800 2828 2030 798
1609113600 2834 2089 745
1609718400 2847 2170 677
1610323200 2860 2303 557
1610928000 2874 2338 536
