1579611316 1
1579611555 2
1579611751 3
1579613366 4
1579617811 5
1579621979 6
1579622150 7
1579627499 8
1579629367 9
1579630675 10
1579630765 11
1579631666 12
1579636944 13
1579639995 14
1579640280 15
1579640775 16
1579646008 17
1579678473 18
1579693339 19
1579724250 20
1579727123 21
1579727177 22
1579727975 23
1579730378 24
1579730809 25
1579733220 26
1579734009 27
1579734215 28
1579734792 29
1579735590 30
1579737627 31
1579738363 32
1579742068 33
1579760592 34
1579772175 35
1579775467 36
1579776449 37
1579777951 38
1579778672 39
1579778830 40
1579784057 41
1579784270 42
1579784502 43
1579787783 44
1579791432 45
1579792908 46
1579792912 47
1579793285 48
1579793640 49
1579793677 50
1579802143 51
1579805056 52
1579806529 53
1579811179 54
1579821659 55
1579822944 56
1579823091 57
1579826431 58
1579827367 59
1579840018 60
1579844499 61
1579849146 62
1579849340 63
1579852403 64
1579853947 65
1579854262 66
1579858552 67
1579858590 68
1579858604 69
1579861015 70
1579861671 71
1579863724 72
1579870016 73
1579871363 74
1579872263 75
1579873194 76
1579874713 77
1579875857 78
1579877603 79
1579880211 80
1579880806 81
1579885751 82
1579886544 83
1579886746 84
1579887026 85
1579887245 86
1579888707 87
1579890751 88
1579892037 89
1579897192 90
1579897615 91
1579897628 92
1579898020 93
1579898093 94
1579898104 95
1579898295 96
1579898366 97
1579899120 98
1579899597 99
1579899783 100
1579899824 101
1579900037 102
1579900093 103
1579900136 104
1579900290 105
1579900351 106
1579900500 107
1579900515 108
1579900888 109
1579901083 110
1579901210 111
1579901630 112
1579901787 113
1579901886 114
1579901916 115
1579902344 116
1579903110 117
1579904004 118
1579904013 119
1579904655 120
1579904674 121
1579904963 122
1579905912 123
1579906049 124
1579906055 125
1579906227 126
1579906351 127
1579906556 128
1579906859 129
1579906939 130
1579906979 131
1579907338 132
1579908229 133
1579908293 134
1579908329 135
1579908840 136
1579909219 137
1579911342 138
1579915186 139
1579915723 140
1579916416 141
1579917298 142
1579917630 143
1579919733 144
1579920712 145
1579922026 146
1579934676 147
1579938071 148
1579938750 149
1579939400 150
1579940047 151
1579943548 152
1579943708 153
1579943871 154
1579944323 155
1579944902 156
1579946835 157
1579947236 158
1579947909 159
1579949445 160
1579949468 161
1579949652 162
1579949677 163
1579950448 164
1579950615 165
1579951014 166
1579951945 167
1579953209 168
1579956895 169
1579957886 170
1579957910 171
1579958003 172
1579958330 173
1579961352 174
1579961635 175
1579962300 176
1579962525 177
1579962557 178
1579964705 179
1579966349 180
1579966383 181
1579967323 182
1579967349 183
1579968270 184
1579969765 185
1579972703 186
1579972896 187
1579973982 188
1579975431 189
1579975776 190
1579976055 191
1579976177 192
1579976762 193
1579977121 194
1579978580 195
1579979761 196
1579979940 197
1579982056 198
1579982100 199
1579984623 200
1579986219 201
1579987781 202
1579990366 203
1579995294 204
1579999312 205
1580021099 206
1580023491 207
1580025385 208
1580032617 209
1580032644 210
1580034093 211
1580036233 212
1580036556 213
1580037245 214
1580039617 215
1580039816 216
1580040653 217
1580041049 218
1580041576 219
1580044253 220
1580056459 221
1580063156 222
1580069107 223
1580072563 224
1580073364 225
1580077054 226
1580077921 227
1580078790 228
1580079026 229
1580081552 230
1580082532 231
1580109046 232
1580116947 233
1580118638 234
1580119156 235
1580121793 236
1580122138 237
1580129294 238
1580129688 239
1580130647 240
1580133359 241
1580134245 242
1580135310 243
1580135506 244
1580135682 245
1580137293 246
1580139983 247
1580140796 248
1580141917 249
1580142357 250
1580143850 251
1580145999 252
1580147519 253
1580148839 254
1580149825 255
1580149929 256
1580149994 257
1580150937 258
1580152565 259
1580153583 260
1580157337 261
1580157604 262
1580162604 263
1580163235 264
1580163355 265
1580179150 266
1580180392 267
1580186044 268
1580200461 269
1580204608 270
1580205290 271
1580208217 272
1580208891 273
1580209087 274
1580209441 275
1580209664 276
1580209714 277
1580210960 278
1580214064 279
1580214642 280
1580214715 281
1580215430 282
1580218095 283
1580218312 284
1580234905 285
1580237499 286
1580239491 287
1580239614 288
1580239642 289
1580240823 290
1580242009 291
1580242271 292
1580244435 293
1580246007 294
1580250782 295
1580263337 296
1580266899 297
1580281426 298
1580286821 299
1580289227 300
1580291450 301
1580291926 302
1580292256 303
1580293317 304
1580293461 305
1580294692 306
1580295949 307
1580297046 308
1580304197 309
1580305313 310
1580308050 311
1580309486 312
1580314182 313
1580328596 314
1580329136 315
1580333196 316
1580334924 317
1580341579 318
1580352894 319
1580361242 320
1580372528 321
1580378199 322
1580378646 323
1580379102 324
1580380689 325
1580381070 326
1580381504 327
1580383871 328
1580386391 329
1580389339 330
1580390124 331
1580393334 332
1580396988 333
1580397439 334
1580404348 335
1580418110 336
1580418279 337
1580419059 338
1580420960 339
1580425672 340
1580460065 341
1580461280 342
1580464664 343
1580468550 344
1580472399 345
1580473279 346
1580474163 347
1580477055 348
1580478927 349
1580484853 350
1580487904 351
1580494200 352
1580495775 353
1580495851 354
1580497424 355
1580503648 356
1580503712 357
1580505690 358
1580518207 359
1580545588 360
1580546975 361
1580547601 362
1580549272 363
1580554637 364
1580555486 365
1580559931 366
1580563178 367
1580571642 368
1580596569 369
1580597746 370
1580602005 371
1580611880 372
1580615662 373
1580641210 374
1580641805 375
1580645299 376
1580647089 377
1580654725 378
1580655562 379
1580659674 380
1580673381 381
1580682687 382
1580684741 383
1580699492 384
1580716630 385
1580721735 386
1580724385 387
1580728884 388
1580740545 389
1580740922 390
1580744082 391
1580748471 392
1580762786 393
1580768440 394
1580772379 395
1580802759 396
1580819234 397
1580825801 398
1580836548 399
1580837864 400
1580843552 401
1580858244 402
1580866186 403
1580889641 404
1580905759 405
1580913537 406
1580916749 407
1580920567 408
1580921681 409
1580921851 410
1580927084 411
1580936329 412
1580978260 413
1580986937 414
1581010663 415
1581061851 416
1581070613 417
1581072844 418
1581074277 419
1581086123 420
1581094415 421
1581098706 422
1581118315 423
1581157548 424
1581158479 425
1581159381 426
1581159953 427
1581161411 428
1581162629 429
1581172511 430
1581176407 431
1581177359 432
1581181207 433
1581183489 434
1581187306 435
1581188385 436
1581193042 437
1581195345 438
1581324821 439
1581331161 440
1581331394 441
1581334312 442
1581339543 443
1581357967 444
1581370515 445
1581412981 446
1581414559 447
1581419656 448
1581428997 449
1581429752 450
1581435264 451
1581442081 452
1581445993 453
1581449554 454
1581450308 455
1581496171 456
1581509957 457
1581513139 458
1581546660 459
1581581725 460
1581582731 461
1581585241 462
1581585824 463
1581594387 464
1581610854 465
1581612353 466
1581635783 467
1581646190 468
1581679386 469
1581770395 470
1581771472 471
1581798034 472
1581884638 473
1581924361 474
1581943066 475
1581953185 476
1581983608 477
1581998295 478
1582141950 479
1582220672 480
1582272984 481
1582282745 482
1582284629 483
1582326576 484
1582377942 485
1582385296 486
1582390772 487
1582391951 488
1582396817 489
1582402425 490
1582410431 491
1582420665 492
1582423902 493
1582456071 494
1582457845 495
1582461884 496
1582463236 497
1582482830 498
1582483015 499
1582497493 500
1582497549 501
1582535958 502
1582537820 503
1582541375 504
1582544318 505
1582546289 506
1582547431 507
1582549050 508
1582549138 509
1582549914 510
1582554319 511
1582555618 512
1582555659 513
1582555762 514
1582558310 515
1582558442 516
1582559505 517
1582561004 518
1582561573 519
1582561978 520
1582562195 521
1582562717 522
1582563983 523
1582565270 524
1582565759 525
1582568627 526
1582571134 527
1582573286 528
1582573993 529
1582575979 530
1582581666 531
1582598944 532
1582614333 533
1582615975 534
1582620595 535
1582622443 536
1582627726 537
1582628613 538
1582629053 539
1582630446 540
1582630853 541
1582631966 542
1582633462 543
1582638628 544
1582638763 545
1582640340 546
1582641162 547
1582642459 548
1582643188 549
1582645706 550
1582646299 551
1582648592 552
1582650461 553
1582651225 554
1582655012 555
1582655306 556
1582655367 557
1582659266 558
1582659301 559
1582662828 560
1582665550 561
1582666546 562
1582668436 563
1582673226 564
1582673343 565
1582702480 566
1582712684 567
1582714369 568
1582715238 569
1582715729 570
1582716039 571
1582717298 572
1582720744 573
1582722355 574
1582724283 575
1582724605 576
1582725429 577
1582728811 578
1582732492 579
1582732619 580
1582732714 581
1582733528 582
1582734922 583
1582735067 584
1582735408 585
1582735601 586
1582736182 587
1582737595 588
1582738899 589
1582739226 590
1582740609 591
1582744299 592
1582745431 593
1582747271 594
1582752458 595
1582753999 596
1582754587 597
1582754765 598
1582755496 599
1582781146 600
1582785858 601
1582786046 602
1582795284 603
1582797060 604
1582797451 605
1582797889 606
1582799164 607
1582801259 608
1582802861 609
1582803516 610
1582805661 611
1582806431 612
1582809112 613
1582809645 614
1582810821 615
1582811578 616
1582811752 617
1582818178 618
1582822971 619
1582826009 620
1582827871 621
1582833326 622
1582836786 623
1582837282 624
1582838314 625
1582838841 626
1582839768 627
1582841199 628
1582841279 629
1582842132 630
1582843507 631
1582843895 632
1582846870 633
1582847664 634
1582849603 635
1582851554 636
1582854281 637
1582870865 638
1582872089 639
1582873197 640
1582876968 641
1582879735 642
1582880484 643
1582880893 644
1582882183 645
1582883645 646
1582883970 647
1582884112 648
1582886279 649
1582886664 650
1582887068 651
1582888323 652
1582888836 653
1582889001 654
1582890578 655
1582891735 656
1582893249 657
1582894109 658
1582897018 659
1582899158 660
1582899172 661
1582900772 662
1582901583 663
1582901972 664
1582902555 665
1582903999 666
1582906321 667
1582909276 668
1582911754 669
1582912062 670
1582913556 671
1582918759 672
1582918892 673
1582919023 674
1582919717 675
1582920244 676
1582922689 677
1582923317 678
1582923575 679
1582923783 680
1582928171 681
1582931983 682
1582933156 683
1582935651 684
1582939292 685
1582957039 686
1582959634 687
1582960509 688
1582962218 689
1582962507 690
1582967196 691
1582973475 692
1582974341 693
1582976265 694
1582976268 695
1582978340 696
1582986017 697
1582986686 698
1582987636 699
1582990379 700
1582990926 701
1582992395 702
1582992628 703
1582993180 704
1582994276 705
1582998494 706
1582999938 707
1583000348 708
1583000756 709
1583002524 710
1583005014 711
1583005185 712
1583005572 713
1583006131 714
1583006155 715
1583006481 716
1583010269 717
1583010636 718
1583010946 719
1583011724 720
1583013290 721
1583013644 722
1583015969 723
1583017232 724
1583018787 725
1583021646 726
1583044078 727
1583049042 728
1583058550 729
1583061724 730
1583062578 731
1583065191 732
1583072042 733
1583074110 734
1583077462 735
1583080027 736
1583082260 737
1583083304 738
1583084335 739
1583085795 740
1583087673 741
1583089711 742
1583090422 743
1583090849 744
1583091164 745
1583091777 746
1583091915 747
1583093498 748
1583093790 749
1583093841 750
1583095000 751
1583100276 752
1583100396 753
1583101696 754
1583102192 755
1583103340 756
1583105552 757
1583108849 758
1583115640 759
1583131695 760
1583132180 761
1583132608 762
1583136924 763
1583142250 764
1583143847 765
1583148676 766
1583148926 767
1583151672 768
1583151695 769
1583151823 770
1583153334 771
1583154010 772
1583155665 773
1583155695 774
1583156047 775
1583157797 776
1583158490 777
1583159875 778
1583160067 779
1583162859 780
1583164380 781
1583165324 782
1583167820 783
1583168212 784
1583168388 785
1583168876 786
1583170301 787
1583170607 788
1583170657 789
1583176121 790
1583176819 791
1583181768 792
1583184677 793
1583184726 794
1583184797 795
1583185240 796
1583186026 797
1583186484 798
1583186961 799
1583187874 800
1583189093 801
1583190945 802
1583193331 803
1583193843 804
1583196207 805
1583198653 806
1583220371 807
1583226444 808
1583228639 809
1583233159 810
1583235269 811
1583238361 812
1583238806 813
1583239491 814
1583239723 815
1583240739 816
1583241226 817
1583244336 818
1583246002 819
1583246336 820
1583247714 821
1583249219 822
1583249276 823
1583254819 824
1583255173 825
1583257851 826
1583260664 827
1583261701 828
1583265172 829
1583265571 830
1583265761 831
1583266056 832
1583266872 833
1583268079 834
1583269982 835
1583271259 836
1583271873 837
1583278055 838
1583279920 839
1583306960 840
1583307812 841
1583312153 842
1583316804 843
1583317287 844
1583317526 845
1583322666 846
1583323546 847
1583324701 848
1583326008 849
1583326796 850
1583326851 851
1583329707 852
1583329766 853
1583332387 854
1583333553 855
1583333785 856
1583335222 857
1583335783 858
1583337199 859
1583337975 860
1583338335 861
1583344069 862
1583346646 863
1583347076 864
1583348858 865
1583350184 866
1583352957 867
1583353853 868
1583359476 869
1583359624 870
1583364588 871
1583372542 872
1583380549 873
1583387023 874
1583390165 875
1583391427 876
1583396050 877
1583397004 878
1583398157 879
1583398264 880
1583399990 881
1583402131 882
1583404628 883
1583404933 884
1583405206 885
1583405779 886
1583407969 887
1583410520 888
1583410746 889
1583411088 890
1583413297 891
1583413520 892
1583415867 893
1583417396 894
1583420357 895
1583421541 896
1583423911 897
1583425391 898
1583426054 899
1583426515 900
1583428076 901
1583431629 902
1583432622 903
1583432997 904
1583434109 905
1583437268 906
1583437934 907
1583438645 908
1583439390 909
1583440606 910
1583442074 911
1583444599 912
1583444894 913
1583446175 914
1583448634 915
1583455362 916
1583456117 917
1583460415 918
1583481795 919
1583482837 920
1583486516 921
1583487723 922
1583487750 923
1583488161 924
1583489104 925
1583489620 926
1583490809 927
1583491793 928
1583493356 929
1583494195 930
1583498447 931
1583500372 932
1583502357 933
1583502776 934
1583502942 935
1583503109 936
1583504046 937
1583504220 938
1583506390 939
1583507778 940
1583507851 941
1583508542 942
1583512801 943
1583516683 944
1583518309 945
1583521633 946
1583523014 947
1583523508 948
1583525044 949
1583525210 950
1583526375 951
1583531166 952
1583533921 953
1583538214 954
1583539557 955
1583543124 956
1583548163 957
1583570868 958
1583572314 959
1583572469 960
1583574314 961
1583580628 962
1583584152 963
1583584677 964
1583587384 965
1583589852 966
1583594211 967
1583596315 968
1583599326 969
1583601605 970
1583604168 971
1583608959 972
1583609464 973
1583611726 974
1583613775 975
1583614769 976
1583614870 977
1583615655 978
1583616071 979
1583619428 980
1583625565 981
1583625739 982
1583633920 983
1583637915 984
1583638146 985
1583646243 986
1583655198 987
1583660557 988
1583662122 989
1583667935 990
1583669007 991
1583670517 992
1583672828 993
1583673059 994
1583673226 995
1583675607 996
1583679377 997
1583680251 998
1583680914 999
1583684085 1000
1583685229 1001
1583690335 1002
1583692576 1003
1583694339 1004
1583696780 1005
1583699910 1006
1583700177 1007
1583703376 1008
1583706195 1009
1583706383 1010
1583706602 1011
1583709824 1012
1583711113 1013
1583713283 1014
1583715360 1015
1583724944 1016
1583734573 1017
1583737708 1018
1583744677 1019
1583744788 1020
1583745880 1021
1583746584 1022
1583755915 1023
1583757348 1024
1583757420 1025
1583761852 1026
1583762414 1027
1583763398 1028
1583763567 1029
1583767396 1030
1583768343 1031
1583768722 1032
1583770805 1033
1583771803 1034
1583771869 1035
1583772231 1036
1583772333 1037
1583772465 1038
1583776537 1039
1583778825 1040
1583782810 1041
1583782888 1042
1583784344 1043
1583785090 1044
1583785928 1045
1583786999 1046
1583787396 1047
1583790111 1048
1583790496 1049
1583791485 1050
1583794288 1051
1583795516 1052
1583799918 1053
1583800180 1054
1583800460 1055
1583801264 1056
1583816476 1057
1583826500 1058
1583827615 1059
1583832091 1060
1583832986 1061
1583836407 1062
1583839480 1063
1583839881 1064
1583840635 1065
1583841059 1066
1583842421 1067
1583843509 1068
1583844807 1069
1583844963 1070
1583847478 1071
1583848213 1072
1583849807 1073
1583853754 1074
1583855305 1075
1583855713 1076
1583859888 1077
1583863946 1078
1583865779 1079
1583866945 1080
1583870780 1081
1583871684 1082
1583898259 1083
1583911358 1084
1583912331 1085
1583912883 1086
1583913184 1087
1583916382 1088
1583918962 1089
1583920638 1090
1583922046 1091
1583933197 1092
1583934954 1093
1583937801 1094
1583940791 1095
1583941386 1096
1583945865 1097
1583947908 1098
1583949421 1099
1583949647 1100
1583951652 1101
1583952568 1102
1583953323 1103
1583954390 1104
1583954753 1105
1583957008 1106
1583958576 1107
1583961415 1108
1583961419 1109
1583961950 1110
1583963329 1111
1583963615 1112
1583964215 1113
1583965735 1114
1583968352 1115
1583969483 1116
1583969544 1117
1583970080 1118
1583971804 1119
1583973557 1120
1583974878 1121
1583976073 1122
1583980767 1123
1583980807 1124
1583988858 1125
1583989126 1126
1583992428 1127
1583998732 1128
1584000090 1129
1584000892 1130
1584001484 1131
1584003074 1132
1584003794 1133
1584007557 1134
1584007776 1135
1584008348 1136
1584009266 1137
1584009297 1138
1584009316 1139
1584009865 1140
1584011401 1141
1584012897 1142
1584013359 1143
1584013582 1144
1584014076 1145
1584017842 1146
1584019384 1147
1584020001 1148
1584021612 1149
1584022009 1150
1584022269 1151
1584024031 1152
1584025706 1153
1584025998 1154
1584029582 1155
1584030426 1156
1584030778 1157
1584033341 1158
1584033602 1159
1584035120 1160
1584036545 1161
1584039510 1162
1584039668 1163
1584040451 1164
1584041336 1165
1584042253 1166
1584042361 1167
1584042823 1168
1584043275 1169
1584043316 1170
1584043330 1171
1584043351 1172
1584043367 1173
1584043391 1174
1584043427 1175
1584043476 1176
1584043515 1177
1584043631 1178
1584043646 1179
1584043738 1180
1584043765 1181
1584043816 1182
1584044318 1183
1584044373 1184
1584044405 1185
1584044722 1186
1584044814 1187
1584044872 1188
1584045196 1189
1584045216 1190
1584045454 1191
1584045733 1192
1584047255 1193
1584047733 1194
1584047857 1195
1584047957 1196
1584048272 1197
1584048799 1198
1584048984 1199
1584049489 1200
1584049823 1201
1584050059 1202
1584050165 1203
1584050949 1204
1584051150 1205
1584051350 1206
1584052701 1207
1584052927 1208
1584053131 1209
1584054807 1210
1584055601 1211
1584055645 1212
1584056053 1213
1584057057 1214
1584057757 1215
1584058901 1216
1584059485 1217
1584059849 1218
1584060080 1219
1584071834 1220
1584075439 1221
1584079510 1222
1584079568 1223
1584080401 1224
1584081554 1225
1584082531 1226
1584083341 1227
1584087096 1228
1584088091 1229
1584088150 1230
1584090231 1231
1584091257 1232
1584092550 1233
1584094450 1234
1584095317 1235
1584096938 1236
1584098998 1237
1584100275 1238
1584101767 1239
1584102150 1240
1584102553 1241
1584104796 1242
1584105279 1243
1584106094 1244
1584106438 1245
1584106816 1246
1584107665 1247
1584109653 1248
1584110896 1249
1584111891 1250
1584114441 1251
1584114458 1252
1584114937 1253
1584118451 1254
1584119351 1255
1584120803 1256
1584122433 1257
1584122583 1258
1584125525 1259
1584125721 1260
1584125944 1261
1584126229 1262
1584127174 1263
1584127716 1264
1584128617 1265
1584129430 1266
1584131970 1267
1584132939 1268
1584133610 1269
1584135937 1270
1584136241 1271
1584136491 1272
1584136753 1273
1584137422 1274
1584137585 1275
1584137812 1276
1584137986 1277
1584138104 1278
1584139102 1279
1584140004 1280
1584141095 1281
1584145853 1282
1584147330 1283
1584149891 1284
1584166434 1285
1584176087 1286
1584177771 1287
1584179949 1288
1584181088 1289
1584181360 1290
1584181985 1291
1584183437 1292
1584184029 1293
1584184613 1294
1584186496 1295
1584186875 1296
1584187272 1297
1584189358 1298
1584189688 1299
1584190967 1300
1584192993 1301
1584193804 1302
1584194806 1303
1584196516 1304
1584196519 1305
1584196982 1306
1584197030 1307
1584198538 1308
1584201100 1309
1584201823 1310
1584202937 1311
1584203493 1312
1584207487 1313
1584209232 1314
1584209496 1315
1584209943 1316
1584212096 1317
1584213881 1318
1584214174 1319
1584214618 1320
1584215222 1321
1584215272 1322
1584215574 1323
1584215953 1324
1584216016 1325
1584216111 1326
1584217017 1327
1584217074 1328
1584217468 1329
1584217510 1330
1584217584 1331
1584217661 1332
1584217728 1333
1584217938 1334
1584218130 1335
1584218398 1336
1584218437 1337
1584218609 1338
1584218747 1339
1584218752 1340
1584218757 1341
1584218921 1342
1584218926 1343
1584219054 1344
1584219306 1345
1584219923 1346
1584220291 1347
1584220401 1348
1584220750 1349
1584220857 1350
1584220896 1351
1584221080 1352
1584221491 1353
1584221565 1354
1584221656 1355
1584221664 1356
1584221734 1357
1584222221 1358
1584222342 1359
1584222407 1360
1584223121 1361
1584223446 1362
1584223522 1363
1584223806 1364
1584224552 1365
1584224728 1366
1584225157 1367
1584225463 1368
1584225948 1369
1584226030 1370
1584226730 1371
1584227310 1372
1584228224 1373
1584228448 1374
1584228655 1375
1584228709 1376
1584228762 1377
1584230471 1378
1584230508 1379
1584230633 1380
1584231105 1381
1584231127 1382
1584231836 1383
1584232760 1384
1584233485 1385
1584233602 1386
1584234405 1387
1584235319 1388
1584235329 1389
1584235456 1390
1584235846 1391
1584236160 1392
1584237774 1393
1584252017 1394
1584254250 1395
1584256800 1396
1584258453 1397
1584259587 1398
1584259794 1399
1584259941 1400
1584261510 1401
1584261600 1402
1584261735 1403
1584263044 1404
1584263125 1405
1584263314 1406
1584263727 1407
1584265334 1408
1584266719 1409
1584267366 1410
1584268067 1411
1584268285 1412
1584268451 1413
1584268453 1414
1584269354 1415
1584271431 1416
1584271621 1417
1584271870 1418
1584271991 1419
1584272080 1420
1584272379 1421
1584272453 1422
1584273427 1423
1584273705 1424
1584273731 1425
1584273797 1426
1584273824 1427
1584274228 1428
1584275060 1429
1584275106 1430
1584275526 1431
1584276423 1432
1584277364 1433
1584279118 1434
1584280143 1435
1584280207 1436
1584280658 1437
1584281015 1438
1584282583 1439
1584282818 1440
1584283191 1441
1584284060 1442
1584284093 1443
1584285493 1444
1584286721 1445
1584287018 1446
1584287107 1447
1584287449 1448
1584287556 1449
1584288969 1450
1584289446 1451
1584290342 1452
1584291410 1453
1584291824 1454
1584292255 1455
1584292483 1456
1584292899 1457
1584292998 1458
1584293260 1459
1584293396 1460
1584293641 1461
1584293788 1462
1584294018 1463
1584294123 1464
1584294397 1465
1584294643 1466
1584294775 1467
1584295196 1468
1584295349 1469
1584295528 1470
1584295551 1471
1584296028 1472
1584296132 1473
1584297020 1474
1584297051 1475
1584297172 1476
1584298096 1477
1584298541 1478
1584299300 1479
1584299330 1480
1584299433 1481
1584300024 1482
1584301560 1483
1584301598 1484
1584302599 1485
1584303481 1486
1584303737 1487
1584304546 1488
1584304546 1489
1584304863 1490
1584304882 1491
1584305241 1492
1584305456 1493
1584305965 1494
1584306014 1495
1584306689 1496
1584307247 1497
1584307335 1498
1584307473 1499
1584308454 1500
1584309219 1501
1584310057 1502
1584310339 1503
1584310654 1504
1584310953 1505
1584311800 1506
1584311899 1507
1584311959 1508
1584312368 1509
1584312433 1510
1584312637 1511
1584313412 1512
1584313855 1513
1584314495 1514
1584314586 1515
1584315039 1516
1584318635 1517
1584320675 1518
1584322907 1519
1584322974 1520
1584324385 1521
1584325782 1522
1584328234 1523
1584328789 1524
1584329646 1525
1584335305 1526
1584339301 1527
1584341464 1528
1584342243 1529
1584342803 1530
1584344641 1531
1584344840 1532
1584345456 1533
1584346635 1534
1584346691 1535
1584346978 1536
1584347593 1537
1584347607 1538
1584347911 1539
1584348544 1540
1584348810 1541
1584349240 1542
1584349615 1543
1584351189 1544
1584351422 1545
1584352274 1546
1584352706 1547
1584352806 1548
1584353819 1549
1584354266 1550
1584354402 1551
1584355192 1552
1584355466 1553
1584355923 1554
1584356336 1555
1584356396 1556
1584356462 1557
1584356723 1558
1584356886 1559
1584357079 1560
1584357590 1561
1584357965 1562
1584358281 1563
1584358295 1564
1584358947 1565
1584359105 1566
1584359423 1567
1584359497 1568
1584359592 1569
1584359750 1570
1584360103 1571
1584360150 1572
1584360428 1573
1584361423 1574
1584362027 1575
1584362632 1576
1584362677 1577
1584362847 1578
1584362882 1579
1584363072 1580
1584363197 1581
1584363815 1582
1584364160 1583
1584364939 1584
1584365561 1585
1584365575 1586
1584366717 1587
1584368013 1588
1584368017 1589
1584368076 1590
1584369862 1591
1584369942 1592
1584370980 1593
1584371232 1594
1584371310 1595
1584372010 1596
1584372211 1597
1584372549 1598
1584373576 1599
1584373765 1600
1584373969 1601
1584373996 1602
1584374822 1603
1584375396 1604
1584375440 1605
1584376089 1606
1584376233 1607
1584376235 1608
1584376760 1609
1584377004 1610
1584377840 1611
1584377924 1612
1584378048 1613
1584378341 1614
1584378406 1615
1584379259 1616
1584379717 1617
1584379972 1618
1584379994 1619
1584380038 1620
1584382435 1621
1584382656 1622
1584382672 1623
1584383414 1624
1584383981 1625
1584384311 1626
1584384715 1627
1584384880 1628
1584385060 1629
1584385111 1630
1584385292 1631
1584385630 1632
1584385633 1633
1584386217 1634
1584386768 1635
1584386977 1636
1584387555 1637
1584388081 1638
1584388104 1639
1584388317 1640
1584388656 1641
1584388677 1642
1584389086 1643
1584389134 1644
1584389164 1645
1584389290 1646
1584389457 1647
1584389629 1648
1584389802 1649
1584389937 1650
1584391129 1651
1584391646 1652
1584391838 1653
1584392509 1654
1584392570 1655
1584392665 1656
1584393432 1657
1584393686 1658
1584394071 1659
1584394251 1660
1584394351 1661
1584395340 1662
1584395914 1663
1584396782 1664
1584396903 1665
1584397049 1666
1584397135 1667
1584397235 1668
1584397371 1669
1584398021 1670
1584398423 1671
1584398612 1672
1584398618 1673
1584398809 1674
1584399170 1675
1584399325 1676
1584400031 1677
1584400404 1678
1584400427 1679
1584400460 1680
1584400951 1681
1584401321 1682
1584402511 1683
1584402626 1684
1584402814 1685
1584403377 1686
1584403668 1687
1584404183 1688
1584404738 1689
1584404799 1690
1584411037 1691
1584411260 1692
1584425548 1693
1584425562 1694
1584428360 1695
1584430319 1696
1584430471 1697
1584431436 1698
1584431867 1699
1584433247 1700
1584433311 1701
1584434985 1702
1584435525 1703
1584436657 1704
1584436945 1705
1584436958 1706
1584438638 1707
1584439057 1708
1584441130 1709
1584441871 1710
1584442072 1711
1584443285 1712
1584443833 1713
1584443922 1714
1584444322 1715
1584444634 1716
1584445251 1717
1584445633 1718
1584446266 1719
1584446346 1720
1584447511 1721
1584447611 1722
1584447649 1723
1584447698 1724
1584448352 1725
1584448433 1726
1584448666 1727
1584449225 1728
1584450078 1729
1584451094 1730
1584451843 1731
1584453048 1732
1584453828 1733
1584454587 1734
1584456251 1735
1584456762 1736
1584456864 1737
1584457880 1738
1584459051 1739
1584459095 1740
1584459371 1741
1584459663 1742
1584460317 1743
1584460331 1744
1584461187 1745
1584462802 1746
1584462843 1747
1584463038 1748
1584463321 1749
1584463364 1750
1584463592 1751
1584464619 1752
1584465037 1753
1584465561 1754
1584465994 1755
1584466028 1756
1584466305 1757
1584466376 1758
1584466443 1759
1584470849 1760
1584472900 1761
1584473887 1762
1584474056 1763
1584474065 1764
1584474341 1765
1584477179 1766
1584478380 1767
1584482613 1768
1584482734 1769
1584483980 1770
1584485518 1771
1584485997 1772
1584489264 1773
1584489904 1774
1584490264 1775
1584490642 1776
1584491238 1777
1584491596 1778
1584516458 1779
1584518900 1780
1584519736 1781
1584521381 1782
1584522966 1783
1584523173 1784
1584523948 1785
1584524651 1786
1584525126 1787
1584525695 1788
1584526297 1789
1584527151 1790
1584528474 1791
1584530077 1792
1584530421 1793
1584531754 1794
1584531983 1795
1584532310 1796
1584532336 1797
1584534894 1798
1584535086 1799
1584535092 1800
1584535418 1801
1584538648 1802
1584539820 1803
1584540049 1804
1584540882 1805
1584541085 1806
1584543159 1807
1584543688 1808
1584543941 1809
1584544153 1810
1584544402 1811
1584544908 1812
1584547426 1813
1584548330 1814
1584548445 1815
1584548994 1816
1584552256 1817
1584553192 1818
1584554057 1819
1584554826 1820
1584555053 1821
1584555817 1822
1584557544 1823
1584558627 1824
1584558724 1825
1584559186 1826
1584559456 1827
1584559526 1828
1584560624 1829
1584561196 1830
1584562554 1831
1584562987 1832
1584563172 1833
1584563644 1834
1584563691 1835
1584565028 1836
1584565405 1837
1584566371 1838
1584567177 1839
1584568495 1840
1584570380 1841
1584571226 1842
1584578348 1843
1584578845 1844
1584579271 1845
1584603667 1846
1584604036 1847
1584604469 1848
1584607740 1849
1584612873 1850
1584614702 1851
1584616339 1852
1584618923 1853
1584619030 1854
1584620707 1855
1584620996 1856
1584622863 1857
1584625355 1858
1584630607 1859
1584631991 1860
1584632885 1861
1584633994 1862
1584636600 1863
1584636858 1864
1584637159 1865
1584639441 1866
1584640741 1867
1584641040 1868
1584644573 1869
1584645527 1870
1584649964 1871
1584653809 1872
1584656110 1873
1584656499 1874
1584658546 1875
1584660096 1876
1584670147 1877
1584677227 1878
1584687656 1879
1584690136 1880
1584692267 1881
1584693849 1882
1584694018 1883
1584694425 1884
1584696987 1885
1584698314 1886
1584698690 1887
1584699077 1888
1584700442 1889
1584702105 1890
1584702278 1891
1584703510 1892
1584703810 1893
1584704184 1894
1584704650 1895
1584705429 1896
1584706296 1897
1584707866 1898
1584710739 1899
1584712099 1900
1584716945 1901
1584718199 1902
1584720083 1903
1584720838 1904
1584721897 1905
1584722315 1906
1584722978 1907
1584723403 1908
1584723771 1909
1584723799 1910
1584724486 1911
1584725420 1912
1584727860 1913
1584727960 1914
1584732857 1915
1584734243 1916
1584734344 1917
1584734704 1918
1584735101 1919
1584736301 1920
1584736744 1921
1584737966 1922
1584737972 1923
1584738023 1924
1584740330 1925
1584740400 1926
1584740682 1927
1584743929 1928
1584745107 1929
1584746236 1930
1584747353 1931
1584749313 1932
1584749771 1933
1584755096 1934
1584756654 1935
1584756675 1936
1584757668 1937
1584771988 1938
1584776215 1939
1584776360 1940
1584785020 1941
1584786444 1942
1584790755 1943
1584793983 1944
1584794520 1945
1584796003 1946
1584800258 1947
1584800351 1948
1584800485 1949
1584808466 1950
1584810580 1951
1584816006 1952
1584816530 1953
1584816715 1954
1584820419 1955
1584820638 1956
1584822807 1957
1584823233 1958
1584826291 1959
1584826700 1960
1584827001 1961
1584829731 1962
1584829988 1963
1584831484 1964
1584833133 1965
1584833292 1966
1584833711 1967
1584835338 1968
1584836185 1969
1584842394 1970
1584844297 1971
1584848947 1972
1584859364 1973
1584864825 1974
1584864858 1975
1584867378 1976
1584869616 1977
1584870156 1978
1584870476 1979
1584874411 1980
1584876458 1981
1584878907 1982
1584882275 1983
1584883291 1984
1584885004 1985
1584885828 1986
1584887480 1987
1584892537 1988
1584892582 1989
1584894447 1990
1584898106 1991
1584901804 1992
1584902064 1993
1584906437 1994
1584907450 1995
1584907891 1996
1584911090 1997
1584911108 1998
1584912895 1999
1584914530 2000
1584916381 2001
1584916972 2002
1584918155 2003
1584919668 2004
1584920397 2005
1584922415 2006
1584922910 2007
1584927024 2008
1584942277 2009
1584947455 2010
1584947476 2011
1584962174 2012
1584963313 2013
1584965033 2014
1584965227 2015
1584969000 2016
1584969036 2017
1584971706 2018
1584972873 2019
1584974040 2020
1584974126 2021
1584976460 2022
1584976533 2023
1584976807 2024
1584977452 2025
1584978015 2026
1584979589 2027
1584980297 2028
1584980772 2029
1584981484 2030
1584982934 2031
1584984735 2032
1584985383 2033
1584987113 2034
1584987935 2035
1584990539 2036
1584994701 2037
1584995707 2038
1584997043 2039
1584999386 2040
1585000496 2041
1585000939 2042
1585002202 2043
1585003050 2044
1585030438 2045
1585038916 2046
1585042190 2047
1585043303 2048
1585044668 2049
1585044738 2050
1585049243 2051
1585062493 2052
1585065861 2053
1585069332 2054
1585070050 2055
1585073473 2056
1585076131 2057
1585082818 2058
1585087377 2059
1585119539 2060
1585123565 2061
1585123787 2062
1585126202 2063
1585126539 2064
1585132908 2065
1585139712 2066
1585150674 2067
1585151330 2068
1585151754 2069
1585156434 2070
1585156497 2071
1585156664 2072
1585157991 2073
1585159248 2074
1585160325 2075
1585163221 2076
1585164365 2077
1585168749 2078
1585169363 2079
1585169819 2080
1585178033 2081
1585180771 2082
1585184143 2083
1585191549 2084
1585217953 2085
1585218593 2086
1585219537 2087
1585228728 2088
1585229842 2089
1585238066 2090
1585240672 2091
1585243652 2092
1585251319 2093
1585251319 2094
1585261803 2095
1585262332 2096
1585263851 2097
1585268345 2098
1585288515 2099
1585301109 2100
1585304706 2101
1585305658 2102
1585310549 2103
1585311433 2104
1585311899 2105
1585314085 2106
1585316504 2107
1585319094 2108
1585319159 2109
1585322469 2110
1585327192 2111
1585328026 2112
1585328490 2113
1585333771 2114
1585346148 2115
1585350976 2116
1585353990 2117
1585356207 2118
1585356371 2119
1585360524 2120
1585361662 2121
1585369988 2122
1585382707 2123
1585386805 2124
1585387998 2125
1585388193 2126
1585389750 2127
1585392523 2128
1585392618 2129
1585394792 2130
1585394884 2131
1585396836 2132
1585398129 2133
1585398427 2134
1585404098 2135
1585404557 2136
1585412626 2137
1585414574 2138
1585417603 2139
1585419974 2140
1585420272 2141
1585420291 2142
1585421386 2143
1585423320 2144
1585424064 2145
1585430555 2146
1585430645 2147
1585443960 2148
1585445651 2149
1585472433 2150
1585476346 2151
1585479210 2152
1585479263 2153
1585479332 2154
1585483132 2155
1585487616 2156
1585490235 2157
1585490932 2158
1585493515 2159
1585498217 2160
1585499064 2161
1585500286 2162
1585509737 2163
1585514615 2164
1585516106 2165
1585519706 2166
1585524810 2167
1585527163 2168
1585555288 2169
1585556713 2170
1585559913 2171
1585565813 2172
1585570161 2173
1585573744 2174
1585589129 2175
1585596575 2176
1585597177 2177
1585602471 2178
1585602970 2179
1585612585 2180
1585630900 2181
1585648520 2182
1585655891 2183
1585656637 2184
1585657363 2185
1585658180 2186
1585663394 2187
1585663771 2188
1585669104 2189
1585671581 2190
1585673758 2191
1585683070 2192
1585734524 2193
1585747126 2194
1585753528 2195
1585754670 2196
1585771679 2197
1585779285 2198
1585782160 2199
1585784845 2200
1585788319 2201
1585819439 2202
1585824580 2203
1585828269 2204
1585839586 2205
1585845237 2206
1585850566 2207
1585851896 2208
1585863545 2209
1585868544 2210
1585870417 2211
1585896732 2212
1585909362 2213
1585911361 2214
1585922674 2215
1585923276 2216
1585929679 2217
1585930158 2218
1585933597 2219
1585938272 2220
1585956132 2221
1585956148 2222
1585958224 2223
1585958903 2224
1585978559 2225
1585990855 2226
1586018401 2227
1586022561 2228
1586024419 2229
1586033963 2230
1586055536 2231
1586084722 2232
1586094239 2233
1586096921 2234
1586098273 2235
1586106175 2236
1586116282 2237
1586117364 2238
1586124149 2239
1586125852 2240
1586140078 2241
1586166331 2242
1586167324 2243
1586167525 2244
1586173488 2245
1586178654 2246
1586180464 2247
1586180827 2248
1586180969 2249
1586185203 2250
1586196788 2251
1586198448 2252
1586201201 2253
1586204953 2254
1586207756 2255
1586209225 2256
1586209803 2257
1586215370 2258
1586215990 2259
1586217136 2260
1586257436 2261
1586257636 2262
1586257793 2263
1586263293 2264
1586267032 2265
1586273011 2266
1586287352 2267
1586291159 2268
1586296495 2269
1586340034 2270
1586344691 2271
1586352309 2272
1586353198 2273
1586366562 2274
1586369200 2275
1586372256 2276
1586374570 2277
1586380714 2278
1586443351 2279
1586444161 2280
1586469718 2281
1586473546 2282
1586480270 2283
1586483090 2284
1586502196 2285
1586526174 2286
1586546792 2287
1586619429 2288
1586623787 2289
1586623848 2290
1586627751 2291
1586628030 2292
1586653267 2293
1586654915 2294
1586688618 2295
1586688908 2296
1586695295 2297
1586696313 2298
1586707820 2299
1586707993 2300
1586711928 2301
1586720951 2302
1586742804 2303
1586768656 2304
1586774139 2305
1586776882 2306
1586808336 2307
1586808458 2308
1586809248 2309
1586809543 2310
1586810787 2311
1586811360 2312
1586812405 2313
1586813743 2314
1586814080 2315
1586814428 2316
1586815525 2317
1586817822 2318
1586819093 2319
1586820709 2320
1586822306 2321
1586822802 2322
1586827138 2323
1586827865 2324
1586861284 2325
1586869759 2326
1586870050 2327
1586872137 2328
1586886578 2329
1586891379 2330
1586893337 2331
1586904795 2332
1586947331 2333
1586950857 2334
1586958467 2335
1586977822 2336
1586979899 2337
1586987719 2338
1587029238 2339
1587059746 2340
1587073381 2341
1587080119 2342
1587136721 2343
1587138812 2344
1587139400 2345
1587140673 2346
1587140774 2347
1587149305 2348
1587168594 2349
1587175508 2350
1587200619 2351
1587208834 2352
1587210213 2353
1587220757 2354
1587223103 2355
1587235686 2356
1587235704 2357
1587239610 2358
1587254262 2359
1587261679 2360
1587299017 2361
1587306140 2362
1587320496 2363
1587320779 2364
1587324792 2365
1587339383 2366
1587344879 2367
1587397051 2368
1587402510 2369
1587403093 2370
1587461283 2371
1587471890 2372
1587495926 2373
1587498763 2374
1587499959 2375
1587511870 2376
1587539243 2377
1587549267 2378
1587570243 2379
1587592012 2380
1587595194 2381
1587644363 2382
1587645366 2383
1587647615 2384
1587724929 2385
1587726321 2386
1587729615 2387
1587742326 2388
1587762593 2389
1587819968 2390
1587838120 2391
1587846345 2392
1587856384 2393
1587857274 2394
1587859442 2395
1587860616 2396
1587891002 2397
1587913492 2398
1587933119 2399
1587945481 2400
1588015992 2401
1588086561 2402
1588089493 2403
1588090888 2404
1588093201 2405
1588113491 2406
1588149741 2407
1588163866 2408
1588181489 2409
1588196144 2410
1588236411 2411
1588245006 2412
1588245247 2413
1588258162 2414
1588274752 2415
1588281474 2416
1588290785 2417
1588335402 2418
1588348232 2419
1588353601 2420
1588422315 2421
1588443322 2422
1588508906 2423
1588510780 2424
1588553946 2425
1588678574 2426
1588711572 2427
1588714176 2428
1588756707 2429
1588764674 2430
1588765228 2431
1588800382 2432
1588868510 2433
1588868688 2434
1588873336 2435
1588945360 2436
1588960193 2437
1588964238 2438
1589031904 2439
1589046370 2440
1589052771 2441
1589054435 2442
1589122640 2443
1589142107 2444
1589147525 2445
1589151966 2446
1589158220 2447
1589185295 2448
1589196756 2449
1589199978 2450
1589202262 2451
1589240803 2452
1589279565 2453
1589283745 2454
1589289898 2455
1589300676 2456
1589315651 2457
1589466719 2458
1589712998 2459
1589717842 2460
1589797025 2461
1589815205 2462
1589838154 2463
1589888721 2464
1590000499 2465
1590056110 2466
1590060606 2467
1590174302 2468
1590311890 2469
1590317795 2470
1590320194 2471
1590364234 2472
1590392359 2473
1590434559 2474
1590488619 2475
1590528518 2476
1590674666 2477
1590685472 2478
1590687762 2479
1590687933 2480
1590761553 2481
1590782132 2482
1590844281 2483
1590976337 2484
1591042554 2485
1591230086 2486
1591271783 2487
1591966267 2488
1592331989 2489
1592485322 2490
1592837643 2491
1592898386 2492
1593015879 2493
1593017013 2494
1593038373 2495
1593090633 2496
1593128449 2497
1593215394 2498
1593447713 2499
1593459816 2500
1593605710 2501
1594024819 2502
1594144217 2503
1594285384 2504
1594303365 2505
1594632323 2506
1594723510 2507
1594821611 2508
1595090195 2509
1595148222 2510
1595262121 2511
1595513781 2512
1595537065 2513
1595584791 2514
1595638088 2515
1595669522 2516
1595680752 2517
1595843992 2518
1595886709 2519
1595893651 2520
1595943850 2521
1596069774 2522
1596131843 2523
1596145097 2524
1596464543 2525
1596530671 2526
1596598872 2527
1596747183 2528
1596754699 2529
1596912584 2530
1596977015 2531
1597007931 2532
1597020246 2533
1597082767 2534
1597153938 2535
1597170712 2536
1597173858 2537
1597236518 2538
1597434161 2539
1597515885 2540
1597516596 2541
1597571362 2542
1597587812 2543
1597671212 2544
1597685005 2545
1597688266 2546
1597846742 2547
1597876840 2548
1597917450 2549
1598000591 2550
1598121994 2551
1598125472 2552
1598197407 2553
1598216779 2554
1598277714 2555
1598282805 2556
1598348282 2557
1598390567 2558
1598527931 2559
1598535366 2560
1598555073 2561
1598564729 2562
1598620262 2563
1598622164 2564
1598644967 2565
1598746945 2566
1598799027 2567
1598802393 2568
1598807934 2569
1598817549 2570
1598869391 2571
1598870265 2572
1598957261 2573
1598957978 2574
1598963997 2575
1598973812 2576
1598993028 2577
1599002780 2578
1599039249 2579
1599072602 2580
1599177289 2581
1599209826 2582
1599403183 2583
1599431442 2584
1599523296 2585
1599567535 2586
1599567721 2587
1599644533 2588
1599660548 2589
1599738169 2590
1599741671 2591
1599767348 2592
1599820694 2593
1599848698 2594
1599855621 2595
1599946100 2596
1600070298 2597
1600092539 2598
1600102759 2599
1600127038 2600
1600161383 2601
1600390943 2602
1600452959 2603
1600499517 2604
1600547248 2605
1600683145 2606
1600810301 2607
1600858594 2608
1600898846 2609
1600905178 2610
1600953505 2611
1600979095 2612
1601032705 2613
1601039818 2614
1601051821 2615
1601107230 2616
1601112171 2617
1601116139 2618
1601118883 2619
1601119923 2620
1601192717 2621
1601288127 2622
1601288299 2623
1601329392 2624
1601336806 2625
1601463061 2626
1601482767 2627
1601548466 2628
1601622750 2629
1601833467 2630
1601889740 2631
1601898737 2632
1601919560 2633
1601939179 2634
1602006048 2635
1602105082 2636
1602160645 2637
1602407235 2638
1602439875 2639
1602518523 2640
1602543174 2641
1602576336 2642
1602582762 2643
1602586810 2644
1602629684 2645
1602669909 2646
1602682622 2647
1602706150 2648
1602706473 2649
1602706704 2650
1602709270 2651
1602758110 2652
1602777054 2653
1602781955 2654
1602786163 2655
1602846289 2656
1602851214 2657
1602864258 2658
1602948416 2659
1602968630 2660
1602971213 2661
1603019592 2662
1603020178 2663
1603024307 2664
1603125347 2665
1603194993 2666
1603195410 2667
1603223195 2668
1603232164 2669
1603235787 2670
1603288843 2671
1603291795 2672
1603392641 2673
1603441046 2674
1603458706 2675
1603477602 2676
1603482585 2677
1603494994 2678
1603615667 2679
1603655884 2680
1603658475 2681
1603661126 2682
1603664813 2683
1603672681 2684
1603716410 2685
1603731920 2686
1603735882 2687
1603739185 2688
1603742157 2689
1603790132 2690
1603795782 2691
1603796351 2692
1603798845 2693
1603809948 2694
1603817813 2695
1603819740 2696
1603825136 2697
1603834167 2698
1603834629 2699
1603840470 2700
1603845303 2701
1603876826 2702
1603881887 2703
1603885493 2704
1603895751 2705
1603899756 2706
1603900258 2707
1603914332 2708
1603915990 2709
1603917077 2710
1603917216 2711
1603917505 2712
1603917910 2713
1603918584 2714
1603918717 2715
1603919379 2716
1603928213 2717
1603935241 2718
1603955291 2719
1603968950 2720
1603971522 2721
1603980285 2722
1603980508 2723
1603983029 2724
1603992859 2725
1603995672 2726
1603997559 2727
1604002038 2728
1604021890 2729
1604050231 2730
1604052623 2731
1604054647 2732
1604093153 2733
1604102931 2734
1604122623 2735
1604139937 2736
1604142460 2737
1604164219 2738
1604168501 2739
1604186922 2740
1604188604 2741
1604239245 2742
1604241108 2743
1604268054 2744
1604276005 2745
1604304105 2746
1604338050 2747
1604342677 2748
1604344602 2749
1604349184 2750
1604433116 2751
1604486999 2752
1604593210 2753
1604600833 2754
1604601222 2755
1604677870 2756
1604744820 2757
1604871323 2758
1605036863 2759
1605092315 2760
1605092599 2761
1605123139 2762
1605194372 2763
1605203334 2764
1605221989 2765
1605273318 2766
1605279487 2767
1605318885 2768
1605347688 2769
1605384448 2770
1605397875 2771
1605406033 2772
1605516390 2773
1605568715 2774
1605650061 2775
1605725338 2776
1605727891 2777
1605727985 2778
1605805465 2779
1605823316 2780
1605989645 2781
1606311563 2782
1606514217 2783
1606729292 2784
1606742238 2785
1606754385 2786
1606764805 2787
1606857708 2788
1606915356 2789
1606991375 2790
1606992344 2791
1607070348 2792
1607109632 2793
1607166479 2794
1607340137 2795
1607373717 2796
1607395665 2797
1607432368 2798
1607455806 2799
1607562412 2800
1607612790 2801
1607678627 2802
1607679965 2803
1607853315 2804
1607931346 2805
1607978991 2806
1608032983 2807
1608033312 2808
1608150727 2809
1608234434 2810
1608323258 2811
1608466818 2812
1608471114 2813
1608504240 2814
1608554368 2815
1608768442 2816
1608821161 2817
1608912048 2818
1609062175 2819
1609172427 2820
1609274713 2821
1609422200 2822
1609449216 2823
1609520812 2824
1609530183 2825
1609585492 2826
1609603871 2827
1609607910 2828
1609616820 2829
1609617098 2830
1609619072 2831
1609717855 2832
1609750247 2833
1609760651 2834
1609788707 2835
1609802176 2836
1609840567 2837
1609842508 2838
1609919236 2839
1609935225 2840
1610018327 2841
1610036836 2842
1610180768 2843
1610277207 2844
1610302473 2845
1610362316 2846
1610462249 2847
1610464275 2848
1610485024 2849
1610488952 2850
1610528317 2851
1610531330 2852
1610551950 2853
1610563671 2854
1610619053 2855
1610728170 2856
1610737466 2857
1610820418 2858
1610829879 2859
1611105530 2860
1611143269 2861
1611171025 2862
1611222651 2863
1611272917 2864
1611331601 2865
1611338689 2866
1611399483 2867
1611488032 2868
1611513450 2869
1611523359 2870
1611571435 2871
1611614786 2872
1611672745 2873
1611834217 2874
1611854410 2875
1611910654 2876
1611950414 2877
1612002148 2878
1612036159 2879
1612118644 2880
1612120175 2881
1612127674 2882
1612189481 2883
1612206819 2884
1612457876 2885
1612475920 2886
1612480490 2887
1612556255 2888
1612741922 2889
1612811673 2890
1612818345 2891
1612827603 2892
1612885440 2893
1612888409 2894
1613072801 2895
1613124153 2896
1613133055 2897
1613484054 2898
1613497646 2899
1613599594 2900
1613679114 2901
1613848108 2902
1613933701 2903
1614010415 2904
1614279293 2905
1614349745 2906
1614623478 2907
1614773074 2908
1614786893 2909
1614882768 2910
1614888315 2911
1614934532 2912
1614942840 2913
1615054809 2914
1615203963 2915
1615398354 2916
1615400464 2917
1615402342 2918
1615408810 2919
1615469996 2920
1615486206 2921
1615492064 2922
1615502492 2923
1615574510 2924
1615660347 2925
1615678225 2926
1615853835 2927
1615883116 2928
1615924988 2929
1615935665 2930
1615940896 2931
1615970619 2932
1615977722 2933
1615986671 2934
1616078996 2935
1616095992 2936
1616111992 2937
1616157876 2938
1616246279 2939
1616258050 2940
1616304089 2941
1616340536 2942
1616369686 2943
1616500593 2944
1616517676 2945
1616683512 2946
1616705783 2947
1616745540 2948
1616959214 2949
1617061383 2950
1617063360 2951
1617106438 2952
1617114395 2953
1617209972 2954
1617210519 2955
1617222258 2956
1617270173 2957
1617275139 2958
1617324504 2959
1617359889 2960
1617523024 2961
1617572550 2962
1617693033 2963
1617709049 2964
1617716449 2965
1617779652 2966
1617872757 2967
1617886633 2968
1617903031 2969
1618008131 2970
1618091901 2971
1618135878 2972
1618236687 2973
1618423343 2974
1618480170 2975
1618492024 2976
1618494189 2977
1618570539 2978
1618776350 2979
1619127375 2980
1619137335 2981
1619376102 2982
1619558863 2983
1619621569 2984
1619630354 2985
1619638943 2986
1619874710 2987
1619955397 2988
1619980895 2989
1619986322 2990
1620036392 2991
1620057781 2992
1620065990 2993
1620128031 2994
1620221828 2995
1620243387 2996
1620289853 2997
1620307137 2998
1620315515 2999
1620633403 3000
1620733455 3001
1620756136 3002
1620758657 3003
1620824923 3004
1620835717 3005
1620838378 3006
1620903424 3007
1620912417 3008
1620992538 3009
1621002130 3010
1621008803 3011
1621016936 3012
1621031082 3013
1621068048 3014
1621073351 3015
1621079260 3016
1621081041 3017
1621116340 3018
1621156586 3019
1621169083 3020
1621189454 3021
1621260840 3022
1621291843 3023
1621323714 3024
1621329551 3025
1621336687 3026
1621338111 3027
1621343813 3028
1621356092 3029
1621373642 3030
1621422249 3031
1621435805 3032
1621452906 3033
1621464171 3034
1621477797 3035
1621524779 3036
1621729164 3037
1621848244 3038
1621939643 3039
1622046594 3040
1622118708 3041
1622132613 3042
1622292111 3043
1622409168 3044
1622548500 3045
1622586023 3046
1622730555 3047
1622750693 3048
1622885263 3049
1623001501 3050
1623175058 3051
1623188200 3052
1623230943 3053
1623274291 3054
1623338843 3055
1623440058 3056
1623582840 3057
1623708414 3058
1623778482 3059
1623780853 3060
1624013017 3061
1624103579 3062
1624294752 3063
1624303047 3064
1624382921 3065
1624467390 3066
1624470518 3067
1624627306 3068
1624704396 3069
1624745774 3070
1624897287 3071
1625062667 3072
1625146262 3073
1625150897 3074
1625168095 3075
1625234372 3076
1625348652 3077
1625402328 3078
1625415719 3079
1625523620 3080
1625656134 3081
1625686482 3082
1625745490 3083
1625756326 3084
1625758040 3085
1625786246 3086
1625837150 3087
1625838152 3088
1625843565 3089
1625863374 3090
1625917454 3091
1625953597 3092
1625954796 3093
1626010423 3094
1626087632 3095
1626088242 3096
1626120514 3097
1626121201 3098
1626123302 3099
1626123484 3100
1626123516 3101
1626124783 3102
1626125190 3103
1626125868 3104
1626126080 3105
1626128467 3106
1626128472 3107
1626132368 3108
1626132579 3109
1626157045 3110
1626163169 3111
1626163920 3112
1626169945 3113
1626174969 3114
1626175792 3115
1626179834 3116
1626185041 3117
1626186961 3118
1626193439 3119
1626194877 3120
1626196186 3121
1626204360 3122
1626204656 3123
1626209536 3124
1626209735 3125
1626266688 3126
1626268493 3127
1626270369 3128
1626273983 3129
1626279785 3130
1626289763 3131
1626299650 3132
1626303701 3133
1626343327 3134
1626346434 3135
1626352562 3136
1626365344 3137
1626381445 3138
1626395423 3139
1626403669 3140
1626431750 3141
1626432208 3142
1626437276 3143
1626438723 3144
1626462317 3145
1626491385 3146
1626521897 3147
1626524532 3148
1626536704 3149
1626540850 3150
1626540906 3151
1626555133 3152
1626556637 3153
1626570271 3154
1626597664 3155
1626599609 3156
1626602239 3157
1626645751 3158
1626649227 3159
1626704611 3160
1626724805 3161
1626776151 3162
1626780450 3163
1626788121 3164
1626790870 3165
1626813317 3166
1626821862 3167
1626828814 3168
1626878670 3169
1626883382 3170
1626893499 3171
1626899343 3172
1626910320 3173
1626964352 3174
1626967483 3175
1626982751 3176
1626983711 3177
1626987741 3178
1627045497 3179
1627053949 3180
1627057602 3181
1627079154 3182
1627082447 3183
1627092268 3184
1627109155 3185
1627142454 3186
1627160961 3187
1627168102 3188
1627298786 3189
1627328396 3190
1627342013 3191
1627382702 3192
1627426094 3193
1627428112 3194
1627473188 3195
1627476138 3196
1627507770 3197
1627570511 3198
1627753372 3199
1627767852 3200
1627776338 3201
1627801189 3202
1627821225 3203
1627829609 3204
1627839498 3205
1627931779 3206
1627934211 3207
1627943686 3208
1627998586 3209
1628003846 3210
1628016297 3211
1628019356 3212
1628021477 3213
1628033817 3214
1628081982 3215
1628113322 3216
1628257828 3217
1628266193 3218
1628277310 3219
1628290380 3220
1628328511 3221
1628365086 3222
1628423885 3223
1628433248 3224
1628478250 3225
1628501278 3226
1628537950 3227
