1579622150 1
1579678473 2
1579724250 3
1579727177 4
1579727975 5
1579730378 6
1579733220 7
1579734009 8
1579735590 9
1579737627 10
1579760592 11
1579772175 12
1579776449 13
1579784057 14
1579784270 15
1579784502 16
1579792912 17
1579806529 18
1579811179 19
1579844499 20
1579849340 21
1579853947 22
1579858590 23
1579861015 24
1579861671 25
1579872263 26
1579875857 27
1579898093 28
1579899120 29
1579899597 30
1579899824 31
1579900290 32
1579900351 33
1579900500 34
1579900888 35
1579901210 36
1579905912 37
1579906049 38
1579906939 39
1579915723 40
1579916416 41
1579917630 42
1579920712 43
1579951014 44
1579962525 45
1579966349 46
1579967349 47
1579968270 48
1579975431 49
1579976055 50
1579979761 51
1579979940 52
1579982056 53
1579990366 54
1580025385 55
1580036556 56
1580039617 57
1580040653 58
1580069107 59
1580072563 60
1580077054 61
1580119156 62
1580133359 63
1580134245 64
1580145999 65
1580147519 66
1580150937 67
1580186044 68
1580205290 69
1580208891 70
1580215430 71
1580237499 72
1580281426 73
1580291450 74
1580292256 75
1580309486 76
1580329136 77
1580372528 78
1580380689 79
1580386391 80
1580390124 81
1580393334 82
1580472399 83
1580478927 84
1580494200 85
1580545588 86
1580547601 87
1580555486 88
1580559931 89
1580596569 90
1580611880 91
1580740545 92
1580920567 93
1580936329 94
1580986937 95
1581010663 96
1581070613 97
1581159953 98
1581183489 99
1581193042 100
1581331161 101
1581428997 102
1581635783 103
1582391951 104
1582420665 105
1582549138 106
1582549914 107
1582555762 108
1582563983 109
1582573286 110
1582575979 111
1582620595 112
1582628613 113
1582638763 114
1582645706 115
1582646299 116
1582651225 117
1582717298 118
1582722355 119
1582786046 120
1582809112 121
1582836786 122
1582841279 123
1582847664 124
1582849603 125
1582876968 126
1582883970 127
1582909276 128
1582913556 129
1582918892 130
1583002524 131
1583005014 132
1583049042 133
1583074110 134
1583077462 135
1583091915 136
1583132608 137
1583156047 138
1583238361 139
1583271259 140
1583329766 141
1583359476 142
1583390165 143
1583396050 144
1583398157 145
1583411088 146
1583413297 147
1583426515 148
1583438645 149
1583444894 150
1583455362 151
1583489104 152
1583490809 153
1583523014 154
1583587384 155
1583614769 156
1583662122 157
1583680914 158
1583700177 159
1583703376 160
1583724944 161
1583737708 162
1583744788 163
1583757348 164
1583763567 165
1583767396 166
1583916382 167
1583918962 168
1583931353 169
1583933197 170
1583961415 171
1584021612 172
1584024031 173
1584036545 174
1584055645 175
1584057057 176
1584106094 177
1584106438 178
1584106816 179
1584127174 180
1584147330 181
1584186496 182
1584190967 183
1584196519 184
1584197030 185
1584215272 186
1584218398 187
1584222407 188
1584231836 189
1584265334 190
1584269354 191
1584271870 192
1584279118 193
1584282818 194
1584291410 195
1584294775 196
1584297172 197
1584303737 198
1584328789 199
1584359105 200
1584368013 201
1584374822 202
1584382435 203
1584399325 204
1584404183 205
1584456864 206
1584477179 207
1584491596 208
1584532336 209
1584579271 210
1584630607 211
1584745107 212
1584749771 213
1584800258 214
1584810580 215
1584829731 216
1584864858 217
1584870156 218
1584902064 219
1584912895 220
1584972873 221
1584974040 222
1584976533 223
1584980375 224
1584980772 225
1585030438 226
1585288515 227
1585328026 228
1585387998 229
1585421386 230
1585479263 231
1585771679 232
1585845237 233
1586166331 234
1586180464 235
1586207756 236
1586352309 237
1586480270 238
1586987719 239
1587059746 240
1587139400 241
1587402510 242
1587539243 243
1587846345 244
1588163866 245
1588245006 246
1588335402 247
1589466719 248
1590488619 249
1592837643 250
1592898386 251
1593038373 252
1593447713 253
1593605710 254
1593627817 255
1594024819 256
