1579611316 1
1579611555 2
1579611751 3
1579613366 4
1579621979 5
1579629367 6
1579636944 7
1579640280 8
1579640775 9
1579678473 10
1579693339 11
1579724250 12
1579727123 13
1579727177 14
1579730378 15
1579733220 16
1579734215 17
1579734792 18
1579735590 19
1579737627 20
1579740900 21
1579760592 22
1579772175 23
1579776449 24
1579778672 25
1579784057 26
1579784270 27
1579784502 28
1579791432 29
1579792908 30
1579793677 31
1579806529 32
1579811179 33
1579823091 34
1579827367 35
1579840018 36
1579849340 37
1579852403 38
1579853947 39
1579854262 40
1579858552 41
1579858590 42
1579861015 43
1579861671 44
1579870844 45
1579872263 46
1579873194 47
1579880211 48
1579886746 49
1579887245 50
1579888707 51
1579890751 52
1579897615 53
1579898020 54
1579898093 55
1579898104 56
1579898366 57
1579899120 58
1579899597 59
1579899783 60
1579899824 61
1579900093 62
1579900351 63
1579900500 64
1579900515 65
1579900888 66
1579901210 67
1579901630 68
1579901787 69
1579901916 70
1579902344 71
1579904013 72
1579904655 73
1579905912 74
1579906049 75
1579906055 76
1579906227 77
1579906351 78
1579906556 79
1579906859 80
1579906939 81
1579906979 82
1579908229 83
1579908329 84
1579908840 85
1579915723 86
1579916416 87
1579917298 88
1579917630 89
1579922026 90
1579938750 91
1579940047 92
1579943548 93
1579943708 94
1579946835 95
1579949445 96
1579951014 97
1579951945 98
1579953209 99
1579956895 100
1579957910 101
1579961635 102
1579962525 103
1579966349 104
1579966383 105
1579967323 106
1579968270 107
1579972896 108
1579975431 109
1579975776 110
1579976055 111
1579976177 112
1579978580 113
1579979761 114
1579979940 115
1579982056 116
1579982100 117
1579984623 118
1579986219 119
1579987781 120
1579990366 121
1579995294 122
1580025385 123
1580032644 124
1580036233 125
1580036556 126
1580039617 127
1580039816 128
1580040653 129
1580069107 130
1580072563 131
1580077054 132
1580079026 133
1580116947 134
1580118638 135
1580119156 136
1580129688 137
1580130647 138
1580145999 139
1580147519 140
1580149929 141
1580149994 142
1580150937 143
1580152565 144
1580153583 145
1580163235 146
1580179150 147
1580180392 148
1580186044 149
1580200461 150
1580208217 151
1580209664 152
1580214642 153
1580214715 154
1580215430 155
1580237499 156
1580239491 157
1580239614 158
1580240823 159
1580244435 160
1580281426 161
1580291450 162
1580292256 163
1580293317 164
1580294692 165
1580297046 166
1580305313 167
1580309486 168
1580314182 169
1580329136 170
1580352894 171
1580372528 172
1580386391 173
1580390124 174
1580393334 175
1580404348 176
1580418110 177
1580419059 178
1580472399 179
1580478927 180
1580484853 181
1580494200 182
1580495851 183
1580505690 184
1580545588 185
1580546975 186
1580547601 187
1580549272 188
1580555486 189
1580559931 190
1580571642 191
1580596569 192
1580597746 193
1580602005 194
1580611880 195
1580645299 196
1580647089 197
1580654725 198
1580659674 199
1580721735 200
1580724385 201
1580740545 202
1580740922 203
1580762786 204
1580858244 205
1580866186 206
1580920567 207
1580986937 208
1581010663 209
1581070613 210
1581072844 211
1581159381 212
1581159953 213
1581162629 214
1581183489 215
1581187306 216
1581193042 217
1581334312 218
1581414559 219
1581419656 220
1581428997 221
1581449554 222
1581635783 223
1581646190 224
1581770395 225
1581943066 226
1582116561 227
1582272984 228
1582282745 229
1582377942 230
1582390772 231
1582391951 232
1582420665 233
1582423902 234
1582463236 235
1582483015 236
1582497493 237
1582497549 238
1582546289 239
1582549914 240
1582554319 241
1582555762 242
1582558442 243
1582561004 244
1582561978 245
1582563983 246
1582565759 247
1582568627 248
1582571134 249
1582573286 250
1582573993 251
1582598944 252
1582614333 253
1582615975 254
1582620595 255
1582627726 256
1582628613 257
1582631966 258
1582638763 259
1582641162 260
1582645706 261
1582650461 262
1582651225 263
1582655367 264
1582712684 265
1582717298 266
1582720744 267
1582722355 268
1582732714 269
1582735067 270
1582735601 271
1582738899 272
1582739226 273
1582740609 274
1582752458 275
1582753999 276
1582755496 277
1582786046 278
1582795284 279
1582797451 280
1582803516 281
1582806431 282
1582809112 283
1582809645 284
1582826009 285
1582836786 286
1582838314 287
1582839768 288
1582841279 289
1582847664 290
1582849603 291
1582851554 292
1582870865 293
1582872089 294
1582876968 295
1582880484 296
1582883970 297
1582884112 298
1582886279 299
1582886664 300
1582887068 301
1582888323 302
1582888836 303
1582899158 304
1582899172 305
1582901972 306
1582903999 307
1582906321 308
1582909276 309
1582918759 310
1582918892 311
1582919023 312
1582922689 313
1582923317 314
1582923783 315
1582960509 316
1582962218 317
1582976265 318
1582987636 319
1582990379 320
1582992395 321
1582992628 322
1582993180 323
1582994276 324
1583005014 325
1583006481 326
1583010636 327
1583010946 328
1583011724 329
1583013290 330
1583044078 331
1583049042 332
1583062578 333
1583065191 334
1583072042 335
1583074110 336
1583080027 337
1583082260 338
1583084335 339
1583087673 340
1583089711 341
1583091915 342
1583093498 343
1583108849 344
1583131695 345
1583132608 346
1583136924 347
1583143847 348
1583148676 349
1583151672 350
1583151695 351
1583155695 352
1583156047 353
1583157797 354
1583158490 355
1583159875 356
1583162859 357
1583164380 358
1583168876 359
1583176121 360
1583176819 361
1583181768 362
1583184726 363
1583186026 364
1583187874 365
1583226444 366
1583238361 367
1583239723 368
1583246002 369
1583249276 370
1583260664 371
1583265761 372
1583266056 373
1583269982 374
1583271259 375
1583278055 376
1583306960 377
1583316804 378
1583317526 379
1583326851 380
1583329766 381
1583344069 382
1583348858 383
1583359476 384
1583364588 385
1583387023 386
1583390165 387
1583391427 388
1583396050 389
1583398157 390
1583399990 391
1583405206 392
1583405779 393
1583410520 394
1583411088 395
1583413297 396
1583415867 397
1583426515 398
1583428076 399
1583431629 400
1583432622 401
1583432997 402
1583434109 403
1583437042 404
1583437268 405
1583437934 406
1583438645 407
1583444894 408
1583448634 409
1583486516 410
1583489104 411
1583489620 412
1583490809 413
1583491793 414
1583494195 415
1583498447 416
1583500372 417
1583502776 418
1583502942 419
1583503109 420
1583504046 421
1583506817 422
1583508542 423
1583518309 424
1583523508 425
1583526375 426
1583572314 427
1583572469 428
1583580628 429
1583589852 430
1583614769 431
1583625739 432
1583655198 433
1583662122 434
1583663416 435
1583669007 436
1583675607 437
1583679377 438
1583680251 439
1583680914 440
1583694339 441
1583700177 442
1583703376 443
1583724944 444
1583737708 445
1583744677 446
1583744788 447
1583757348 448
1583763567 449
1583771869 450
1583772231 451
1583778825 452
1583784344 453
1583785928 454
1583786999 455
1583791485 456
1583795516 457
1583799918 458
1583801264 459
1583816476 460
1583826500 461
1583832091 462
1583832986 463
1583841059 464
1583843509 465
1583848213 466
1583849807 467
1583853754 468
1583859888 469
1583865779 470
1583871684 471
1583916382 472
1583918962 473
1583933197 474
1583941386 475
1583945865 476
1583949421 477
1583951652 478
1583953323 479
1583961415 480
1583961419 481
1583969483 482
1583970080 483
1583973557 484
1583980767 485
1583988858 486
1583998732 487
1584000090 488
1584001484 489
1584007557 490
1584008348 491
1584009266 492
1584009316 493
1584009865 494
1584017842 495
1584021612 496
1584030778 497
1584033341 498
1584036545 499
1584039668 500
1584042253 501
1584042823 502
1584043316 503
1584043330 504
1584043476 505
1584043631 506
1584043765 507
1584044722 508
1584044872 509
1584045196 510
1584048984 511
1584049489 512
1584049823 513
1584050165 514
1584050949 515
1584052927 516
1584055601 517
1584079568 518
1584080401 519
1584083341 520
1584088150 521
1584090231 522
1584091257 523
1584095317 524
1584102150 525
1584105279 526
1584106094 527
1584106438 528
1584114458 529
1584119351 530
1584125525 531
1584127174 532
1584132939 533
1584136241 534
1584137422 535
1584137812 536
1584137986 537
1584147330 538
1584149891 539
1584181088 540
1584181985 541
1584183437 542
1584184029 543
1584184613 544
1584186496 545
1584196519 546
1584196982 547
1584197030 548
1584201823 549
1584203493 550
1584209943 551
1584212096 552
1584214174 553
1584217074 554
1584217468 555
1584217584 556
1584217661 557
1584218398 558
1584218747 559
1584218757 560
1584219306 561
1584220401 562
1584220750 563
1584220896 564
1584221080 565
1584222407 566
1584225948 567
1584227310 568
1584228224 569
1584228655 570
1584231836 571
1584235329 572
1584235846 573
1584252017 574
1584261735 575
1584263125 576
1584265334 577
1584267366 578
1584269354 579
1584271870 580
1584272379 581
1584273731 582
1584273797 583
1584275526 584
1584279118 585
1584282583 586
1584284060 587
1584288969 588
1584291410 589
1584293788 590
1584294643 591
1584294775 592
1584300239 593
1584302599 594
1584303481 595
1584303737 596
1584304546 597
1584305456 598
1584305965 599
1584306689 600
1584307335 601
1584309219 602
1584310953 603
1584311800 604
1584318635 605
1584328789 606
1584346635 607
1584348544 608
1584349240 609
1584352274 610
1584353819 611
1584354266 612
1584354402 613
1584355923 614
1584357965 615
1584358947 616
1584359105 617
1584359497 618
1584359592 619
1584359750 620
1584360103 621
1584363197 622
1584364160 623
1584364939 624
1584365561 625
1584369942 626
1584370980 627
1584372211 628
1584373576 629
1584379994 630
1584382435 631
1584383414 632
1584384880 633
1584385111 634
1584386768 635
1584388677 636
1584389164 637
1584389629 638
1584389937 639
1584395340 640
1584397135 641
1584397235 642
1584397371 643
1584398423 644
1584399325 645
1584400427 646
1584400460 647
1584404183 648
1584404738 649
1584431436 650
1584442072 651
1584446346 652
1584447649 653
1584448352 654
1584450078 655
1584459051 656
1584459663 657
1584461187 658
1584463592 659
1584470849 660
1584485997 661
1584516458 662
1584519736 663
1584522966 664
1584528474 665
1584532336 666
1584535086 667
1584540882 668
1584543159 669
1584543941 670
1584555053 671
1584562554 672
1584570380 673
1584578348 674
1584579271 675
1584630607 676
1584632885 677
1584653809 678
1584656110 679
1584658546 680
1584687656 681
1584694425 682
1584704650 683
1584716945 684
1584721897 685
1584722978 686
1584723403 687
1584723799 688
1584732857 689
1584736744 690
1584756675 691
1584757668 692
1584800258 693
1584808466 694
1584810580 695
1584827001 696
1584829731 697
1584842394 698
1584870156 699
1584894447 700
1584902064 701
1584912895 702
1584969036 703
1584974040 704
1584976533 705
1584978015 706
1584981484 707
1584987113 708
1585000496 709
1585030438 710
1585042190 711
1585082818 712
1585126539 713
1585151330 714
1585160325 715
1585191549 716
1585288515 717
1585311899 718
1585316504 719
1585322469 720
1585327192 721
1585328026 722
1585328490 723
1585333771 724
1585356371 725
1585361662 726
1585389750 727
1585400478 728
1585421386 729
1585479263 730
1585490235 731
1585498217 732
1585516106 733
1585596575 734
1585597177 735
1585655891 736
1585753528 737
1585771679 738
1585782160 739
1585851896 740
1585911361 741
1586024419 742
1586098273 743
1586117364 744
1586125852 745
1586166331 746
1586167525 747
1586180464 748
1586220876 749
1586287352 750
1586352309 751
1586443351 752
1586444161 753
1586623848 754
1586696313 755
1586707820 756
1586814080 757
1586819093 758
1586822802 759
1586869759 760
1586893337 761
1586950857 762
1587168594 763
1587210213 764
1587402510 765
1587461283 766
1587471890 767
1587499959 768
1587539243 769
1587838120 770
1587891002 771
1588015992 772
1588163866 773
1588196144 774
1588245006 775
1588335402 776
1588510780 777
1588756707 778
1589046370 779
1589054435 780
1589158220 781
1589289898 782
1589315651 783
1589466719 784
1589815205 785
1590488619 786
1590674666 787
1590687762 788
1590761553 789
1592837643 790
1592898386 791
1593215394 792
1593605710 793
1595090195 794
1595262121 795
1595680752 796
1595893651 797
1595943850 798
1596131843 799
1596912584 800
1596977015 801
1597020246 802
1597173858 803
1597671212 804
1597685005 805
1597876840 806
1598197407 807
1598216779 808
1598555073 809
1598799027 810
1598869391 811
1598973812 812
1598993028 813
1599039249 814
1599644533 815
1599741671 816
1600070298 817
1600102759 818
1600499517 819
1600547248 820
1600953505 821
1600979095 822
1601032705 823
1601039818 824
1601118883 825
1601288127 826
1601288299 827
1601463061 828
1601548466 829
1601898737 830
1601919560 831
1602006048 832
1602629684 833
1602669909 834
1602706150 835
1602706704 836
1602777054 837
1602781955 838
1602851214 839
1602864258 840
1602968630 841
1603019592 842
1603020178 843
1603125347 844
1603194993 845
1603288843 846
1603291795 847
1603392641 848
1603467388 849
1603494994 850
1603658475 851
1603731920 852
1603742157 853
1603790132 854
1603795782 855
1603796351 856
1603798845 857
1603809948 858
1603817813 859
1603819740 860
1603825136 861
1603834167 862
1603834629 863
1603840470 864
1603845303 865
1603876826 866
1603881887 867
1603885493 868
1603895751 869
1603899756 870
1603900258 871
1603914332 872
1603915990 873
1603917077 874
1603917216 875
1603917505 876
1603917910 877
1603918584 878
1603918717 879
1603919379 880
1603928213 881
1603935241 882
1603955291 883
1603968950 884
1603971522 885
1603980285 886
1603980508 887
1603983029 888
1603992859 889
1603995672 890
1603997559 891
1604002038 892
1604021890 893
1604050231 894
1604052623 895
1604054647 896
1604093153 897
1604102931 898
1604122623 899
1604139937 900
1604142460 901
1604164219 902
1604168501 903
1604186922 904
1604188604 905
1604239245 906
1604239885 907
1604241108 908
1604268054 909
1604276005 910
1604304105 911
1604318177 912
1604338050 913
1604342677 914
1604344602 915
1604349184 916
