1580083200 234 12 222
1580688000 388 29 359
1581292800 444 38 406
1581897600 479 46 433
1582502400 508 53 455
1583107200 767 73 694
1583712000 1029 124 905
1584316800 1538 260 1278
1584921600 2029 562 1467
1585526400 2193 749 1444
1586131200 2266 894 1372
1586736000 2329 1039 1290
1587340800 2394 1177 1217
1587945600 2428 1289 1139
1588550400 2452 1400 1052
1589155200 2474 1520 954
1589760000 2488 1643 845
1590364800 2500 1713 787
1590969600 2511 1796 715
1591574400 2515 1860 655
1592179200 2516 1902 614
1592784000 2518 1944 574
1593388800 2526 2019 507
1593993600 2530 2068 462
1594598400 2534 2145 389
