1580083200 234 12 222
1580688000 388 29 359
1581292800 444 38 406
1581897600 479 46 433
1582502400 508 53 455
1583107200 767 73 694
1583712000 1029 124 905
1584316800 1539 263 1276
1584921600 2030 569 1461
1585526400 2195 758 1437
1586131200 2268 906 1362
1586736000 2331 1055 1276
1587340800 2396 1199 1197
1587945600 2431 1315 1116
1588550400 2455 1435 1020
1589155200 2477 1565 912
1589760000 2491 1709 782
1590364800 2503 1793 710
1590969600 2514 1893 621
1591574400 2518 1980 538
1592179200 2519 2043 476
1592784000 2521 2112 409
1593388800 2529 2257 272
