1579611316 1
1579611751 2
1579617811 3
1579621979 4
1579636944 5
1579639995 6
1579678473 7
1579724250 8
1579727123 9
1579730378 10
1579733220 11
1579734009 12
1579734792 13
1579735590 14
1579738363 15
1579760592 16
1579772175 17
1579776449 18
1579778672 19
1579784057 20
1579784502 21
1579792908 22
1579806529 23
1579811179 24
1579823091 25
1579827367 26
1579849340 27
1579852403 28
1579853947 29
1579854262 30
1579858590 31
1579861015 32
1579861671 33
1579872263 34
1579880211 35
1579886746 36
1579890751 37
1579898366 38
1579899120 39
1579899597 40
1579899824 41
1579900093 42
1579900888 43
1579901787 44
1579901886 45
1579901916 46
1579904004 47
1579906055 48
1579906351 49
1579906939 50
1579908329 51
1579909219 52
1579915723 53
1579917630 54
1579934676 55
1579940047 56
1579943548 57
1579943708 58
1579946835 59
1579947236 60
1579950615 61
1579951945 62
1579957886 63
1579961635 64
1579962300 65
1579962525 66
1579964705 67
1579966349 68
1579966383 69
1579968270 70
1579975431 71
1579975776 72
1579976055 73
1579978580 74
1579979940 75
1579982100 76
1579984623 77
1579990366 78
1579995294 79
1580023491 80
1580025385 81
1580036556 82
1580039617 83
1580040653 84
1580072563 85
1580079026 86
1580109046 87
1580119156 88
1580121793 89
1580130647 90
1580142357 91
1580145999 92
1580147519 93
1580149929 94
1580150937 95
1580163235 96
1580163355 97
1580200461 98
1580209714 99
1580214642 100
1580215430 101
1580237499 102
1580239491 103
1580239614 104
1580244435 105
1580281426 106
1580286821 107
1580291450 108
1580293317 109
1580297046 110
1580309486 111
1580314182 112
1580329136 113
1580372528 114
1580378199 115
1580386391 116
1580390124 117
1580393334 118
1580404348 119
1580419059 120
1580464664 121
1580487904 122
1580495851 123
1580545588 124
1580555486 125
1580559931 126
1580571642 127
1580596569 128
1580597746 129
1580645299 130
1580647089 131
1580654725 132
1580659674 133
1580740545 134
1580740922 135
1580762786 136
1580921851 137
1580978260 138
1581010663 139
1581070613 140
1581072844 141
1581159953 142
1581193042 143
1581339543 144
1581412981 145
1581428997 146
1581496171 147
1581546660 148
1581612353 149
1581635783 150
1581646190 151
1581770395 152
1581771472 153
1582272984 154
1582326576 155
1582377942 156
1582390772 157
1582391951 158
1582463236 159
1582497493 160
1582497549 161
1582537820 162
1582546289 163
1582549914 164
1582554319 165
1582555659 166
1582555762 167
1582561004 168
1582561978 169
1582563983 170
1582568627 171
1582573286 172
1582573993 173
1582614333 174
1582620595 175
1582627726 176
1582631966 177
1582638763 178
1582645706 179
1582646299 180
1582651225 181
1582666546 182
1582673226 183
1582717298 184
1582725429 185
1582732714 186
1582752458 187
1582786046 188
1582795284 189
1582801259 190
1582803516 191
1582809112 192
1582833326 193
1582836786 194
1582838314 195
1582839768 196
1582847664 197
1582870865 198
1582876968 199
1582887068 200
1582888323 201
1582893249 202
1582899172 203
1582900772 204
1582901583 205
1582902555 206
1582906321 207
1582909276 208
1582920244 209
1582939292 210
1582962507 211
1582976265 212
1582978340 213
1582994276 214
1582999938 215
1583005014 216
1583006481 217
1583013290 218
1583065191 219
1583072042 220
1583074110 221
1583087673 222
1583100276 223
1583131695 224
1583148676 225
1583155695 226
1583164380 227
1583168388 228
1583168876 229
1583176121 230
1583187874 231
1583193843 232
1583196207 233
1583198653 234
1583220371 235
1583235269 236
1583238361 237
1583239491 238
1583260664 239
1583265172 240
1583266056 241
1583271873 242
1583278055 243
1583322666 244
1583323546 245
1583326851 246
1583329766 247
1583344069 248
1583391427 249
1583396050 250
1583398157 251
1583399990 252
1583405206 253
1583410520 254
1583413520 255
1583446175 256
1583455362 257
1583489104 258
1583490809 259
1583493356 260
1583518309 261
1583523014 262
1583526375 263
1583608959 264
1583614769 265
1583614870 266
1583616071 267
1583625739 268
1583662122 269
1583673059 270
1583680251 271
1583694339 272
1583700177 273
1583724944 274
1583734573 275
1583744788 276
1583763398 277
1583763567 278
1583778825 279
1583784344 280
1583790111 281
1583791485 282
1583800460 283
1583859888 284
1583865779 285
1583866945 286
1583912331 287
1583916382 288
1583933197 289
1583937801 290
1583961415 291
1583964215 292
1583988858 293
1584009266 294
1584009297 295
1584021612 296
1584022269 297
1584030778 298
1584035120 299
1584039668 300
1584043427 301
1584044318 302
1584048984 303
1584050165 304
1584050949 305
1584051350 306
1584054807 307
1584059485 308
1584079568 309
1584088091 310
1584092550 311
1584102150 312
1584105279 313
1584106438 314
1584126229 315
1584127174 316
1584132939 317
1584137986 318
1584147330 319
1584181985 320
1584184029 321
1584186875 322
1584190967 323
1584192993 324
1584196519 325
1584197030 326
1584203493 327
1584217584 328
1584218926 329
1584220750 330
1584225948 331
1584231105 332
1584231836 333
1584232760 334
1584233485 335
1584235846 336
1584256800 337
1584259794 338
1584261600 339
1584261735 340
1584265334 341
1584271870 342
1584272080 343
1584272379 344
1584273731 345
1584275526 346
1584279118 347
1584282583 348
1584284060 349
1584288969 350
1584293788 351
1584294643 352
1584294775 353
1584303481 354
1584303737 355
1584328789 356
1584354402 357
1584356396 358
1584360103 359
1584363072 360
1584364160 361
1584372211 362
1584382435 363
1584383414 364
1584385060 365
1584388677 366
1584397135 367
1584398612 368
1584399325 369
1584402814 370
1584404183 371
1584425548 372
1584431436 373
1584431867 374
1584434985 375
1584443833 376
1584447649 377
1584453048 378
1584463592 379
1584522966 380
1584524651 381
1584531983 382
1584540882 383
1584543941 384
1584563644 385
1584570380 386
1584578348 387
1584612873 388
1584630607 389
1584632885 390
1584694425 391
1584703510 392
1584704650 393
1584706296 394
1584723799 395
1584790755 396
1584794520 397
1584800258 398
1584829731 399
1584844297 400
1584859364 401
1584912895 402
1584914530 403
1584974040 404
1584976533 405
1584987113 406
1584994701 407
1585126539 408
1585157991 409
1585251319 410
1585288515 411
1585311899 412
1585322469 413
1585327192 414
1585328026 415
1585328490 416
1585333771 417
1585356371 418
1585392523 419
1585404098 420
1585430555 421
1585476346 422
1585509737 423
1585782160 424
1585911361 425
1586117364 426
1586125852 427
1586180464 428
1586352309 429
1586526174 430
1586623848 431
1586707820 432
1586819093 433
1586893337 434
1587059746 435
1587402510 436
1587471890 437
1587846345 438
1588149741 439
1588163866 440
1588236411 441
1588335402 442
1588422315 443
1588510780 444
1588714176 445
1589046370 446
1589315651 447
1589717842 448
1590060606 449
1590311890 450
1590976337 451
1592485322 452
1592837643 453
1592898386 454
1593215394 455
1594723510 456
1595090195 457
1595680752 458
1597020246 459
1597173858 460
1597876840 461
1598197407 462
1598216779 463
1598746945 464
1599002780 465
1599039249 466
1599738169 467
1600161383 468
1600499517 469
1601107230 470
1601116139 471
1601463061 472
1601919560 473
1602629684 474
1602706150 475
1602851214 476
1603288843 477
1603716410 478
1603825136 479
1603845303 480
1603917216 481
1603917505 482
1603935241 483
1603971522 484
1604186922 485
1605123139 486
1605203334 487
1605397875 488
1606514217 489
1606742238 490
1607109632 491
1607432368 492
1609530183 493
1609760651 494
1609788707 495
1610737466 496
1612206819 497
1612827603 498
1612885440 499
1615203963 500
1615486206 501
1615502492 502
1617693033 503
1618008131 504
1618091901 505
1618480170 506
1618570539 507
1619376102 508
1620903424 509
1621008803 510
1621031082 511
1621422249 512
1621729164 513
1623188200 514
1623440058 515
1624470518 516
1624627306 517
1624897287 518
1625062667 519
1625146262 520
1625150897 521
1625758040 522
1625843565 523
1626128467 524
1626132368 525
1626163920 526
1626204656 527
1626209536 528
1626209735 529
1626289763 530
1626303701 531
1626381445 532
1626462317 533
1626491385 534
1626645751 535
1626704611 536
1626724805 537
1626776151 538
1626788121 539
1626790870 540
1626878670 541
1626910320 542
1627057602 543
1627082447 544
1627168102 545
1627328396 546
1627426094 547
1627428112 548
1627473188 549
1627476138 550
1627507770 551
1627570511 552
1627753372 553
1627767852 554
1627776338 555
1627801189 556
1627821225 557
1627829609 558
1627839498 559
1627931779 560
1627934211 561
1627943686 562
