1579611316 1
1579611555 2
1579611751 3
1579621979 4
1579629367 5
1579630765 6
1579636944 7
1579640775 8
1579678473 9
1579724250 10
1579727123 11
1579727177 12
1579730378 13
1579733220 14
1579734009 15
1579734792 16
1579735590 17
1579737627 18
1579740900 19
1579760592 20
1579772175 21
1579778672 22
1579784057 23
1579784270 24
1579784502 25
1579791432 26
1579792908 27
1579792912 28
1579811179 29
1579821659 30
1579827367 31
1579840018 32
1579844499 33
1579849340 34
1579854262 35
1579858552 36
1579858590 37
1579861015 38
1579861671 39
1579872263 40
1579880211 41
1579886746 42
1579897615 43
1579898104 44
1579898366 45
1579899120 46
1579899597 47
1579899783 48
1579899824 49
1579900500 50
1579900515 51
1579900888 52
1579901210 53
1579901630 54
1579901886 55
1579904655 56
1579905912 57
1579906049 58
1579906055 59
1579906227 60
1579906859 61
1579906939 62
1579908329 63
1579915723 64
1579916416 65
1579917298 66
1579940047 67
1579943708 68
1579946835 69
1579949468 70
1579949677 71
1579950615 72
1579951945 73
1579957910 74
1579961635 75
1579962525 76
1579966349 77
1579968270 78
1579975776 79
1579976055 80
1579979761 81
1579979940 82
1579982056 83
1579986219 84
1579987781 85
1579990366 86
1579995294 87
1580025385 88
1580034093 89
1580036233 90
1580036556 91
1580039617 92
1580040653 93
1580063156 94
1580069107 95
1580072563 96
1580073364 97
1580079026 98
1580116947 99
1580118638 100
1580121793 101
1580130647 102
1580134245 103
1580142357 104
1580145999 105
1580147519 106
1580149929 107
1580149994 108
1580150937 109
1580153583 110
1580163355 111
1580179150 112
1580186044 113
1580200461 114
1580214642 115
1580215430 116
1580218095 117
1580237499 118
1580239491 119
1580242009 120
1580281426 121
1580291450 122
1580292256 123
1580309486 124
1580314182 125
1580372528 126
1580380689 127
1580390124 128
1580393334 129
1580404348 130
1580418110 131
1580419059 132
1580472399 133
1580478927 134
1580484853 135
1580495775 136
1580545588 137
1580546975 138
1580549272 139
1580555486 140
1580559931 141
1580571642 142
1580596569 143
1580611880 144
1580647089 145
1580654725 146
1580659674 147
1580740545 148
1580740922 149
1580762786 150
1580802759 151
1580866186 152
1580920567 153
1580986937 154
1581070613 155
1581159381 156
1581159953 157
1581183489 158
1581193042 159
1581334312 160
1581339543 161
1581428997 162
1581635783 163
1581646190 164
1581770395 165
1582377942 166
1582385296 167
1582390772 168
1582391951 169
1582420665 170
1582497493 171
1582549914 172
1582555762 173
1582561004 174
1582561978 175
1582563983 176
1582568627 177
1582573286 178
1582620595 179
1582627726 180
1582628613 181
1582638763 182
1582645706 183
1582651225 184
1582666546 185
1582712684 186
1582717298 187
1582720744 188
1582722355 189
1582728811 190
1582732714 191
1582738899 192
1582745431 193
1582755496 194
1582786046 195
1582803516 196
1582806431 197
1582809112 198
1582809645 199
1582836786 200
1582838314 201
1582839768 202
1582841279 203
1582846870 204
1582847664 205
1582849603 206
1582870865 207
1582876968 208
1582887068 209
1582899158 210
1582899172 211
1582902555 212
1582906321 213
1582909276 214
1582918892 215
1582962218 216
1582976265 217
1582987636 218
1582994276 219
1583005014 220
1583013290 221
1583049042 222
1583074110 223
1583087673 224
1583091915 225
1583131695 226
1583143847 227
1583148676 228
1583155695 229
1583168876 230
1583220371 231
1583238361 232
1583246002 233
1583249276 234
1583271259 235
1583278055 236
1583316804 237
1583326796 238
1583326851 239
1583329766 240
1583391427 241
1583398157 242
1583410520 243
1583413297 244
1583426515 245
1583434109 246
1583437042 247
1583437268 248
1583444894 249
1583455362 250
1583489104 251
1583502942 252
1583518309 253
1583526375 254
1583543124 255
1583608959 256
1583625739 257
1583637915 258
1583655198 259
1583662122 260
1583663416 261
1583680251 262
1583680914 263
1583690335 264
1583700177 265
1583724944 266
1583734573 267
1583757348 268
1583763567 269
1583772231 270
1583784344 271
1583791485 272
1583844963 273
1583848213 274
1583865779 275
1583916382 276
1583918962 277
1583933197 278
1583998732 279
1584009266 280
1584021612 281
1584030778 282
1584035120 283
1584039668 284
1584043316 285
1584043330 286
1584044872 287
1584045733 288
1584048984 289
1584050949 290
1584055645 291
1584079568 292
1584091257 293
1584102150 294
1584105279 295
1584106438 296
1584114937 297
1584125525 298
1584125944 299
1584127174 300
1584132939 301
1584137986 302
1584147330 303
1584149891 304
1584181088 305
1584186496 306
1584196519 307
1584197030 308
1584203493 309
1584212096 310
1584217074 311
1584217468 312
1584218398 313
1584231105 314
1584231836 315
1584235329 316
1584237774 317
1584269354 318
1584271870 319
1584273731 320
1584290342 321
1584291410 322
1584294775 323
1584303481 324
1584305456 325
1584309219 326
1584311800 327
1584318635 328
1584360103 329
1584364939 330
1584372549 331
1584373996 332
1584382435 333
1584383414 334
1584388677 335
1584397235 336
1584398423 337
1584404183 338
1584425562 339
1584439057 340
1584442072 341
1584446346 342
1584465037 343
1584528474 344
1584531983 345
1584532336 346
1584535086 347
1584543159 348
1584543941 349
1584630607 350
1584632885 351
1584694425 352
1584736744 353
1584756675 354
1584800258 355
1584810580 356
1584829731 357
1584870156 358
1584894447 359
1584912895 360
1584974040 361
1584980772 362
1584987113 363
1585328026 364
1585333771 365
1585353990 366
1585356371 367
1585388193 368
1585398129 369
1585421386 370
1585430555 371
1585479263 372
1585596575 373
1585597177 374
1585655891 375
1585782160 376
1586024419 377
1586125852 378
1586166331 379
1586180464 380
1586207756 381
1586352309 382
1586473546 383
1586623848 384
1586776882 385
1586819093 386
1586958467 387
1586987719 388
1587139400 389
1587210213 390
1587402510 391
1587471890 392
1587539243 393
1587846345 394
1587891002 395
1588163866 396
1588245006 397
1588290785 398
1588335402 399
1588422315 400
1588510780 401
1588756707 402
1590674666 403
1592837643 404
1592898386 405
1593215394 406
1595090195 407
1595680752 408
1596145097 409
1596977015 410
1597020246 411
1597688266 412
1597846742 413
1598197407 414
1598799027 415
1599039249 416
1600499517 417
1601051821 418
1601919560 419
1602006048 420
1602439875 421
1602851214 422
1602864258 423
1603019592 424
1603020178 425
1603288843 426
1603467388 427
1603664813 428
1603739185 429
1603845303 430
1603968950 431
1604122623 432
1606742238 433
1606754385 434
1607109632 435
1607373717 436
1608032983 437
1608033312 438
1608150727 439
1608234434 440
1608323258 441
1608466818 442
1608471114 443
1608504240 444
1608554368 445
