1579611316 1
1579611555 2
1579617811 3
1579621979 4
1579622150 5
1579629367 6
1579630675 7
1579636944 8
1579640280 9
1579640775 10
1579646008 11
1579678473 12
1579724250 13
1579727123 14
1579727177 15
1579727975 16
1579730378 17
1579733220 18
1579734009 19
1579734215 20
1579734792 21
1579735590 22
1579737627 23
1579760592 24
1579772175 25
1579777951 26
1579778672 27
1579784057 28
1579784270 29
1579784502 30
1579791432 31
1579793640 32
1579806529 33
1579811179 34
1579827367 35
1579844499 36
1579849340 37
1579852403 38
1579853947 39
1579854262 40
1579858552 41
1579858590 42
1579861015 43
1579861671 44
1579870844 45
1579872263 46
1579873194 47
1579875857 48
1579880211 49
1579886746 50
1579887245 51
1579888707 52
1579897192 53
1579897615 54
1579898020 55
1579898093 56
1579898104 57
1579899120 58
1579899597 59
1579899783 60
1579899824 61
1579900136 62
1579900290 63
1579900351 64
1579900500 65
1579900888 66
1579901210 67
1579901630 68
1579901787 69
1579901916 70
1579902344 71
1579904655 72
1579905912 73
1579906049 74
1579906227 75
1579906351 76
1579906859 77
1579906939 78
1579906979 79
1579907338 80
1579908229 81
1579908293 82
1579908329 83
1579909219 84
1579915723 85
1579916416 86
1579917630 87
1579919733 88
1579920712 89
1579922026 90
1579924938 91
1579934676 92
1579938071 93
1579943708 94
1579944902 95
1579946835 96
1579949445 97
1579949468 98
1579951945 99
1579956895 100
1579957910 101
1579961635 102
1579962525 103
1579964705 104
1579966349 105
1579966383 106
1579967349 107
1579968270 108
1579975776 109
1579976055 110
1579978580 111
1579979761 112
1579979940 113
1579982056 114
1579982100 115
1579984623 116
1579990366 117
1579995294 118
1580025385 119
1580034093 120
1580036556 121
1580039816 122
1580040653 123
1580077054 124
1580079026 125
1580081552 126
1580082532 127
1580109046 128
1580116947 129
1580119156 130
1580121793 131
1580130647 132
1580134245 133
1580135310 134
1580135506 135
1580142357 136
1580145999 137
1580147519 138
1580149929 139
1580150937 140
1580153583 141
1580163235 142
1580163355 143
1580179150 144
1580205290 145
1580209714 146
1580210960 147
1580214642 148
1580215430 149
1580218095 150
1580234905 151
1580237499 152
1580239491 153
1580239642 154
1580242009 155
1580244435 156
1580281426 157
1580286821 158
1580291450 159
1580292256 160
1580293317 161
1580294692 162
1580308050 163
1580309486 164
1580328596 165
1580372528 166
1580378199 167
1580380689 168
1580381070 169
1580386391 170
1580390124 171
1580396988 172
1580404348 173
1580418110 174
1580418279 175
1580419059 176
1580472399 177
1580473279 178
1580474163 179
1580478927 180
1580484853 181
1580545588 182
1580546975 183
1580547601 184
1580549272 185
1580555486 186
1580559931 187
1580571642 188
1580596569 189
1580602005 190
1580611880 191
1580647089 192
1580654725 193
1580673381 194
1580699492 195
1580740545 196
1580762786 197
1580763051 198
1580772379 199
1580802759 200
1580819234 201
1580825801 202
1580858244 203
1580866186 204
1580889641 205
1580920567 206
1580978260 207
1581010663 208
1581061851 209
1581070613 210
1581072844 211
1581159381 212
1581159953 213
1581162629 214
1581181207 215
1581183489 216
1581187306 217
1581193042 218
1581195345 219
1581331161 220
1581339543 221
1581414559 222
1581428997 223
1581429752 224
1581435264 225
1581509957 226
1581610854 227
1581635783 228
1581770395 229
1581943066 230
1582116561 231
1582282745 232
1582377942 233
1582391951 234
1582420665 235
1582456071 236
1582461884 237
1582463236 238
1582497493 239
1582497549 240
1582535958 241
1582546289 242
1582547431 243
1582549138 244
1582549914 245
1582554319 246
1582555762 247
1582561978 248
1582562717 249
1582563983 250
1582568627 251
1582573286 252
1582575979 253
1582598944 254
1582614333 255
1582615975 256
1582620595 257
1582627726 258
1582628613 259
1582629053 260
1582631966 261
1582638628 262
1582638763 263
1582641162 264
1582645706 265
1582651225 266
1582655367 267
1582666546 268
1582668436 269
1582673226 270
1582714369 271
1582715238 272
1582716039 273
1582717298 274
1582720744 275
1582722355 276
1582732492 277
1582733528 278
1582735601 279
1582738899 280
1582739226 281
1582752458 282
1582753999 283
1582754587 284
1582755496 285
1582786046 286
1582803516 287
1582805661 288
1582809112 289
1582809645 290
1582810821 291
1582836786 292
1582838314 293
1582839768 294
1582841279 295
1582843507 296
1582849603 297
1582870865 298
1582872089 299
1582876968 300
1582883970 301
1582884112 302
1582887068 303
1582888323 304
1582889001 305
1582899158 306
1582899172 307
1582906321 308
1582911754 309
1582913556 310
1582918759 311
1582918892 312
1582919023 313
1582920244 314
1582922689 315
1582923783 316
1582931983 317
1582933156 318
1582939292 319
1582960509 320
1582962507 321
1582972173 322
1582976268 323
1582987636 324
1582990379 325
1582992395 326
1582993180 327
1582994276 328
1583002524 329
1583005014 330
1583006155 331
1583006481 332
1583010636 333
1583013290 334
1583017232 335
1583018787 336
1583049042 337
1583061724 338
1583072042 339
1583074110 340
1583083304 341
1583084335 342
1583087673 343
1583091164 344
1583091915 345
1583093841 346
1583105552 347
1583108849 348
1583115640 349
1583131695 350
1583136924 351
1583143847 352
1583148676 353
1583151672 354
1583151695 355
1583155695 356
1583156047 357
1583159875 358
1583165324 359
1583170301 360
1583176819 361
1583181768 362
1583186026 363
1583186961 364
1583198653 365
1583226444 366
1583235269 367
1583238361 368
1583239723 369
1583246002 370
1583249276 371
1583265761 372
1583266056 373
1583269982 374
1583271259 375
1583271873 376
1583279920 377
1583307812 378
1583316804 379
1583317526 380
1583326008 381
1583329766 382
1583333553 383
1583335222 384
1583335783 385
1583337199 386
1583344069 387
1583359476 388
1583391427 389
1583397004 390
1583398157 391
1583398264 392
1583399990 393
1583405206 394
1583405779 395
1583410520 396
1583413297 397
1583413520 398
1583426515 399
1583428076 400
1583437042 401
1583437268 402
1583444894 403
1583446175 404
1583448634 405
1583451252 406
1583455362 407
1583460415 408
1583476393 409
1583486516 410
1583489104 411
1583490809 412
1583491793 413
1583493356 414
1583502776 415
1583502942 416
1583504046 417
1583506817 418
1583523014 419
1583526375 420
1583538214 421
1583539557 422
1583543124 423
1583570868 424
1583580628 425
1583587384 426
1583589852 427
1583608959 428
1583614769 429
1583614870 430
1583615655 431
1583625739 432
1583637915 433
1583679377 434
1583680251 435
1583680914 436
1583685229 437
1583696359 438
1583699910 439
1583700177 440
1583703376 441
1583724944 442
1583734573 443
1583737708 444
1583744677 445
1583744788 446
1583757348 447
1583763567 448
1583772333 449
1583776537 450
1583784344 451
1583790111 452
1583790496 453
1583791485 454
1583801264 455
1583830685 456
1583832986 457
1583859888 458
1583865779 459
1583866945 460
1583916382 461
1583918962 462
1583931353 463
1583933197 464
1583941386 465
1583945865 466
1583949647 467
1583961415 468
1583961419 469
1583988858 470
1584000090 471
1584007557 472
1584008348 473
1584009266 474
1584009297 475
1584009865 476
1584013582 477
1584017842 478
1584020001 479
1584021612 480
1584022269 481
1584024031 482
1584030778 483
1584036545 484
1584039510 485
1584039668 486
1584042253 487
1584043330 488
1584043391 489
1584044373 490
1584045733 491
1584047957 492
1584048984 493
1584049489 494
1584049823 495
1584050165 496
1584050949 497
1584052927 498
1584055601 499
1584055645 500
1584059485 501
1584060080 502
1584079568 503
1584083341 504
1584088091 505
1584088150 506
1584091257 507
1584093655 508
1584096938 509
1584100275 510
1584102150 511
1584105279 512
1584106094 513
1584114937 514
1584118451 515
1584125525 516
1584127174 517
1584136241 518
1584136753 519
1584145853 520
1584147330 521
1584166434 522
1584176087 523
1584186496 524
1584190967 525
1584196516 526
1584196519 527
1584197030 528
1584198538 529
1584201100 530
1584215272 531
1584217074 532
1584217468 533
1584217584 534
1584220750 535
1584221080 536
1584221664 537
1584221734 538
1584222407 539
1584223121 540
1584223806 541
1584226030 542
1584228448 543
1584231836 544
1584256800 545
1584261600 546
1584263125 547
1584269354 548
1584271870 549
1584275526 550
1584283191 551
1584284060 552
1584287449 553
1584288969 554
1584289446 555
1584291410 556
1584293396 557
1584293788 558
1584294018 559
1584294775 560
1584295349 561
1584295528 562
1584298096 563
1584299330 564
1584300239 565
1584301598 566
1584302599 567
1584303737 568
1584305456 569
1584305965 570
1584309219 571
1584310953 572
1584313855 573
1584324385 574
1584328789 575
1584335305 576
1584352806 577
1584353819 578
1584354266 579
1584354402 580
1584355466 581
1584355923 582
1584356886 583
1584358947 584
1584360103 585
1584362027 586
1584362632 587
1584363072 588
1584363197 589
1584368013 590
1584369942 591
1584370980 592
1584374822 593
1584376760 594
1584378048 595
1584378341 596
1584379994 597
1584382435 598
1584382672 599
1584385060 600
1584386768 601
1584387555 602
1584388317 603
1584388677 604
1584389164 605
1584389290 606
1584389629 607
1584391838 608
1584392665 609
1584395340 610
1584398021 611
1584398423 612
1584398612 613
1584398809 614
1584399170 615
1584400031 616
1584400951 617
1584404183 618
1584436657 619
1584436958 620
1584439057 621
1584441871 622
1584442072 623
1584445633 624
1584451843 625
1584456864 626
1584457880 627
1584461187 628
1584463592 629
1584465037 630
1584466305 631
1584477179 632
1584516458 633
1584522966 634
1584525126 635
1584535086 636
1584540882 637
1584543941 638
1584548445 639
1584548994 640
1584553192 641
1584554826 642
1584559456 643
1584560624 644
1584562554 645
1584563644 646
1584563691 647
1584567177 648
1584578845 649
1584579271 650
1584612873 651
1584625355 652
1584630607 653
1584632885 654
1584633341 655
1584639441 656
1584658546 657
1584698690 658
1584700442 659
1584702105 660
1584703510 661
1584703810 662
1584705429 663
1584721897 664
1584722978 665
1584725420 666
1584727960 667
1584734704 668
1584736301 669
1584736744 670
1584737966 671
1584745107 672
1584749771 673
1584757668 674
1584796003 675
1584800258 676
1584810580 677
1584829988 678
1584831484 679
1584844297 680
1584870156 681
1584882275 682
1584883291 683
1584894447 684
1584902064 685
1584907891 686
1584912895 687
1584927024 688
1584962174 689
1584969000 690
1584974040 691
1584976533 692
1584979589 693
1584980375 694
1584980772 695
1584984735 696
1584985383 697
1584987113 698
1584990539 699
1585000496 700
1585062493 701
1585123565 702
1585157991 703
1585160325 704
1585164365 705
1585180771 706
1585243652 707
1585261920 708
1585288515 709
1585310549 710
1585316504 711
1585322469 712
1585328026 713
1585333771 714
1585350976 715
1585356371 716
1585361662 717
1585369988 718
1585389750 719
1585398427 720
1585404098 721
1585421386 722
1585430555 723
1585479263 724
1585483132 725
1585490235 726
1585498217 727
1585509737 728
1585555288 729
1585573744 730
1585655891 731
1585657363 732
1585673758 733
1585771679 734
1585779285 735
1585840719 736
1585863545 737
1585929679 738
1585978559 739
1585990855 740
1586018401 741
1586024419 742
1586055536 743
1586096921 744
1586125852 745
1586166331 746
1586167324 747
1586167525 748
1586173488 749
1586180464 750
1586201201 751
1586207756 752
1586220876 753
1586257436 754
1586257793 755
1586287352 756
1586443351 757
1586457304 758
1586546792 759
1586623787 760
1586628030 761
1586776882 762
1586819093 763
1586987719 764
1587029238 765
1587138812 766
1587139400 767
1587149305 768
1587168594 769
1587220757 770
1587235704 771
1587254262 772
1587344879 773
1587402510 774
1587461283 775
1587470648 776
1587471890 777
1587511870 778
1587539243 779
1587549267 780
1587570243 781
1587592012 782
1587595194 783
1587644363 784
1587645366 785
1587647615 786
1587724929 787
1587726321 788
1587729615 789
1587742326 790
1587762593 791
1587819968 792
1587838120 793
1587846345 794
1587856384 795
1587857274 796
1587859442 797
1587860616 798
1587891002 799
1587913492 800
1587933119 801
1587945481 802
1588015356 803
1588015992 804
1588086561 805
1588089493 806
1588090888 807
1588093201 808
