1579564800 24 0 16 16
1579651200 22 0 16 13
1579737600 134 0 39 28
1579824000 630 0 114 81
1579910400 673 2 147 68
1579996800 607 0 113 29
1580083200 962 1 143 34
1580169600 1223 4 152 33
1580256000 1188 4 156 23
1580342400 1137 3 162 22
1580428800 1156 2 144 18
1580515200 635 3 114 12
1580601600 510 0 102 13
1580688000 629 3 121 13
1580774400 616 2 114 7
1580860800 480 1 108 10
1580947200 348 1 108 3
1581033600 487 0 111 9
1581120000 542 1 122 15
1581206400 372 0 87 0
1581292800 545 0 124 8
1581379200 514 0 109 10
1581465600 430 2 107 4
1581552000 764 0 124 8
1581638400 221 0 75 2
1581724800 378 4 83 3
1581811200 286 2 72 1
1581897600 239 0 76 4
1581984000 263 0 78 1
1582070400 237 2 73 2
1582156800 241 1 79 1
1582243200 200 0 70 4
1582329600 388 1 97 7
1582416000 689 1 118 10
1582502400 1008 2 199 31
1582588800 1074 6 214 34
1582675200 1732 3 248 35
1582761600 1878 4 249 35
1582848000 2354 5 295 50
1582934400 1992 4 276 43
1583020800 1992 1 270 32
1583107200 2531 3 357 47
1583193600 2695 7 336 36
1583280000 2467 2 323 32
1583366400 3487 10 385 46
1583452800 3794 2 397 41
1583539200 2834 0 311 27
1583625600 3282 1 364 34
1583712000 3455 0 419 39
1583798400 3509 3 438 32
1583884800 3664 1 445 37
1583971200 6583 8 644 96
1584057600 5924 7 613 68
1584144000 6990 5 624 97
1584230400 9271 4 803 141
1584316800 10342 17 963 169
1584403200 7427 9 805 88
1584489600 6198 9 741 70
1584576000 5650 18 703 35
1584662400 5457 9 682 55
1584748800 5759 6 648 36
1584835200 5887 16 652 38
1584921600 6999 9 673 40
1585008000 5204 7 593 15
1585094400 4805 7 615 23
1585180800 3542 1 539 17
1585267200 4325 5 586 19
1585353600 4813 9 555 32
1585440000 5348 16 582 20
1585526400 4081 4 559 13
1585612800 3939 2 514 12
1585699200 4025 6 549 8
1585785600 700 0 242 2
