1579611316 1
1579611555 2
1579611751 3
1579621979 4
1579629367 5
1579636944 6
1579646008 7
1579678473 8
1579724250 9
1579727177 10
1579730378 11
1579733220 12
1579734009 13
1579734215 14
1579734792 15
1579735590 16
1579737627 17
1579740900 18
1579760592 19
1579772175 20
1579775467 21
1579776449 22
1579778672 23
1579784057 24
1579784270 25
1579784502 26
1579791432 27
1579793640 28
1579806529 29
1579811179 30
1579840018 31
1579849340 32
1579853947 33
1579854262 34
1579858590 35
1579861015 36
1579861671 37
1579870844 38
1579872263 39
1579880211 40
1579886746 41
1579887245 42
1579888707 43
1579898020 44
1579898093 45
1579898366 46
1579899120 47
1579899597 48
1579899824 49
1579900351 50
1579900500 51
1579900888 52
1579901210 53
1579901630 54
1579902344 55
1579905912 56
1579906049 57
1579906055 58
1579906227 59
1579906939 60
1579908329 61
1579915723 62
1579916416 63
1579917630 64
1579940047 65
1579943708 66
1579946835 67
1579947236 68
1579949445 69
1579949468 70
1579949677 71
1579951014 72
1579966349 73
1579968270 74
1579975431 75
1579976055 76
1579976177 77
1579978580 78
1579979761 79
1579979940 80
1579982056 81
1579987781 82
1579990366 83
1579995294 84
1580032644 85
1580036556 86
1580039617 87
1580039816 88
1580040653 89
1580069107 90
1580072563 91
1580077054 92
1580079026 93
1580119156 94
1580129688 95
1580130647 96
1580134245 97
1580145999 98
1580147519 99
1580149994 100
1580153583 101
1580179150 102
1580210960 103
1580214642 104
1580215430 105
1580218095 106
1580237499 107
1580239491 108
1580240823 109
1580281426 110
1580291450 111
1580292256 112
1580294692 113
1580305313 114
1580309486 115
1580328596 116
1580329136 117
1580372528 118
1580378199 119
1580380689 120
1580381070 121
1580386391 122
1580390124 123
1580393334 124
1580461280 125
1580472399 126
1580474163 127
1580478927 128
1580484853 129
1580545588 130
1580547601 131
1580549272 132
1580555486 133
1580559931 134
1580571642 135
1580724385 136
1580740545 137
1580740922 138
1580920567 139
1581070613 140
1581159381 141
1581159953 142
1581183489 143
1581193042 144
1581331161 145
1581334312 146
1581428997 147
1581585241 148
1581635783 149
1582377942 150
1582390772 151
1582391951 152
1582420665 153
1582463236 154
1582483015 155
1582497493 156
1582546289 157
1582549138 158
1582549914 159
1582555762 160
1582563983 161
1582565759 162
1582568627 163
1582573286 164
1582573993 165
1582620595 166
1582627726 167
1582638763 168
1582640340 169
1582645706 170
1582651225 171
1582717298 172
1582720744 173
1582722355 174
1582755496 175
1582786046 176
1582809112 177
1582809645 178
1582810821 179
1582818178 180
1582836786 181
1582838314 182
1582839768 183
1582841279 184
1582847664 185
1582849603 186
1582876968 187
1582880484 188
1582882183 189
1582887068 190
1582899158 191
1582899172 192
1582906321 193
1582909276 194
1582911754 195
1582918892 196
1582928171 197
1582976265 198
1582990379 199
1582993180 200
1582994276 201
1582999938 202
1583005014 203
1583006481 204
1583013290 205
1583044078 206
1583049042 207
1583062578 208
1583065191 209
1583084335 210
1583091915 211
1583131695 212
1583136924 213
1583148676 214
1583151672 215
1583155695 216
1583156047 217
1583165324 218
1583168876 219
1583176819 220
1583186026 221
1583196207 222
1583220371 223
1583226444 224
1583238361 225
1583246002 226
1583249276 227
1583266056 228
1583269982 229
1583271259 230
1583278055 231
1583316804 232
1583317526 233
1583326851 234
1583329707 235
1583329766 236
1583337199 237
1583344069 238
1583387023 239
1583391427 240
1583396050 241
1583398157 242
1583405206 243
1583410520 244
1583411088 245
1583413297 246
1583426515 247
1583431629 248
1583438645 249
1583444894 250
1583489104 251
1583489620 252
1583502776 253
1583502942 254
1583506817 255
1583518309 256
1583523508 257
1583526375 258
1583614769 259
1583625739 260
1583662122 261
1583663416 262
1583675607 263
1583680251 264
1583694339 265
1583696359 266
1583700177 267
1583703376 268
1583734573 269
1583744788 270
1583763567 271
1583785928 272
1583832986 273
1583848213 274
1583871684 275
1583916382 276
1583918962 277
1583951652 278
1583961419 279
1583998732 280
1584009266 281
1584009316 282
1584009865 283
1584021612 284
1584022269 285
1584024031 286
1584036545 287
1584043330 288
1584050949 289
1584055601 290
1584083341 291
1584102150 292
1584105279 293
1584106094 294
1584114937 295
1584119351 296
1584125525 297
1584137986 298
1584147330 299
1584186496 300
1584196519 301
1584197030 302
1584217074 303
1584218398 304
1584220750 305
1584222407 306
1584225948 307
1584235329 308
1584252017 309
1584256800 310
1584263125 311
1584269354 312
1584271870 313
1584273731 314
1584273797 315
1584291410 316
1584294643 317
1584294775 318
1584303481 319
1584305456 320
1584311800 321
1584311899 322
1584318635 323
1584328789 324
1584346978 325
1584355923 326
1584358947 327
1584359105 328
1584363072 329
1584364939 330
1584382435 331
1584383414 332
1584389457 333
1584397135 334
1584404183 335
1584442072 336
1584448352 337
1584456864 338
1584477179 339
1584516458 340
1584522966 341
1584532336 342
1584559186 343
1584570380 344
1584578845 345
1584632885 346
1584653809 347
1584749771 348
1584800258 349
1584810580 350
1584829731 351
1584831484 352
1584870156 353
1584894447 354
1584912895 355
1584976533 356
1584987113 357
1585160325 358
1585219537 359
1585288515 360
1585311899 361
1585328026 362
1585328490 363
1585333771 364
1585387998 365
1585400478 366
1585430555 367
1585479263 368
1585487616 369
1585771679 370
1585782160 371
1585911361 372
1585990855 373
1586024419 374
1586098273 375
1586166331 376
1586180464 377
1586207756 378
1586220876 379
1586352309 380
1586623848 381
1586688908 382
1586695295 383
1586707820 384
1586979899 385
1586987719 386
1587059746 387
1587168594 388
1587402510 389
1587471890 390
1587539243 391
1587819968 392
1587945481 393
1588113491 394
1588163866 395
1588245006 396
1588335402 397
1588553946 398
1589046370 399
1589158220 400
1589315651 401
1592837643 402
1593215394 403
1595090195 404
1595669522 405
1595680752 406
1596145097 407
1597020246 408
1598216779 409
1598799027 410
1599039249 411
1599177289 412
1599820694 413
1600102759 414
1600390943 415
1600499517 416
1600547248 417
1600858594 418
1600905178 419
1600953505 420
1600979095 421
1601288299 422
1601548466 423
1601919560 424
1602006048 425
1602105082 426
1602160645 427
1602407235 428
1602439875 429
1602518523 430
1602543174 431
1602576336 432
1602582762 433
