1579611316 1 0 1
1579611555 2 0 2
1579613366 3 0 3
1579617811 4 0 4
1579621979 5 0 5
1579622150 6 0 6
1579627499 7 0 7
1579629367 8 0 8
1579630675 9 0 9
1579630765 10 0 10
1579631666 11 0 11
1579636944 12 0 12
1579639995 13 0 13
1579640280 14 0 14
1579640775 15 0 15
1579646008 16 0 16
1579678473 17 0 17
1579693339 18 0 18
1579724250 19 0 19
1579727123 20 0 20
1579727177 21 0 21
1579727975 22 0 22
1579730378 23 0 23
1579730809 24 0 24
1579733220 25 0 25
1579734009 26 0 26
1579734215 27 0 27
1579734792 28 0 28
1579735590 29 0 29
1579737627 30 0 30
1579738363 31 0 31
1579740900 32 0 32
1579742068 33 0 33
1579760592 34 0 34
1579772175 35 0 35
1579775467 36 0 36
1579776449 37 1 36
1579777951 38 1 37
1579778672 39 1 38
1579778830 40 1 39
1579784057 41 1 40
1579784270 42 1 41
1579784502 43 1 42
1579787783 44 1 43
1579791432 45 1 44
1579792908 46 1 45
1579792912 47 1 46
1579793285 48 1 47
1579793640 49 1 48
1579793677 50 1 49
1579802143 51 1 50
1579805056 52 2 50
1579806529 53 2 51
1579811179 54 2 52
1579821659 55 2 53
1579822944 56 2 54
1579823091 57 2 55
1579826431 58 2 56
1579827367 59 2 57
1579840018 60 2 58
1579844499 61 2 59
1579849146 62 2 60
1579849340 63 2 61
1579852403 64 2 62
1579853947 65 2 63
1579854262 66 2 64
1579858552 67 2 65
1579858590 68 2 66
1579858604 69 2 67
1579861015 70 2 68
1579861671 71 2 69
1579863724 72 2 70
1579870016 73 2 71
1579870844 74 2 72
1579871363 75 3 72
1579872263 76 3 73
1579873194 77 3 74
1579874713 78 4 74
1579875857 79 4 75
1579877603 80 4 76
1579880211 81 4 77
1579880806 82 5 77
1579885751 83 5 78
1579886544 84 5 79
1579886746 85 5 80
1579887026 86 5 81
1579887245 87 5 82
1579888707 88 5 83
1579890751 89 5 84
1579892037 90 5 85
1579897192 91 5 86
1579897615 92 5 87
1579897628 93 5 88
1579898020 94 5 89
1579898093 95 5 90
1579898104 96 5 91
1579898295 97 5 92
1579898366 98 5 93
1579899120 99 5 94
1579899597 100 5 95
1579899783 101 5 96
1579899824 102 5 97
1579900037 103 5 98
1579900093 104 5 99
1579900136 105 5 100
1579900290 106 5 101
1579900351 107 5 102
1579900500 108 5 103
1579900515 109 5 104
1579900888 110 5 105
1579901083 111 5 106
1579901210 112 5 107
1579901630 113 5 108
1579901787 114 5 109
1579901886 115 5 110
1579901916 116 5 111
1579902344 117 5 112
1579903110 118 5 113
1579904004 119 5 114
1579904013 120 5 115
1579904655 121 5 116
1579904674 122 5 117
1579904963 123 5 118
1579905912 124 5 119
1579906049 125 5 120
1579906055 126 5 121
1579906227 127 5 122
1579906351 128 5 123
1579906556 129 5 124
1579906859 130 5 125
1579906939 131 5 126
1579906979 132 5 127
1579907338 133 5 128
1579908229 134 5 129
1579908293 135 5 130
1579908329 136 5 131
1579908840 137 5 132
1579909219 138 5 133
1579911342 139 5 134
1579911499 139 6 133
1579915186 140 6 134
1579915723 141 6 135
1579916416 142 6 136
1579917298 143 6 137
1579917630 144 6 138
1579919733 145 6 139
1579920712 146 6 140
1579922026 147 6 141
1579924938 148 6 142
1579934676 149 6 143
1579938071 150 6 144
1579938750 151 6 145
1579939400 152 7 145
1579940047 153 7 146
1579943548 154 8 146
1579943708 155 8 147
1579943871 156 8 148
1579944323 157 8 149
1579944902 158 8 150
1579946835 159 8 151
1579947236 160 8 152
1579947909 161 8 153
1579949445 162 8 154
1579949468 163 8 155
1579949652 164 8 156
1579949677 165 8 157
1579949757 165 9 156
1579950448 166 9 157
1579950615 167 9 158
1579951014 168 9 159
1579951945 169 9 160
1579953209 170 9 161
1579956895 171 9 162
1579957886 172 9 163
1579957910 173 9 164
1579958003 174 9 165
1579958144 174 10 164
1579958330 175 10 165
1579961352 176 10 166
1579961635 177 10 167
1579962300 178 10 168
1579962525 179 10 169
1579962557 180 10 170
1579964705 181 10 171
1579966349 182 10 172
1579966383 183 10 173
1579967323 184 10 174
1579967349 185 10 175
1579968270 186 10 176
1579969765 187 10 177
1579972703 188 10 178
1579972896 189 10 179
1579973982 190 10 180
1579975431 191 10 181
1579975776 192 10 182
1579976055 193 10 183
1579976177 194 10 184
1579976762 195 11 184
1579977121 196 11 185
1579977800 196 12 184
1579978580 197 12 185
1579979761 198 12 186
1579979940 199 12 187
1579982056 200 12 188
1579982100 201 12 189
1579984623 202 12 190
1579986219 203 12 191
1579987781 204 12 192
1579990366 205 12 193
1579995294 206 12 194
1579999312 207 12 195
1580021099 208 12 196
1580022720 208 13 195
1580023491 209 13 196
1580025385 210 13 197
1580032617 211 13 198
1580032644 212 13 199
1580034093 213 13 200
1580036233 214 13 201
1580036556 215 13 202
1580037245 216 13 203
1580039617 217 13 204
1580039816 218 13 205
1580040653 219 13 206
1580041049 220 13 207
1580041576 221 13 208
1580044253 222 13 209
1580056459 223 13 210
1580057179 224 13 211
1580063156 225 13 212
1580065990 226 13 213
1580069107 227 13 214
1580072563 228 13 215
1580073364 229 13 216
1580076278 229 14 215
1580077054 230 14 216
1580077921 231 15 216
1580078790 232 15 217
1580079026 233 15 218
1580081552 234 15 219
1580082532 235 15 220
1580109046 236 15 221
1580116947 237 15 222
1580118638 238 15 223
1580119156 239 15 224
1580121793 240 15 225
1580122138 241 15 226
1580129294 242 15 227
1580129688 243 15 228
1580130647 244 15 229
1580133359 245 15 230
1580134245 246 15 231
1580135310 247 15 232
1580135506 248 15 233
1580135682 249 15 234
1580137293 250 15 235
1580139983 251 15 236
1580140796 252 15 237
1580141917 253 15 238
1580142357 254 15 239
1580142844 254 16 238
1580143850 255 16 239
1580145999 256 16 240
1580147519 257 16 241
1580148839 258 16 242
1580149825 259 16 243
1580149929 260 16 244
1580149994 261 16 245
1580150937 262 16 246
1580152565 263 16 247
1580153583 264 16 248
1580157337 265 16 249
1580157604 266 16 250
1580159805 266 17 249
1580162604 267 17 250
1580163235 268 17 251
1580163355 269 17 252
1580179150 270 17 253
1580180392 271 17 254
1580186044 272 17 255
1580200461 273 17 256
1580204608 274 17 257
1580205290 275 17 258
1580208217 276 17 259
1580208891 277 17 260
1580209087 278 17 261
1580209441 279 17 262
1580209664 280 17 263
1580209714 281 17 264
1580210960 282 17 265
1580214064 283 18 265
1580214642 284 18 266
1580214715 285 18 267
1580215390 286 18 268
1580215430 287 18 269
1580218095 288 18 270
1580218312 289 19 270
1580233880 290 19 271
1580234905 291 19 272
1580237499 292 19 273
1580239491 293 19 274
1580239614 294 19 275
1580239642 295 19 276
1580240823 296 19 277
1580242009 297 19 278
1580242271 298 19 279
1580244435 299 19 280
1580246007 300 19 281
1580247341 300 20 280
1580250782 301 20 281
1580252123 302 20 282
1580263337 303 20 283
1580266899 304 20 284
1580281426 305 20 285
1580286821 306 20 286
1580287630 306 21 285
1580289227 307 21 286
1580291450 308 21 287
1580291926 309 21 288
1580292256 310 21 289
1580293317 311 21 290
1580293461 312 21 291
1580294692 313 21 292
1580295949 314 22 292
1580297046 315 22 293
1580304197 316 22 294
1580305313 317 22 295
1580308050 318 22 296
1580309486 319 22 297
1580314182 320 22 298
1580328596 321 22 299
1580329136 322 22 300
1580333196 323 23 300
1580334924 324 23 301
1580341579 325 23 302
1580342258 325 24 301
1580352894 326 24 302
1580361242 327 24 303
1580372528 328 24 304
1580378199 329 24 305
1580378646 330 25 305
1580379102 331 25 306
1580380689 332 25 307
1580381070 333 25 308
1580381504 334 25 309
1580383871 335 25 310
1580386391 336 25 311
1580389339 337 25 312
1580390124 338 25 313
1580393195 338 26 312
1580393334 339 26 313
1580396988 340 26 314
1580397439 341 26 315
1580404348 342 26 316
1580418110 343 26 317
1580418279 344 26 318
1580419059 345 26 319
1580420960 346 26 320
1580425672 347 26 321
1580460065 348 26 322
1580461280 349 26 323
1580464664 350 26 324
1580468550 351 26 325
1580472199 351 27 324
1580472399 352 27 325
1580473279 353 27 326
1580474163 354 27 327
1580477055 355 27 328
1580478927 356 27 329
1580484853 357 27 330
1580487904 358 27 331
1580489721 358 28 330
1580494200 359 28 331
1580495775 360 28 332
1580495851 361 28 333
1580497424 362 29 333
1580499769 362 30 332
1580503648 363 30 333
1580503712 364 30 334
1580505690 365 30 335
1580518207 366 30 336
1580523931 366 31 335
1580545588 367 31 336
1580546975 368 31 337
1580547601 369 31 338
1580549137 369 32 337
1580549272 370 32 338
1580554637 371 33 338
1580555486 372 33 339
1580559931 373 33 340
1580563178 374 33 341
1580571642 375 33 342
1580596569 376 33 343
1580597746 377 33 344
1580602005 378 33 345
1580611880 379 33 346
1580615662 380 33 347
1580641210 381 33 348
1580641805 382 33 349
1580645299 383 33 350
1580647089 384 33 351
1580654725 385 33 352
1580655562 386 33 353
1580659674 387 33 354
1580673381 388 33 355
1580682687 389 33 356
1580684741 390 33 357
1580699492 391 33 358
1580716630 392 33 359
1580721735 393 33 360
1580724385 394 33 361
1580726052 394 34 360
1580728884 395 34 361
1580740545 396 34 362
1580740922 397 34 363
1580743245 397 35 362
1580744082 398 35 363
1580748471 399 35 364
1580758515 399 36 363
1580762786 400 36 364
1580763051 401 36 365
1580768440 402 36 366
1580772379 403 36 367
1580802759 404 36 368
1580819039 404 37 367
1580819234 405 37 368
1580825801 406 37 369
1580836548 407 37 370
1580837864 408 37 371
1580843552 409 38 371
1580858244 410 38 372
1580866186 411 38 373
1580889641 412 38 374
1580905759 413 38 375
1580908682 413 39 374
1580913537 414 39 375
1580916749 415 39 376
1580920567 416 39 377
1580921681 417 39 378
1580921851 418 39 379
1580927084 419 39 380
1580936329 420 39 381
1580978260 421 39 382
1580986937 422 39 383
1580995182 422 40 382
1581010663 423 40 383
1581061851 424 40 384
1581070613 425 40 385
1581072844 426 40 386
1581074277 427 40 387
1581086123 428 40 388
1581094415 429 40 389
1581098706 430 41 389
1581101146 430 42 388
1581118315 431 42 389
1581119816 432 42 390
1581157548 433 42 391
1581158479 434 42 392
1581159381 435 42 393
1581159953 436 42 394
1581161411 437 42 395
1581162629 438 42 396
1581172511 439 42 397
1581176407 440 43 397
1581177359 441 43 398
1581181207 442 43 399
1581183489 443 43 400
1581187306 444 43 401
1581188385 445 43 402
1581193042 446 43 403
1581195345 447 43 404
1581246862 447 44 403
1581324821 448 44 404
1581331161 449 44 405
1581331394 450 44 406
1581334312 451 44 407
1581339543 452 44 408
1581352644 453 44 409
1581357967 454 44 410
1581370515 455 45 410
1581412981 456 45 411
1581414559 457 45 412
1581419656 458 45 413
1581428997 459 45 414
1581429752 460 45 415
1581435264 461 45 416
1581442081 462 45 417
1581444549 462 46 416
1581445993 463 46 417
1581449554 464 46 418
1581450308 465 47 418
1581496171 466 47 419
1581509957 467 47 420
1581513139 468 47 421
1581546660 469 47 422
1581581725 470 48 422
1581582731 471 48 423
1581585241 472 48 424
1581585824 473 48 425
1581594387 474 49 425
1581602748 474 50 424
1581610854 475 50 425
1581612353 476 50 426
1581635783 477 50 427
1581646190 478 50 428
1581679386 479 50 429
1581763985 479 51 428
1581770395 480 51 429
1581771472 481 51 430
1581772653 481 52 429
1581798034 482 52 430
1581815667 482 53 429
1581884638 483 53 430
1581924361 484 53 431
1581943066 485 53 432
1581953185 486 53 433
1581983608 487 53 434
1581998295 488 53 435
1582116561 489 53 436
1582141950 490 53 437
1582220672 491 53 438
1582272984 492 53 439
1582282745 493 53 440
1582284629 494 53 441
1582297797 494 54 440
1582305253 494 55 439
1582326576 495 55 440
1582377942 496 55 441
1582383005 496 56 440
1582385296 497 56 441
1582390772 498 56 442
1582391951 499 56 443
1582396817 500 56 444
1582400298 500 57 443
1582402425 501 57 444
1582410431 502 57 445
1582420665 503 57 446
1582423902 504 57 447
1582456071 505 57 448
1582457845 506 58 448
1582461884 507 58 449
1582463236 508 58 450
1582470192 508 59 449
1582481657 508 60 448
1582482830 509 60 449
1582483015 510 60 450
1582495509 510 61 449
1582497493 511 61 450
1582497549 512 61 451
1582505683 512 62 450
1582535958 513 62 451
1582537820 514 62 452
1582541025 515 62 453
1582541375 516 62 454
1582543938 516 63 453
1582544318 517 64 453
1582546289 518 64 454
1582547431 519 64 455
1582549050 520 64 456
1582549138 521 64 457
1582549914 522 64 458
1582554319 523 64 459
1582555618 524 64 460
1582555659 525 64 461
1582555762 526 64 462
1582558310 527 64 463
1582558442 528 64 464
1582559505 529 64 465
1582561004 530 64 466
1582561573 531 64 467
1582561978 532 64 468
1582562195 533 64 469
1582562717 534 64 470
1582563983 535 64 471
1582565270 536 64 472
1582565759 537 64 473
1582568627 538 64 474
1582571134 539 64 475
1582573286 540 64 476
1582573993 541 64 477
1582575979 542 64 478
1582581666 543 64 479
1582598944 544 64 480
1582614333 545 64 481
1582615975 546 64 482
1582620595 547 64 483
1582622443 548 64 484
1582627726 549 64 485
1582628433 549 65 484
1582628613 550 65 485
1582629053 551 65 486
1582630446 552 65 487
1582630853 553 65 488
1582631966 554 65 489
1582633462 555 65 490
1582638628 556 66 490
1582638763 557 66 491
1582640340 558 66 492
1582641162 559 66 493
1582642459 560 66 494
1582643188 561 66 495
1582645706 562 66 496
1582646299 563 66 497
1582648592 564 66 498
1582650461 565 66 499
1582651225 566 66 500
1582655012 567 66 501
1582655306 568 66 502
1582655367 569 66 503
1582659266 570 66 504
1582659301 571 67 504
1582662828 572 67 505
1582665550 573 67 506
1582666546 574 67 507
1582668436 575 67 508
1582673226 576 67 509
1582673343 577 68 509
1582673658 577 69 508
1582702480 578 70 508
1582712684 579 70 509
1582714369 580 70 510
1582715238 581 70 511
1582715729 582 70 512
1582716039 583 70 513
1582717298 584 70 514
1582720744 585 70 515
1582722355 586 70 516
1582724283 587 70 517
1582724605 588 70 518
1582725429 589 70 519
1582728811 590 70 520
1582730322 591 70 521
1582731038 591 71 520
1582732492 592 71 521
1582732619 593 72 521
1582732714 594 72 522
1582733327 594 73 521
1582733528 595 73 522
1582734922 596 73 523
1582735067 597 73 524
1582735408 598 73 525
1582735601 599 73 526
1582736182 600 73 527
1582737595 601 73 528
1582738899 602 73 529
1582739226 603 73 530
1582740609 604 73 531
1582744299 605 74 531
1582745431 606 74 532
1582747271 607 74 533
1582750213 607 75 532
1582752458 608 75 533
1582753999 609 75 534
1582754587 610 75 535
1582754765 611 75 536
1582755496 612 75 537
1582781146 613 75 538
1582785858 614 75 539
1582786046 615 75 540
1582795284 616 75 541
1582797060 617 75 542
1582797451 618 75 543
1582797889 619 75 544
1582799164 620 75 545
1582801259 621 75 546
1582802861 622 75 547
1582803516 623 75 548
1582805661 624 75 549
1582806431 625 75 550
1582809112 626 75 551
1582809645 627 75 552
1582810821 628 75 553
1582811578 629 76 553
1582811752 630 76 554
1582818178 631 76 555
1582822971 632 76 556
1582826009 633 76 557
1582827871 634 76 558
1582833326 635 76 559
1582836786 636 76 560
1582837282 637 76 561
1582838314 638 76 562
1582838841 639 76 563
1582839768 640 76 564
1582841199 641 76 565
1582841279 642 76 566
1582842132 643 76 567
1582843507 644 76 568
1582843895 645 76 569
1582846870 646 76 570
1582847664 647 76 571
1582849603 648 76 572
1582851554 649 76 573
1582854281 650 76 574
1582855276 650 77 573
1582870865 651 77 574
1582872089 652 77 575
1582873197 653 77 576
1582876968 654 77 577
1582879735 655 77 578
1582880484 656 77 579
1582880893 657 77 580
1582882183 658 77 581
1582882889 659 77 582
1582883419 659 78 581
1582883645 660 78 582
1582883970 661 78 583
1582884112 662 78 584
1582885933 662 79 583
1582886279 663 79 584
1582886664 664 79 585
1582887068 665 79 586
1582888323 666 79 587
1582888836 667 79 588
1582889001 668 79 589
1582890578 669 79 590
1582891735 670 79 591
1582893249 671 79 592
1582894109 672 79 593
1582897018 673 79 594
1582899158 674 79 595
1582899172 675 79 596
1582900772 676 79 597
1582901583 677 79 598
1582901972 678 79 599
1582902555 679 79 600
1582903999 680 79 601
1582906321 681 79 602
1582909276 682 79 603
1582911754 683 79 604
1582911812 683 80 603
1582912062 684 81 603
1582913556 685 81 604
1582918759 686 81 605
1582918892 687 81 606
1582919023 688 81 607
1582919717 689 81 608
1582920244 690 81 609
1582922532 690 82 608
1582922689 691 82 609
1582923317 692 82 610
1582923575 693 82 611
1582923783 694 82 612
1582928171 695 82 613
1582931983 696 82 614
1582933156 697 82 615
1582935651 698 82 616
1582939292 699 82 617
1582957039 700 83 617
1582959634 701 83 618
1582960509 702 83 619
1582962218 703 83 620
1582962507 704 83 621
1582967196 705 83 622
1582972173 706 83 623
1582973475 707 83 624
1582974341 708 83 625
1582976265 709 83 626
1582976268 710 83 627
1582978340 711 83 628
1582986017 712 83 629
1582986686 713 83 630
1582987636 714 83 631
1582990379 715 83 632
1582990926 716 83 633
1582991655 716 84 632
1582992395 717 84 633
1582992628 718 84 634
1582993180 719 84 635
1582994276 720 84 636
1582998494 721 84 637
1582999454 721 85 636
1582999938 722 85 637
1583000348 723 85 638
1583000756 724 86 638
1583002524 725 86 639
1583002858 725 87 638
1583005014 726 87 639
1583005185 727 87 640
1583005572 728 87 641
1583006131 729 87 642
1583006155 730 87 643
1583006481 731 87 644
1583010269 732 87 645
1583010636 733 87 646
1583010946 734 87 647
1583011724 735 87 648
1583013290 736 87 649
1583013644 737 87 650
1583015969 738 87 651
1583017232 739 87 652
1583018787 740 87 653
1583021646 741 87 654
1583044078 742 87 655
1583049042 743 87 656
1583055749 743 88 655
1583058550 744 88 656
1583061724 745 88 657
1583062578 746 88 658
1583065191 747 88 659
1583072042 748 88 660
1583074110 749 88 661
1583077462 750 88 662
1583080027 751 88 663
1583082260 752 88 664
1583083304 753 88 665
1583084335 754 88 666
1583085795 755 88 667
1583087673 756 88 668
1583089711 757 88 669
1583090422 758 88 670
1583090849 759 88 671
1583091164 760 88 672
1583091777 761 88 673
1583091915 762 88 674
1583093498 763 88 675
1583093790 764 88 676
1583093841 765 88 677
1583095000 766 88 678
1583100276 767 88 679
1583100396 768 88 680
1583101696 769 88 681
1583102192 770 88 682
1583103340 771 88 683
1583105552 772 88 684
1583108849 773 88 685
1583115640 774 88 686
1583131695 775 88 687
1583132180 776 89 687
1583132608 777 89 688
1583136924 778 89 689
1583142250 779 89 690
1583143474 779 90 689
1583143847 780 90 690
1583148676 781 90 691
1583148926 782 90 692
1583151672 783 90 693
1583151695 784 90 694
1583151823 785 90 695
1583153334 786 90 696
1583154010 787 90 697
1583155665 788 90 698
1583155695 789 90 699
1583156047 790 90 700
1583157797 791 90 701
1583158490 792 90 702
1583159875 793 90 703
1583160067 794 91 703
1583162859 795 91 704
1583164380 796 91 705
1583165324 797 91 706
1583166187 798 91 707
1583167820 799 91 708
1583168212 800 91 709
1583168388 801 91 710
1583168876 802 91 711
1583170301 803 91 712
1583170607 804 92 712
1583170657 805 92 713
1583176121 806 92 714
1583176819 807 92 715
1583181768 808 92 716
1583184677 809 92 717
1583184726 810 92 718
1583184797 811 92 719
1583185240 812 93 719
1583186026 813 93 720
1583186484 814 93 721
1583186961 815 93 722
1583187874 816 93 723
1583189093 817 93 724
1583189296 817 94 723
1583190945 818 94 724
1583192071 818 95 723
1583193331 819 95 724
1583193843 820 95 725
1583196207 821 95 726
1583198653 822 95 727
1583220371 823 95 728
1583226444 824 95 729
1583228104 824 96 728
1583228639 825 96 729
1583233159 826 96 730
1583235269 827 96 731
1583238361 828 96 732
1583238806 829 96 733
1583239491 830 96 734
1583239723 831 96 735
1583240739 832 96 736
1583241226 833 96 737
1583244336 834 96 738
1583246002 835 96 739
1583246120 835 97 738
1583246336 836 97 739
1583247714 837 97 740
1583249219 838 98 740
1583249276 839 98 741
1583249692 839 99 740
1583254819 840 99 741
1583255173 841 99 742
1583257851 842 99 743
1583260664 843 99 744
1583261701 844 100 744
1583265172 845 101 744
1583265571 846 101 745
1583265761 847 101 746
1583266056 848 101 747
1583266872 849 101 748
1583268079 850 101 749
1583269982 851 101 750
1583271259 852 101 751
1583271873 853 101 752
1583278055 854 101 753
1583279920 855 101 754
1583306960 856 102 754
1583307812 857 102 755
1583312153 858 102 756
1583315881 858 103 755
1583316804 859 103 756
1583317177 859 104 755
1583317287 860 104 756
1583317526 861 104 757
1583322666 862 104 758
1583323546 863 104 759
1583324701 864 104 760
1583326008 865 104 761
1583326796 866 104 762
1583326851 867 104 763
1583329707 868 104 764
1583329766 869 104 765
1583332387 870 104 766
1583332629 870 105 765
1583333553 871 105 766
1583333785 872 106 766
1583335222 873 106 767
1583335783 874 106 768
1583337199 875 106 769
1583337975 876 106 770
1583338335 877 107 770
1583344069 878 107 771
1583346646 879 107 772
1583347076 880 107 773
1583348858 881 107 774
1583350184 882 108 774
1583351101 882 109 773
1583352957 883 109 774
1583353853 884 109 775
1583359476 885 109 776
1583359624 886 109 777
1583364588 887 109 778
1583372542 888 110 778
1583380549 889 111 778
1583387023 890 111 779
1583390165 891 111 780
1583391427 892 111 781
1583396050 893 111 782
1583397004 894 111 783
1583398157 895 111 784
1583398264 896 111 785
1583399990 897 111 786
1583401182 897 112 785
1583402131 898 112 786
1583404628 899 113 786
1583404933 900 114 786
1583405206 901 114 787
1583405779 902 114 788
1583407969 903 114 789
1583410520 904 114 790
1583410746 905 114 791
1583410899 905 115 790
1583411088 906 115 791
1583411412 906 116 790
1583413297 907 116 791
1583413520 908 116 792
1583415044 908 117 791
1583415867 909 117 792
1583417396 910 117 793
1583420357 911 118 793
1583421541 912 119 793
1583423911 913 119 794
1583425307 913 120 793
1583425391 914 120 794
1583426054 915 120 795
1583426515 916 120 796
1583428076 917 120 797
1583431629 918 120 798
1583432622 919 121 798
1583432997 920 121 799
1583434109 921 121 800
1583437042 922 121 801
1583437268 923 121 802
1583437934 924 121 803
1583438645 925 121 804
1583439390 926 122 804
1583440606 927 122 805
1583442074 928 122 806
1583444599 929 123 806
1583444894 930 123 807
1583446175 931 123 808
1583448634 932 123 809
1583451252 933 123 810
1583455362 934 123 811
1583456117 935 123 812
1583460415 936 123 813
1583460686 936 124 812
1583476393 937 124 813
1583481795 938 124 814
1583482837 939 124 815
1583486516 940 124 816
1583487723 941 124 817
1583487750 942 124 818
1583488161 943 124 819
1583489104 944 124 820
1583489620 945 124 821
1583490809 946 124 822
1583491793 947 124 823
1583493356 948 124 824
1583494195 949 125 824
1583494710 949 126 823
1583495923 949 127 822
1583498447 950 128 822
1583500140 950 129 821
1583500372 951 129 822
1583500416 951 130 821
1583502357 952 130 822
1583502776 953 130 823
1583502942 954 130 824
1583503109 955 130 825
1583504046 956 130 826
1583504220 957 130 827
1583506390 958 130 828
1583506817 959 130 829
1583507314 959 131 828
1583507778 960 131 829
1583507851 961 131 830
1583508542 962 131 831
1583512801 963 132 831
1583516683 964 132 832
1583518309 965 132 833
1583521109 965 133 832
1583521633 966 134 832
1583523014 967 134 833
1583523508 968 134 834
1583525044 969 134 835
1583525210 970 135 835
1583526375 971 135 836
1583531166 972 136 836
1583533921 973 136 837
1583538214 974 136 838
1583539557 975 137 838
1583543124 976 137 839
1583548163 977 137 840
1583566841 977 138 839
1583570868 978 138 840
1583572314 979 138 841
1583572469 980 138 842
1583574314 981 138 843
1583580628 982 138 844
1583584152 983 138 845
1583584677 984 138 846
1583587384 985 138 847
1583589852 986 138 848
1583594211 987 138 849
1583594830 987 139 848
1583596315 988 139 849
1583599326 989 139 850
1583600255 989 140 849
1583601605 990 140 850
1583604168 991 140 851
1583608959 992 140 852
1583609464 993 140 853
1583611726 994 140 854
1583613775 995 140 855
1583614769 996 140 856
1583614870 997 140 857
1583615655 998 140 858
1583616071 999 140 859
1583619428 1000 140 860
1583624422 1000 141 859
1583625565 1001 142 859
1583625739 1002 142 860
1583633920 1003 142 861
1583637915 1004 143 861
1583638146 1005 143 862
1583646243 1006 144 862
1583655198 1007 144 863
1583660557 1008 144 864
1583662122 1009 144 865
1583663416 1010 144 866
1583667935 1011 145 866
1583669007 1012 145 867
1583669446 1012 146 866
1583670517 1013 147 866
1583672828 1014 147 867
1583673059 1015 147 868
1583673226 1016 147 869
1583675607 1017 147 870
1583676446 1017 148 869
1583677825 1017 149 868
1583679377 1018 149 869
1583680251 1019 149 870
1583680914 1020 149 871
1583684085 1021 149 872
1583685229 1022 149 873
1583690335 1023 149 874
1583691520 1023 150 873
1583692576 1024 150 874
1583694339 1025 150 875
1583696359 1026 150 876
1583696780 1027 150 877
1583699910 1028 150 878
1583700177 1029 150 879
1583702115 1029 151 878
1583703376 1030 151 879
1583703907 1030 152 878
1583706195 1031 152 879
1583706383 1032 152 880
1583706602 1033 152 881
1583709824 1034 152 882
1583711113 1035 153 882
1583712011 1035 154 881
1583713283 1036 155 881
1583715360 1037 156 881
1583724944 1038 156 882
1583734573 1039 156 883
1583737708 1040 156 884
1583744677 1041 156 885
1583744788 1042 156 886
1583745880 1043 156 887
1583746584 1044 157 887
1583749610 1044 158 886
1583755915 1045 158 887
1583757348 1046 158 888
1583757420 1047 158 889
1583761852 1048 158 890
1583762414 1049 158 891
1583763398 1050 158 892
1583763567 1051 158 893
1583764156 1051 159 892
1583767396 1052 159 893
1583768343 1053 160 893
1583768722 1054 160 894
1583770805 1055 160 895
1583771803 1056 161 895
1583771869 1057 161 896
1583772231 1058 161 897
1583772333 1059 161 898
1583772465 1060 162 898
1583776537 1061 162 899
1583778825 1062 162 900
1583782810 1063 163 900
1583782888 1064 163 901
1583783036 1064 164 900
1583784344 1065 164 901
1583785090 1066 164 902
1583785928 1067 165 902
1583786999 1068 165 903
1583787396 1069 165 904
1583790111 1070 165 905
1583790496 1071 165 906
1583791485 1072 165 907
1583794288 1073 165 908
1583794469 1073 166 907
1583795516 1074 166 908
1583799918 1075 166 909
1583800180 1076 166 910
1583800460 1077 166 911
1583801264 1078 166 912
1583816476 1079 166 913
1583826500 1080 166 914
1583827615 1081 166 915
1583830685 1082 166 916
1583832091 1083 166 917
1583832986 1084 166 918
1583834461 1085 166 919
1583836407 1086 166 920
1583839480 1087 167 920
1583839881 1088 167 921
1583840635 1089 168 921
1583841059 1090 169 921
1583842421 1091 169 922
1583843509 1092 169 923
1583844279 1092 170 922
1583844807 1093 170 923
1583844963 1094 170 924
1583847478 1095 171 924
1583848213 1096 171 925
1583849807 1097 171 926
1583853754 1098 171 927
1583855305 1099 172 927
1583855713 1100 172 928
1583856640 1100 173 927
1583858352 1100 174 926
1583859888 1101 174 927
1583863946 1102 175 927
1583865779 1103 175 928
1583866945 1104 175 929
1583870780 1105 175 930
1583871132 1105 176 929
1583871684 1106 176 930
1583875649 1106 177 929
1583878710 1106 178 928
1583879120 1106 179 927
1583879941 1106 180 926
1583892066 1106 181 925
1583898259 1107 181 926
1583911358 1108 181 927
1583912331 1109 181 928
1583912791 1109 182 927
1583912883 1110 182 928
1583913184 1111 182 929
1583916382 1112 182 930
1583918962 1113 182 931
1583920638 1114 183 931
1583922046 1115 183 932
1583930823 1115 184 931
1583931353 1116 184 932
1583932692 1116 185 931
1583933197 1117 185 932
1583934954 1118 186 932
1583937801 1119 187 932
1583938691 1119 188 931
1583940791 1120 188 932
1583941386 1121 188 933
1583945865 1122 188 934
1583947908 1123 188 935
1583949421 1124 188 936
1583949647 1125 188 937
1583951652 1126 188 938
1583952568 1127 188 939
1583953323 1128 188 940
1583954390 1129 188 941
1583954753 1130 188 942
1583957008 1131 188 943
1583958576 1132 188 944
1583961415 1133 188 945
1583961419 1134 188 946
1583961950 1135 188 947
1583963329 1136 188 948
1583963615 1137 188 949
1583964215 1138 188 950
1583965735 1139 188 951
1583968352 1140 188 952
1583969483 1141 188 953
1583969544 1142 188 954
1583970080 1143 188 955
1583970214 1143 189 954
1583970439 1143 190 953
1583971804 1144 191 953
1583973557 1145 191 954
1583974878 1146 192 954
1583976073 1147 193 954
1583980767 1148 193 955
1583980807 1149 193 956
1583988858 1150 193 957
1583989126 1151 194 957
1583992428 1152 194 958
1583998030 1152 195 957
1583998732 1153 195 958
1584000090 1154 195 959
1584000892 1155 195 960
1584001484 1156 195 961
1584003074 1157 195 962
1584003794 1158 195 963
1584007557 1159 196 963
1584007776 1160 196 964
1584008348 1161 196 965
1584009266 1162 196 966
1584009297 1163 196 967
1584009316 1164 196 968
1584009865 1165 196 969
1584011401 1166 196 970
1584011732 1166 197 969
1584012897 1167 197 970
1584013359 1168 198 970
1584013582 1169 198 971
1584014054 1169 199 970
1584014076 1170 199 971
1584014524 1170 200 970
1584017842 1171 201 970
1584019384 1172 202 970
1584020001 1173 203 970
1584021612 1174 203 971
1584022009 1175 203 972
1584022269 1176 203 973
1584023750 1176 204 972
1584023796 1176 205 971
1584024031 1177 205 972
1584025706 1178 205 973
1584025998 1179 205 974
1584029582 1180 206 974
1584030426 1181 206 975
1584030778 1182 206 976
1584033341 1183 206 977
1584033602 1184 206 978
1584033901 1184 207 977
1584033976 1184 208 976
1584034509 1184 209 975
1584034728 1184 210 974
1584035120 1185 210 975
1584036545 1186 210 976
1584039510 1187 210 977
1584039668 1188 210 978
1584040451 1189 210 979
1584041336 1190 210 980
1584042253 1191 210 981
1584042361 1192 210 982
1584042823 1193 210 983
1584043275 1194 210 984
1584043316 1195 210 985
1584043330 1196 210 986
1584043351 1197 210 987
1584043367 1198 210 988
1584043391 1199 210 989
1584043427 1200 210 990
1584043476 1201 211 990
1584043515 1202 211 991
1584043579 1202 212 990
1584043631 1203 212 991
1584043646 1204 212 992
1584043738 1205 212 993
1584043765 1206 212 994
1584043816 1207 212 995
1584044318 1208 213 995
1584044373 1209 214 995
1584044405 1210 214 996
1584044722 1211 214 997
1584044771 1211 215 996
1584044814 1212 215 997
1584044872 1213 215 998
1584045196 1214 215 999
1584045197 1214 216 998
1584045216 1215 217 998
1584045454 1216 217 999
1584045733 1217 217 1000
1584047255 1218 217 1001
1584047733 1219 217 1002
1584047857 1220 217 1003
1584047957 1221 217 1004
1584048272 1222 217 1005
1584048352 1222 218 1004
1584048628 1222 219 1003
1584048723 1222 220 1002
1584048799 1223 221 1002
1584048984 1224 221 1003
1584049489 1225 221 1004
1584049823 1226 221 1005
1584049956 1226 222 1004
1584050059 1227 222 1005
1584050165 1228 222 1006
1584050949 1229 222 1007
1584051150 1230 223 1007
1584051350 1231 223 1008
1584052701 1232 224 1008
1584052927 1233 224 1009
1584053131 1234 224 1010
1584054673 1234 225 1009
1584054807 1235 225 1010
1584055601 1236 225 1011
1584055645 1237 225 1012
1584056053 1238 225 1013
1584057057 1239 225 1014
1584057757 1240 225 1015
1584058197 1240 226 1014
1584058218 1240 227 1013
1584058901 1241 227 1014
1584059485 1242 227 1015
1584059534 1242 228 1014
1584059849 1243 228 1015
1584060080 1244 228 1016
1584071834 1245 228 1017
1584075439 1246 228 1018
1584078894 1246 229 1017
1584079510 1247 229 1018
1584079568 1248 229 1019
1584080401 1249 229 1020
1584080793 1249 230 1019
1584081554 1250 231 1019
1584082531 1251 232 1019
1584083341 1252 232 1020
1584084281 1252 233 1019
1584085092 1252 234 1018
1584085765 1252 235 1017
1584086879 1252 236 1016
1584086989 1252 237 1015
1584087096 1253 238 1015
1584088091 1254 238 1016
1584088150 1255 238 1017
1584089990 1255 239 1016
1584090231 1256 239 1017
1584091257 1257 239 1018
1584091837 1257 240 1017
1584092550 1258 240 1018
1584093655 1259 240 1019
1584094450 1260 240 1020
1584094897 1260 241 1019
1584094972 1260 242 1018
1584095317 1261 242 1019
1584096938 1262 242 1020
1584098998 1263 243 1020
1584100275 1264 243 1021
1584101571 1264 244 1020
1584101767 1265 244 1021
1584102150 1266 244 1022
1584102189 1266 245 1021
1584102244 1266 246 1020
1584102553 1267 246 1021
1584103709 1267 247 1020
1584103898 1267 248 1019
1584104796 1268 248 1020
1584105279 1269 248 1021
1584106094 1270 248 1022
1584106438 1271 248 1023
1584106816 1272 248 1024
1584107665 1273 248 1025
1584109342 1273 249 1024
1584109653 1274 249 1025
1584110896 1275 249 1026
1584111736 1275 250 1025
1584111891 1276 250 1026
1584113521 1276 251 1025
1584114441 1277 252 1025
1584114458 1278 252 1026
1584114743 1278 253 1025
1584114937 1279 253 1026
1584117027 1279 254 1025
1584117504 1279 255 1024
1584118451 1280 255 1025
1584119351 1281 255 1026
1584119973 1281 256 1025
1584120060 1281 257 1024
1584120803 1282 257 1025
1584122433 1283 257 1026
1584122583 1284 257 1027
1584124407 1284 258 1026
1584125525 1285 258 1027
1584125721 1286 259 1027
1584125944 1287 259 1028
1584126229 1288 259 1029
1584127174 1289 259 1030
1584127716 1290 259 1031
1584128617 1291 260 1031
1584129430 1292 260 1032
1584130040 1292 261 1031
1584131970 1293 261 1032
1584132939 1294 261 1033
1584133610 1295 261 1034
1584135937 1296 261 1035
1584136241 1297 261 1036
1584136491 1298 261 1037
1584136753 1299 261 1038
1584137422 1300 261 1039
1584137585 1301 262 1039
1584137812 1302 262 1040
1584137986 1303 262 1041
1584138104 1304 263 1041
1584139076 1304 264 1040
1584139102 1305 264 1041
1584139428 1305 265 1040
1584139885 1305 266 1039
1584140004 1306 266 1040
1584141095 1307 267 1040
1584142729 1307 268 1039
1584145853 1308 268 1040
1584147330 1309 268 1041
1584149891 1310 268 1042
1584162471 1310 269 1041
1584166434 1311 269 1042
1584176087 1312 269 1043
1584177771 1313 269 1044
1584179949 1314 269 1045
1584181088 1315 270 1045
1584181360 1316 270 1046
1584181985 1317 270 1047
1584183437 1318 270 1048
1584184029 1319 270 1049
1584184613 1320 270 1050
1584186496 1321 270 1051
1584186875 1322 270 1052
1584187272 1323 270 1053
1584189358 1324 271 1053
1584189688 1325 271 1054
1584190967 1326 271 1055
1584192597 1326 272 1054
1584192993 1327 272 1055
1584193804 1328 273 1055
1584194806 1329 274 1055
1584196516 1330 274 1056
1584196519 1331 274 1057
1584196982 1332 274 1058
1584197030 1333 274 1059
1584198538 1334 274 1060
1584199975 1334 275 1059
1584201100 1335 275 1060
1584201823 1336 275 1061
1584202022 1336 276 1060
1584202937 1337 276 1061
1584203493 1338 276 1062
1584206679 1338 277 1061
1584207487 1339 277 1062
1584209232 1340 277 1063
1584209496 1341 278 1063
1584209943 1342 278 1064
1584210304 1342 279 1063
1584212096 1343 279 1064
1584213881 1344 279 1065
1584214174 1345 279 1066
1584214618 1346 280 1066
1584215183 1346 281 1065
1584215222 1347 281 1066
1584215272 1348 281 1067
1584215574 1349 281 1068
1584215953 1350 281 1069
1584216016 1351 281 1070
1584216111 1352 281 1071
1584217017 1353 282 1071
1584217074 1354 282 1072
1584217468 1355 282 1073
1584217510 1356 282 1074
1584217584 1357 282 1075
1584217661 1358 282 1076
1584217728 1359 282 1077
1584217938 1360 282 1078
1584218130 1361 282 1079
1584218398 1362 283 1079
1584218437 1363 283 1080
1584218595 1363 284 1079
1584218609 1364 284 1080
1584218747 1365 284 1081
1584218752 1366 284 1082
1584218757 1367 284 1083
1584218921 1368 284 1084
1584218926 1369 284 1085
1584218983 1369 285 1084
1584219041 1369 286 1083
1584219054 1370 286 1084
1584219264 1370 287 1083
1584219306 1371 288 1083
1584219668 1371 289 1082
1584219923 1372 289 1083
1584220291 1373 290 1083
1584220401 1374 290 1084
1584220750 1375 290 1085
1584220857 1376 291 1085
1584220896 1377 291 1086
1584221024 1377 292 1085
1584221080 1378 292 1086
1584221491 1379 292 1087
1584221565 1380 292 1088
1584221656 1381 293 1088
1584221664 1382 293 1089
1584221734 1383 293 1090
1584222221 1384 293 1091
1584222342 1385 293 1092
1584222407 1386 293 1093
1584223121 1387 293 1094
1584223446 1388 293 1095
1584223522 1389 293 1096
1584223806 1390 293 1097
1584224552 1391 293 1098
1584224661 1391 294 1097
1584224728 1392 294 1098
1584225157 1393 294 1099
1584225463 1394 294 1100
1584225803 1394 295 1099
1584225948 1395 295 1100
1584226030 1396 295 1101
1584226387 1397 295 1102
1584226730 1398 295 1103
1584227310 1399 295 1104
1584228224 1400 295 1105
1584228448 1401 295 1106
1584228655 1402 295 1107
1584228709 1403 296 1107
1584228762 1404 297 1107
1584229107 1404 298 1106
1584230402 1404 299 1105
1584230471 1405 300 1105
1584230508 1406 300 1106
1584230633 1407 300 1107
1584231105 1408 300 1108
1584231127 1409 300 1109
1584231787 1409 301 1108
1584231836 1410 301 1109
1584232760 1411 301 1110
1584233485 1412 301 1111
1584233602 1413 301 1112
1584234405 1414 301 1113
1584234754 1414 302 1112
1584235319 1415 302 1113
1584235329 1416 302 1114
1584235456 1417 302 1115
1584235846 1418 302 1116
1584236160 1419 302 1117
1584237774 1420 302 1118
1584243269 1420 303 1117
1584252017 1421 303 1118
1584254250 1422 304 1118
1584256800 1423 304 1119
1584258453 1424 304 1120
1584259587 1425 305 1120
1584259794 1426 305 1121
1584259941 1427 305 1122
1584261510 1428 306 1122
1584261600 1429 306 1123
1584261735 1430 306 1124
1584263044 1431 306 1125
1584263125 1432 306 1126
1584263314 1433 306 1127
1584263727 1434 306 1128
1584264458 1434 307 1127
1584265334 1435 307 1128
1584266719 1436 307 1129
1584267366 1437 307 1130
1584267732 1437 308 1129
1584268067 1438 308 1130
1584268285 1439 308 1131
1584268451 1440 308 1132
1584268453 1441 308 1133
1584269030 1441 309 1132
1584269354 1442 309 1133
1584269669 1442 310 1132
1584271431 1443 310 1133
1584271621 1444 310 1134
1584271870 1445 310 1135
1584271991 1446 311 1135
1584272080 1447 311 1136
1584272379 1448 311 1137
1584272453 1449 311 1138
1584273427 1450 311 1139
1584273550 1450 312 1138
1584273705 1451 312 1139
1584273731 1452 312 1140
1584273797 1453 312 1141
1584273824 1454 312 1142
1584274228 1455 312 1143
1584275060 1456 312 1144
1584275106 1457 312 1145
1584275526 1458 312 1146
1584276423 1459 313 1146
1584276761 1459 314 1145
1584277364 1460 314 1146
1584279118 1461 314 1147
1584280143 1462 314 1148
1584280207 1463 315 1148
1584280658 1464 316 1148
1584280812 1464 317 1147
1584281015 1465 317 1148
1584281672 1465 318 1147
1584282464 1465 319 1146
1584282583 1466 319 1147
1584282818 1467 319 1148
1584283191 1468 319 1149
1584284060 1469 319 1150
1584284093 1470 319 1151
1584285493 1471 319 1152
1584285623 1471 320 1151
1584286075 1471 321 1150
1584286721 1472 322 1150
1584287018 1473 322 1151
1584287107 1474 322 1152
1584287216 1474 323 1151
1584287449 1475 323 1152
1584287556 1476 323 1153
1584288969 1477 323 1154
1584289090 1477 324 1153
1584289329 1477 325 1152
1584289446 1478 325 1153
1584290342 1479 325 1154
1584291410 1480 325 1155
1584291824 1481 325 1156
1584292255 1482 325 1157
1584292483 1483 325 1158
1584292899 1484 326 1158
1584292998 1485 327 1158
1584293260 1486 327 1159
1584293396 1487 327 1160
1584293589 1488 328 1160
1584293641 1489 329 1160
1584293788 1490 329 1161
1584294018 1491 329 1162
1584294123 1492 330 1162
1584294397 1493 330 1163
1584294643 1494 330 1164
1584294775 1495 330 1165
1584295196 1496 330 1166
1584295349 1497 330 1167
1584295423 1497 331 1166
1584295439 1497 332 1165
1584295528 1498 332 1166
1584295551 1499 332 1167
1584296028 1500 332 1168
1584296132 1501 333 1168
1584296615 1501 334 1167
1584297020 1502 334 1168
1584297051 1503 335 1168
1584297172 1504 335 1169
1584298000 1504 336 1168
1584298008 1504 337 1167
1584298096 1505 337 1168
1584298541 1506 337 1169
1584299300 1507 338 1169
1584299330 1508 338 1170
1584299397 1508 339 1169
1584299433 1509 339 1170
1584299743 1509 340 1169
1584300024 1510 340 1170
1584300239 1511 340 1171
1584300878 1511 341 1170
1584301560 1512 341 1171
1584301598 1513 341 1172
1584302599 1514 341 1173
1584303026 1514 342 1172
1584303481 1515 342 1173
1584303737 1516 342 1174
1584304546 1518 342 1176
1584304546 1518 342 1176
1584304863 1519 342 1177
1584304882 1520 342 1178
1584305241 1521 342 1179
1584305456 1522 342 1180
1584305853 1522 343 1179
1584305965 1523 343 1180
1584306014 1524 343 1181
1584306050 1524 344 1180
1584306264 1524 345 1179
1584306689 1525 345 1180
1584307247 1526 346 1180
1584307335 1527 346 1181
1584307473 1528 347 1181
1584308454 1529 347 1182
1584308568 1529 348 1181
1584309219 1530 348 1182
1584310057 1531 348 1183
1584310339 1532 348 1184
1584310654 1533 349 1184
1584310953 1534 349 1185
1584311144 1534 350 1184
1584311800 1535 350 1185
1584311899 1536 350 1186
1584311959 1537 350 1187
1584311974 1537 351 1186
1584311980 1537 352 1185
1584312368 1538 353 1185
1584312433 1539 353 1186
1584312637 1540 354 1186
1584312895 1540 355 1185
1584313412 1541 355 1186
1584313855 1542 355 1187
1584314495 1543 355 1188
1584314586 1544 355 1189
1584315039 1545 355 1190
1584316083 1545 356 1189
1584317224 1545 357 1188
1584317532 1545 358 1187
1584318455 1545 359 1186
1584318635 1546 359 1187
1584319413 1546 360 1186
1584319621 1546 361 1185
1584320675 1547 361 1186
1584322414 1547 362 1185
1584322907 1548 362 1186
1584322974 1549 363 1186
1584324385 1550 364 1186
1584325782 1551 364 1187
1584328180 1551 365 1186
1584328234 1552 366 1186
1584328789 1553 366 1187
1584329646 1554 367 1187
1584330564 1554 368 1186
1584330838 1554 369 1185
1584332204 1554 370 1184
1584335305 1555 370 1185
1584339301 1556 370 1186
1584339578 1556 371 1185
1584341464 1557 372 1185
1584342243 1558 372 1186
1584342803 1559 372 1187
1584344526 1559 373 1186
1584344641 1560 374 1186
1584344840 1561 374 1187
1584345456 1562 374 1188
1584345854 1562 375 1187
1584346635 1563 375 1188
1584346691 1564 375 1189
1584346900 1564 376 1188
1584346978 1565 376 1189
1584347593 1566 376 1190
1584347607 1567 376 1191
1584347911 1568 376 1192
1584348544 1569 376 1193
1584348810 1570 376 1194
1584349090 1570 377 1193
1584349240 1571 377 1194
1584349615 1572 377 1195
1584350474 1572 378 1194
1584351189 1573 378 1195
1584351422 1574 378 1196
1584352274 1575 378 1197
1584352706 1576 379 1197
1584352806 1577 379 1198
1584353819 1578 379 1199
1584354266 1579 379 1200
1584354402 1580 379 1201
1584355192 1581 379 1202
1584355466 1582 379 1203
1584355923 1583 379 1204
1584356336 1584 379 1205
1584356396 1585 379 1206
1584356462 1586 379 1207
1584356723 1587 379 1208
1584356886 1588 379 1209
1584357079 1589 379 1210
1584357467 1589 380 1209
1584357581 1589 381 1208
1584357590 1590 382 1208
1584357965 1591 382 1209
1584358281 1592 383 1209
1584358295 1593 384 1209
1584358947 1594 384 1210
1584359105 1595 384 1211
1584359226 1595 385 1210
1584359423 1596 386 1210
1584359497 1597 387 1210
1584359592 1598 388 1210
1584359750 1599 388 1211
1584359941 1599 389 1210
1584360103 1600 389 1211
1584360150 1601 389 1212
1584360428 1602 389 1213
1584361423 1603 389 1214
1584361483 1603 390 1213
1584362027 1604 390 1214
1584362632 1605 390 1215
1584362677 1606 391 1215
1584362847 1607 391 1216
1584362882 1608 392 1216
1584363072 1609 392 1217
1584363080 1609 393 1216
1584363197 1610 393 1217
1584363248 1610 394 1216
1584363815 1611 395 1216
1584364160 1612 395 1217
1584364939 1613 395 1218
1584365561 1614 395 1219
1584365575 1615 395 1220
1584365990 1615 396 1219
1584366264 1615 397 1218
1584366717 1616 397 1219
1584368013 1617 397 1220
1584368017 1618 397 1221
1584368076 1619 397 1222
1584368328 1619 398 1221
1584369276 1619 399 1220
1584369361 1619 400 1219
1584369450 1619 401 1218
1584369862 1620 402 1218
1584369942 1621 402 1219
1584370980 1622 402 1220
1584371232 1623 402 1221
1584371310 1624 403 1221
1584371767 1624 404 1220
1584371875 1624 405 1219
1584372010 1625 405 1220
1584372211 1626 405 1221
1584372549 1627 406 1221
1584373252 1627 407 1220
1584373283 1627 408 1219
1584373576 1628 408 1220
1584373657 1628 409 1219
1584373765 1629 409 1220
1584373969 1630 409 1221
1584373996 1631 409 1222
1584374093 1631 410 1221
1584374128 1631 411 1220
1584374307 1631 412 1219
1584374308 1631 413 1218
1584374705 1631 414 1217
1584374822 1632 414 1218
1584375396 1633 414 1219
1584375440 1634 415 1219
1584376089 1635 416 1219
1584376154 1635 417 1218
1584376233 1636 418 1218
1584376235 1637 418 1219
1584376760 1638 418 1220
1584377004 1639 419 1220
1584377840 1640 420 1220
1584377924 1641 421 1220
1584378048 1642 422 1220
1584378341 1643 422 1221
1584378406 1644 422 1222
1584378488 1644 423 1221
1584379259 1645 423 1222
1584379345 1645 424 1221
1584379717 1646 425 1221
1584379972 1647 425 1222
1584379994 1648 425 1223
1584380038 1649 426 1223
1584380770 1649 427 1222
1584380773 1649 428 1221
1584380851 1649 429 1220
1584382435 1650 429 1221
1584382656 1651 429 1222
1584382672 1652 429 1223
1584382801 1652 430 1222
1584383414 1653 430 1223
1584383468 1653 431 1222
1584383664 1653 432 1221
1584383805 1653 433 1220
1584383981 1654 433 1221
1584384311 1655 433 1222
1584384715 1656 433 1223
1584384880 1657 433 1224
1584384918 1657 434 1223
1584385060 1658 434 1224
1584385111 1659 434 1225
1584385292 1660 435 1225
1584385630 1661 435 1226
1584385633 1662 435 1227
1584386217 1663 436 1227
1584386768 1664 436 1228
1584386977 1665 436 1229
1584387142 1665 437 1228
1584387230 1665 438 1227
1584387555 1666 438 1228
1584388081 1667 439 1228
1584388104 1668 439 1229
1584388317 1669 439 1230
1584388646 1669 440 1229
1584388656 1670 440 1230
1584388677 1671 440 1231
1584389032 1671 441 1230
1584389086 1672 441 1231
1584389105 1672 442 1230
1584389134 1673 442 1231
1584389164 1674 442 1232
1584389209 1674 443 1231
1584389240 1674 444 1230
1584389290 1675 445 1230
1584389457 1676 445 1231
1584389629 1677 446 1231
1584389765 1677 447 1230
1584389802 1678 448 1230
1584389889 1678 449 1229
1584389937 1679 449 1230
1584390639 1679 450 1229
1584390792 1679 451 1228
1584390860 1679 452 1227
1584391129 1680 452 1228
1584391574 1680 453 1227
1584391646 1681 453 1228
1584391838 1682 454 1228
1584392009 1682 455 1227
1584392180 1682 456 1226
1584392509 1683 457 1226
1584392522 1683 458 1225
1584392570 1684 458 1226
1584392665 1685 459 1226
1584393432 1686 459 1227
1584393686 1687 459 1228
1584394071 1688 459 1229
1584394099 1688 460 1228
1584394251 1689 461 1228
1584394351 1690 461 1229
1584394426 1690 462 1228
1584395340 1691 462 1229
1584395914 1692 462 1230
1584396782 1693 462 1231
1584396903 1694 462 1232
1584397049 1695 463 1232
1584397062 1695 464 1231
1584397135 1696 464 1232
1584397184 1696 465 1231
1584397235 1697 465 1232
1584397371 1698 465 1233
1584397656 1698 466 1232
1584397807 1698 467 1231
1584398021 1699 467 1232
1584398423 1700 467 1233
1584398612 1701 468 1233
1584398618 1702 469 1233
1584398698 1702 470 1232
1584398809 1703 470 1233
1584399170 1704 470 1234
1584399325 1705 470 1235
1584399535 1705 471 1234
1584399949 1705 472 1233
1584400031 1706 472 1234
1584400404 1707 472 1235
1584400427 1708 472 1236
1584400431 1708 473 1235
1584400460 1709 473 1236
1584400543 1709 474 1235
1584400720 1709 475 1234
1584400951 1710 475 1235
1584401321 1711 475 1236
1584401579 1711 476 1235
1584401803 1711 477 1234
1584402511 1712 477 1235
1584402626 1713 477 1236
1584402720 1713 478 1235
1584402814 1714 478 1236
1584403377 1715 479 1236
1584403668 1716 479 1237
1584404183 1717 479 1238
1584404481 1717 480 1237
1584404738 1718 481 1237
1584404799 1719 481 1238
1584411037 1720 482 1238
1584411260 1721 483 1238
1584416845 1721 484 1237
1584420174 1721 485 1236
1584425548 1722 485 1237
1584425562 1723 485 1238
1584426658 1723 486 1237
1584428360 1724 486 1238
1584430319 1725 486 1239
1584430471 1726 486 1240
1584431436 1727 486 1241
1584431825 1727 487 1240
1584431867 1728 487 1241
1584432493 1728 488 1240
1584432776 1728 489 1239
1584433247 1729 489 1240
1584433268 1729 490 1239
1584433311 1730 491 1239
1584433729 1730 492 1238
1584434399 1730 493 1237
1584434985 1731 493 1238
1584435525 1732 493 1239
1584435979 1732 494 1238
1584436657 1733 494 1239
1584436945 1734 495 1239
1584436949 1734 496 1238
1584436958 1735 496 1239
1584438638 1736 496 1240
1584439057 1737 496 1241
1584441130 1738 496 1242
1584441871 1739 496 1243
1584442072 1740 496 1244
1584443285 1741 497 1244
1584443791 1741 498 1243
1584443821 1741 499 1242
1584443833 1742 500 1242
1584443922 1743 501 1242
1584444322 1744 501 1243
1584444634 1745 501 1244
1584444767 1745 502 1243
1584444816 1745 503 1242
1584445251 1746 504 1242
1584445633 1747 504 1243
1584445914 1747 505 1242
1584446266 1748 505 1243
1584446346 1749 505 1244
1584446451 1749 506 1243
1584446456 1749 507 1242
1584447219 1749 508 1241
1584447511 1750 508 1242
1584447611 1751 508 1243
1584447649 1752 508 1244
1584447698 1753 509 1244
1584448352 1754 509 1245
1584448433 1755 509 1246
1584448640 1755 510 1245
1584448666 1756 510 1246
1584449225 1757 510 1247
1584449275 1757 511 1246
1584450078 1758 512 1246
1584450208 1758 513 1245
1584451094 1759 513 1246
1584451843 1760 513 1247
1584452318 1760 514 1246
1584452806 1760 515 1245
1584453048 1761 515 1246
1584453098 1761 516 1245
1584453779 1761 517 1244
1584453828 1762 518 1244
1584454587 1763 518 1245
1584456251 1764 518 1246
1584456758 1764 519 1245
1584456762 1765 519 1246
1584456864 1766 519 1247
1584457880 1767 519 1248
1584458032 1767 520 1247
1584458641 1767 521 1246
1584459051 1768 521 1247
1584459095 1769 522 1247
1584459371 1770 522 1248
1584459663 1771 522 1249
1584459691 1771 523 1248
1584460317 1772 523 1249
1584460331 1773 523 1250
1584461011 1773 524 1249
1584461187 1774 524 1250
1584461236 1774 525 1249
1584461332 1774 526 1248
1584462802 1775 526 1249
1584462843 1776 526 1250
1584463038 1777 526 1251
1584463181 1777 527 1250
1584463321 1778 527 1251
1584463364 1779 528 1251
1584463572 1779 529 1250
1584463592 1780 529 1251
1584464125 1780 530 1250
1584464176 1780 531 1249
1584464619 1781 531 1250
1584465037 1782 531 1251
1584465561 1783 531 1252
1584465596 1783 532 1251
1584465994 1784 533 1251
1584465996 1784 534 1250
1584466028 1785 534 1251
1584466305 1786 534 1252
1584466329 1786 535 1251
1584466376 1787 535 1252
1584466443 1788 535 1253
1584467982 1788 536 1252
1584468734 1788 537 1251
1584470849 1789 538 1251
1584472900 1790 538 1252
1584473109 1790 539 1251
1584473887 1791 539 1252
1584474056 1792 539 1253
1584474065 1793 539 1254
1584474341 1794 539 1255
1584474511 1794 540 1254
1584474732 1794 541 1253
1584476057 1794 542 1252
1584476129 1794 543 1251
1584476629 1794 544 1250
1584477179 1795 544 1251
1584477502 1795 545 1250
1584478152 1795 546 1249
1584478380 1796 547 1249
1584479106 1796 548 1248
1584482613 1797 548 1249
1584482734 1798 549 1249
1584483126 1798 550 1248
1584483980 1799 550 1249
1584485102 1799 551 1248
1584485518 1800 551 1249
1584485997 1801 551 1250
1584487023 1801 552 1249
1584487432 1801 553 1248
1584489211 1801 554 1247
1584489264 1802 554 1248
1584489904 1803 554 1249
1584490264 1804 555 1249
1584490642 1805 555 1250
1584491082 1806 555 1251
1584491238 1807 555 1252
1584491596 1808 555 1253
1584492576 1808 556 1252
1584496693 1808 557 1251
1584497019 1808 558 1250
1584516458 1809 558 1251
1584518900 1810 558 1252
1584519490 1810 559 1251
1584519736 1811 559 1252
1584520810 1811 560 1251
1584521381 1812 560 1252
1584521700 1812 561 1251
1584522966 1813 561 1252
1584523173 1814 562 1252
1584523733 1814 563 1251
1584523948 1815 564 1251
1584524651 1816 565 1251
1584525126 1817 565 1252
1584525695 1818 566 1252
1584526297 1819 567 1252
1584527151 1820 567 1253
1584527990 1820 568 1252
1584528474 1821 568 1253
1584529149 1821 569 1252
1584530077 1822 570 1252
1584530421 1823 571 1252
1584531754 1824 571 1253
1584531983 1825 572 1253
1584532210 1825 573 1252
1584532310 1826 574 1252
1584532336 1827 574 1253
1584533249 1827 575 1252
1584534015 1827 576 1251
1584534747 1827 577 1250
1584534894 1828 577 1251
1584535086 1829 577 1252
1584535092 1830 577 1253
1584535418 1831 577 1254
1584537220 1831 578 1253
1584538648 1832 578 1254
1584539807 1832 579 1253
1584539820 1833 579 1254
1584540049 1834 580 1254
1584540354 1834 581 1253
1584540882 1835 581 1254
1584541085 1836 581 1255
1584542514 1836 582 1254
1584543159 1837 582 1255
1584543688 1838 583 1255
1584543941 1839 583 1256
1584544153 1840 583 1257
1584544402 1841 583 1258
1584544908 1842 583 1259
1584546423 1842 584 1258
1584547426 1843 584 1259
1584547859 1843 585 1258
1584548330 1844 586 1258
1584548445 1845 586 1259
1584548994 1846 586 1260
1584552256 1847 586 1261
1584553192 1848 586 1262
1584553247 1848 587 1261
1584553760 1848 588 1260
1584554057 1849 589 1260
1584554826 1850 589 1261
1584555053 1851 589 1262
1584555817 1852 589 1263
1584556073 1852 590 1262
1584557165 1852 591 1261
1584557544 1853 591 1262
1584558535 1853 592 1261
1584558627 1854 592 1262
1584558724 1855 592 1263
1584559186 1856 592 1264
1584559456 1857 592 1265
1584559526 1858 592 1266
1584559590 1858 593 1265
1584560445 1858 594 1264
1584560624 1859 594 1265
1584560989 1859 595 1264
1584561196 1860 595 1265
1584562095 1860 596 1264
1584562554 1861 596 1265
1584562987 1862 596 1266
1584563172 1863 596 1267
1584563644 1864 596 1268
1584563691 1865 596 1269
1584565028 1866 597 1269
1584565405 1867 598 1269
1584565862 1867 599 1268
1584566262 1867 600 1267
1584566371 1868 600 1268
1584566725 1868 601 1267
1584567177 1869 601 1268
1584568495 1870 602 1268
1584569250 1870 603 1267
1584570380 1871 603 1268
1584571226 1872 604 1268
1584571863 1872 605 1267
1584573830 1872 606 1266
1584576814 1872 607 1265
1584578348 1873 607 1266
1584578845 1874 607 1267
1584579271 1875 607 1268
1584583793 1875 608 1267
1584603667 1876 608 1268
1584604036 1877 609 1268
1584604469 1878 609 1269
1584604821 1878 610 1268
1584605428 1878 611 1267
1584606299 1878 612 1266
1584606412 1878 613 1265
1584607740 1879 614 1265
1584608032 1879 615 1264
1584609691 1879 616 1263
1584610345 1879 617 1262
1584612873 1880 617 1263
1584613092 1880 618 1262
1584613820 1880 619 1261
1584614702 1881 619 1262
1584615646 1881 620 1261
1584615758 1881 621 1260
1584616339 1882 622 1260
1584616518 1882 623 1259
1584618923 1883 624 1259
1584619030 1884 625 1259
1584620155 1884 626 1258
1584620647 1884 627 1257
1584620707 1885 627 1258
1584620996 1886 628 1258
1584622863 1887 629 1258
1584625355 1888 629 1259
1584625400 1888 630 1258
1584629492 1888 631 1257
1584630607 1889 631 1258
1584631991 1890 631 1259
1584632885 1891 631 1260
1584633341 1892 631 1261
1584633994 1893 631 1262
1584634748 1893 632 1261
1584635131 1893 633 1260
1584636600 1894 633 1261
1584636604 1894 634 1260
1584636858 1895 635 1260
1584636945 1895 636 1259
1584637159 1896 636 1260
1584638406 1896 637 1259
1584639441 1897 637 1260
1584640741 1898 637 1261
1584641040 1899 638 1261
1584641978 1899 639 1260
1584642278 1899 640 1259
1584642848 1899 641 1258
1584643313 1899 642 1257
1584644573 1900 642 1258
1584645527 1901 643 1258
1584645790 1901 644 1257
1584646067 1901 645 1256
1584649151 1901 646 1255
1584649599 1901 647 1254
1584649964 1902 648 1254
1584650168 1902 649 1253
1584650606 1902 650 1252
1584650912 1902 651 1251
1584653809 1903 651 1252
1584654639 1903 652 1251
1584655738 1903 653 1250
1584656110 1904 653 1251
1584656499 1905 653 1252
1584657191 1905 654 1251
1584658546 1906 654 1252
1584658627 1906 655 1251
1584658935 1906 656 1250
1584660096 1907 656 1251
1584661887 1907 657 1250
1584661944 1907 658 1249
1584665050 1907 659 1248
1584666379 1907 660 1247
1584669705 1907 661 1246
1584670147 1908 661 1247
1584670993 1908 662 1246
1584677227 1909 662 1247
1584687656 1910 662 1248
1584690136 1911 662 1249
1584690367 1911 663 1248
1584691218 1911 664 1247
1584692267 1912 664 1248
1584693606 1912 665 1247
1584693849 1913 665 1248
1584694018 1914 666 1248
1584694425 1915 666 1249
1584695155 1915 667 1248
1584696732 1915 668 1247
1584696987 1916 668 1248
1584698314 1917 668 1249
1584698530 1917 669 1248
1584698606 1917 670 1247
1584698690 1918 670 1248
1584699077 1919 670 1249
1584699384 1919 671 1248
1584700442 1920 671 1249
1584701207 1920 672 1248
1584702105 1921 672 1249
1584702278 1922 673 1249
1584703510 1923 673 1250
1584703810 1924 673 1251
1584704184 1925 673 1252
1584704650 1926 673 1253
1584705182 1926 674 1252
1584705429 1927 674 1253
1584705448 1927 675 1252
1584706213 1927 676 1251
1584706296 1928 676 1252
1584707866 1929 676 1253
1584708366 1929 677 1252
1584708698 1929 678 1251
1584709340 1929 679 1250
1584710044 1929 680 1249
1584710739 1930 680 1250
1584711252 1930 681 1249
1584711611 1930 682 1248
1584712099 1931 682 1249
1584713154 1931 683 1248
1584713291 1931 684 1247
1584713561 1931 685 1246
1584714814 1931 686 1245
1584716695 1931 687 1244
1584716945 1932 687 1245
1584717877 1932 688 1244
1584718199 1933 688 1245
1584720083 1934 688 1246
1584720838 1935 689 1246
1584720972 1935 690 1245
1584721897 1936 690 1246
1584722315 1937 690 1247
1584722978 1938 690 1248
1584723403 1939 690 1249
1584723468 1939 691 1248
1584723539 1939 692 1247
1584723771 1940 692 1248
1584723799 1941 692 1249
1584724486 1942 693 1249
1584725420 1943 693 1250
1584725744 1943 694 1249
1584726865 1943 695 1248
1584726914 1943 696 1247
1584727860 1944 697 1247
1584727960 1945 697 1248
1584729025 1945 698 1247
1584729512 1945 699 1246
1584732427 1945 700 1245
1584732857 1946 700 1246
1584732964 1946 701 1245
1584733058 1946 702 1244
1584734243 1947 703 1244
1584734344 1948 703 1245
1584734704 1949 703 1246
1584734770 1949 704 1245
1584734819 1949 705 1244
1584734940 1949 706 1243
1584735038 1949 707 1242
1584735101 1950 707 1243
1584735387 1950 708 1242
1584735527 1950 709 1241
1584736301 1951 709 1242
1584736463 1951 710 1241
1584736744 1952 710 1242
1584737966 1953 710 1243
1584737972 1954 710 1244
1584738023 1955 711 1244
1584740330 1956 712 1244
1584740400 1957 713 1244
1584740682 1958 714 1244
1584740791 1958 715 1243
1584741840 1958 716 1242
1584741881 1958 717 1241
1584743929 1959 717 1242
1584744992 1959 718 1241
1584745107 1960 718 1242
1584745398 1960 719 1241
1584746236 1961 719 1242
1584747353 1962 719 1243
1584748660 1962 720 1242
1584749313 1963 721 1242
1584749441 1963 722 1241
1584749771 1964 722 1242
1584755096 1965 723 1242
1584756654 1966 723 1243
1584756675 1967 723 1244
1584757668 1968 723 1245
1584757735 1968 724 1244
1584771988 1969 724 1245
1584776215 1970 724 1246
1584776360 1971 725 1246
1584778377 1971 726 1245
1584779305 1971 727 1244
1584780776 1971 728 1243
1584780817 1971 729 1242
1584782630 1971 730 1241
1584784473 1971 731 1240
1584785020 1972 732 1240
1584785025 1972 733 1239
1584786388 1972 734 1238
1584786422 1972 735 1237
1584786444 1973 735 1238
1584786599 1973 736 1237
1584787953 1973 737 1236
1584789478 1973 738 1235
1584790755 1974 738 1236
1584792115 1974 739 1235
1584792184 1974 740 1234
1584793000 1974 741 1233
1584793983 1975 742 1233
1584794520 1976 743 1233
1584796003 1977 743 1234
1584799939 1977 744 1233
1584800258 1978 744 1234
1584800351 1979 744 1235
1584800485 1980 745 1235
1584805214 1980 746 1234
1584808196 1980 747 1233
1584808466 1981 747 1234
1584810580 1982 747 1235
1584811394 1982 748 1234
1584814296 1982 749 1233
1584815183 1982 750 1232
1584816006 1983 751 1232
1584816530 1984 751 1233
1584816715 1985 752 1233
1584817519 1985 753 1232
1584817520 1985 754 1231
1584817833 1985 755 1230
1584817927 1985 756 1229
1584818027 1985 757 1228
1584820062 1985 758 1227
1584820419 1986 758 1228
1584820638 1987 759 1228
1584820740 1987 760 1227
1584822433 1987 761 1226
1584822807 1988 762 1226
1584823233 1989 762 1227
1584825118 1989 763 1226
1584826291 1990 763 1227
1584826700 1991 763 1228
1584827001 1992 763 1229
1584829731 1993 763 1230
1584829988 1994 763 1231
1584830072 1994 764 1230
1584830207 1994 765 1229
1584831484 1995 765 1230
1584833133 1996 765 1231
1584833292 1997 765 1232
1584833711 1998 766 1232
1584833770 1998 767 1231
1584835103 1998 768 1230
1584835338 1999 769 1230
1584835468 1999 770 1229
1584836185 2000 770 1230
1584838888 2000 771 1229
1584839019 2000 772 1228
1584842394 2001 772 1229
1584844297 2002 772 1230
1584848947 2003 772 1231
1584859364 2004 773 1231
1584864825 2005 774 1231
1584864858 2006 774 1232
1584865589 2006 775 1231
1584867378 2007 775 1232
1584868200 2007 776 1231
1584869616 2008 777 1231
1584870156 2009 777 1232
1584870244 2009 778 1231
1584870476 2010 778 1232
1584873460 2010 779 1231
1584874411 2011 779 1232
1584874784 2011 780 1231
1584876268 2011 781 1230
1584876458 2012 782 1230
1584876464 2012 783 1229
1584877514 2012 784 1228
1584878778 2012 785 1227
1584878907 2013 786 1227
1584880815 2013 787 1226
1584882275 2014 787 1227
1584883291 2015 787 1228
1584884366 2015 788 1227
1584884493 2015 789 1226
1584885004 2016 789 1227
1584885828 2017 790 1227
1584886268 2017 791 1226
1584887007 2017 792 1225
1584887480 2018 792 1226
1584888013 2018 793 1225
1584888602 2018 794 1224
1584888905 2018 795 1223
1584891027 2018 796 1222
1584892537 2019 796 1223
1584892582 2020 796 1224
1584893007 2020 797 1223
1584894447 2021 797 1224
1584895463 2021 798 1223
1584897532 2021 799 1222
1584898106 2022 799 1223
1584898289 2022 800 1222
1584898669 2022 801 1221
1584899540 2022 802 1220
1584901804 2023 802 1221
1584902064 2024 802 1222
1584903129 2024 803 1221
1584903379 2024 804 1220
1584903468 2024 805 1219
1584904623 2024 806 1218
1584905633 2024 807 1217
1584906240 2024 808 1216
1584906437 2025 809 1216
1584906853 2025 810 1215
1584906857 2025 811 1214
1584906917 2025 812 1213
1584907105 2025 813 1212
1584907135 2025 814 1211
1584907450 2026 814 1212
1584907891 2027 814 1213
1584908708 2027 815 1212
1584908876 2027 816 1211
1584908941 2027 817 1210
1584909552 2027 818 1209
1584910477 2027 819 1208
1584911090 2028 820 1208
1584911108 2029 821 1208
1584911688 2029 822 1207
1584912895 2030 822 1208
1584914113 2030 823 1207
1584914316 2030 824 1206
1584914530 2031 824 1207
1584914640 2031 825 1206
1584915515 2031 826 1205
1584916381 2032 827 1205
1584916532 2032 828 1204
1584916972 2033 829 1204
1584918155 2034 829 1205
1584918668 2034 830 1204
1584918683 2034 831 1203
1584918753 2034 832 1202
1584919668 2035 832 1203
1584920397 2036 832 1204
1584920398 2036 833 1203
1584922415 2037 834 1203
1584922910 2038 834 1204
1584923053 2038 835 1203
1584927024 2039 835 1204
1584927482 2039 836 1203
1584930528 2039 837 1202
1584936028 2039 838 1201
1584942277 2040 839 1201
1584947107 2040 840 1200
1584947455 2041 840 1201
1584947476 2042 840 1202
1584948498 2042 841 1201
1584953970 2042 842 1200
1584953973 2042 843 1199
1584957763 2042 844 1198
1584958562 2042 845 1197
1584960114 2042 846 1196
1584960833 2042 847 1195
1584961705 2042 848 1194
1584961749 2042 849 1193
1584962128 2042 850 1192
1584962174 2043 850 1193
1584963129 2043 851 1192
1584963313 2044 851 1193
1584963893 2044 852 1192
1584965033 2045 852 1193
1584965227 2046 853 1193
1584965571 2046 854 1192
1584966479 2046 855 1191
1584967884 2046 856 1190
1584969000 2047 856 1191
1584969006 2047 857 1190
1584969036 2048 858 1190
1584969113 2048 859 1189
1584969123 2048 860 1188
1584970519 2048 861 1187
1584971157 2048 862 1186
1584971706 2049 863 1186
1584972718 2049 864 1185
1584972873 2050 864 1186
1584972980 2050 865 1185
1584974040 2051 865 1186
1584974126 2052 865 1187
1584974952 2052 866 1186
1584976460 2053 866 1187
1584976533 2054 866 1188
1584976807 2055 866 1189
1584976976 2055 867 1188
1584977452 2056 868 1188
1584978015 2057 868 1189
1584979589 2058 868 1190
1584979899 2058 869 1189
1584980297 2059 869 1190
1584980375 2060 869 1191
1584980772 2061 869 1192
1584980783 2061 870 1191
1584981484 2062 870 1192
1584982934 2063 871 1192
1584983808 2063 872 1191
1584984735 2064 872 1192
1584985383 2065 872 1193
1584985816 2065 873 1192
1584986405 2065 874 1191
1584986473 2065 875 1190
1584987113 2066 875 1191
1584987935 2067 876 1191
1584988229 2067 877 1190
1584989114 2067 878 1189
1584989238 2067 879 1188
1584989351 2067 880 1187
1584989540 2067 881 1186
1584990336 2067 882 1185
1584990539 2068 882 1186
1584990611 2068 883 1185
1584993094 2068 884 1184
1584993872 2068 885 1183
1584994394 2068 886 1182
1584994701 2069 886 1183
1584995527 2069 887 1182
1584995707 2070 887 1183
1584995714 2070 888 1182
1584996048 2070 889 1181
1584996150 2070 890 1180
1584996260 2070 891 1179
1584996477 2070 892 1178
1584996973 2070 893 1177
1584997043 2071 894 1177
1584998048 2071 895 1176
1584998217 2071 896 1175
1584998339 2071 897 1174
1584998580 2071 898 1173
1584999386 2072 898 1174
1585000430 2072 899 1173
1585000496 2073 899 1174
1585000542 2073 900 1173
1585000939 2074 900 1174
1585001789 2074 901 1173
1585002202 2075 902 1173
1585003050 2076 903 1173
1585003638 2076 904 1172
1585003995 2076 905 1171
1585004847 2076 906 1170
1585005353 2076 907 1169
1585006387 2076 908 1168
1585030438 2077 909 1168
1585033813 2077 910 1167
1585034707 2077 911 1166
1585035780 2077 912 1165
1585038571 2077 913 1164
1585038916 2078 913 1165
1585039466 2078 914 1164
1585040279 2078 915 1163
1585042190 2079 916 1163
1585043303 2080 917 1163
1585044645 2080 918 1162
1585044668 2081 918 1163
1585044738 2082 918 1164
1585045270 2082 919 1163
1585048397 2082 920 1162
1585049094 2082 921 1161
1585049243 2083 922 1161
1585050769 2083 923 1160
1585053031 2083 924 1159
1585054812 2083 925 1158
1585055539 2083 926 1157
1585056718 2083 927 1156
1585061840 2083 928 1155
1585062493 2084 929 1155
1585065469 2084 930 1154
1585065856 2084 931 1153
1585065861 2085 932 1153
1585067017 2085 933 1152
1585067097 2085 934 1151
1585067417 2085 935 1150
1585068677 2085 936 1149
1585068956 2085 937 1148
1585069332 2086 938 1148
1585070050 2087 938 1149
1585070548 2087 939 1148
1585070586 2087 940 1147
1585073473 2088 940 1148
1585073917 2088 941 1147
1585074499 2088 942 1146
1585076131 2089 942 1147
1585076134 2089 943 1146
1585079220 2089 944 1145
1585081299 2089 945 1144
1585082174 2089 946 1143
1585082255 2089 947 1142
1585082818 2090 948 1142
1585083088 2090 949 1141
1585083111 2090 950 1140
1585083477 2090 951 1139
1585083517 2090 952 1138
1585084631 2090 953 1137
1585085997 2090 954 1136
1585087134 2090 955 1135
1585087377 2091 956 1135
1585088569 2091 957 1134
1585089385 2091 958 1133
1585089591 2091 959 1132
1585090291 2091 960 1131
1585090942 2091 961 1130
1585092957 2091 962 1129
1585094858 2091 963 1128
1585095819 2091 964 1127
1585098536 2091 965 1126
1585098932 2091 966 1125
1585119539 2092 967 1125
1585121878 2092 968 1124
1585123565 2093 968 1125
1585123787 2094 968 1126
1585126202 2095 969 1126
1585126539 2096 969 1127
1585126743 2096 970 1126
1585127195 2096 971 1125
1585129841 2096 972 1124
1585130114 2096 973 1123
1585130191 2096 974 1122
1585132908 2097 974 1123
1585133977 2097 975 1122
1585134575 2097 976 1121
1585136219 2097 977 1120
1585137012 2097 978 1119
1585138526 2097 979 1118
1585139712 2098 979 1119
1585139716 2098 980 1118
1585139717 2098 981 1117
1585139829 2098 982 1116
1585140391 2098 983 1115
1585140787 2098 984 1114
1585143138 2098 985 1113
1585144343 2098 986 1112
1585145674 2098 987 1111
1585146673 2098 988 1110
1585147912 2098 989 1109
1585149807 2098 990 1108
1585150513 2098 991 1107
1585150638 2098 992 1106
1585150674 2099 993 1106
1585151214 2099 994 1105
1585151330 2100 994 1106
1585151408 2100 995 1105
1585151611 2100 996 1104
1585151754 2101 996 1105
1585152358 2101 997 1104
1585152505 2101 998 1103
1585152614 2101 999 1102
1585154292 2101 1000 1101
1585154554 2101 1001 1100
1585155135 2101 1002 1099
1585156434 2102 1003 1099
1585156497 2103 1003 1100
1585156664 2104 1003 1101
1585157078 2104 1004 1100
1585157678 2104 1005 1099
1585157930 2104 1006 1098
1585157991 2105 1006 1099
1585158049 2105 1007 1098
1585158235 2105 1008 1097
1585158703 2105 1009 1096
1585158739 2105 1010 1095
1585159248 2106 1011 1095
1585159889 2106 1012 1094
1585159908 2106 1013 1093
1585160325 2107 1013 1094
1585160958 2107 1014 1093
1585161290 2107 1015 1092
1585162797 2107 1016 1091
1585162912 2107 1017 1090
1585163221 2108 1018 1090
1585164365 2109 1019 1090
1585164474 2109 1020 1089
1585164733 2109 1021 1088
1585165858 2109 1022 1087
1585165986 2109 1023 1086
1585167174 2109 1024 1085
1585167235 2109 1025 1084
1585167564 2109 1026 1083
1585167586 2109 1027 1082
1585167748 2109 1028 1081
1585167793 2109 1029 1080
1585167828 2109 1030 1079
1585167925 2109 1031 1078
1585168423 2109 1032 1077
1585168568 2109 1033 1076
1585168749 2110 1033 1077
1585168761 2110 1034 1076
1585169359 2110 1035 1075
1585169363 2111 1036 1075
1585169819 2112 1037 1075
1585169893 2112 1038 1074
1585170061 2112 1039 1073
1585170243 2112 1040 1072
1585172228 2112 1041 1071
1585172529 2112 1042 1070
1585175603 2112 1043 1069
1585178033 2113 1043 1070
1585180771 2114 1043 1071
1585181244 2114 1044 1070
1585184143 2115 1045 1070
1585184679 2115 1046 1069
1585184813 2116 1046 1070
1585186003 2116 1047 1069
1585191549 2117 1047 1070
1585192181 2117 1048 1069
1585209090 2117 1049 1068
1585211985 2117 1050 1067
1585212031 2117 1051 1066
1585212200 2117 1052 1065
1585217045 2117 1053 1064
1585217953 2118 1053 1065
1585218593 2119 1053 1066
1585219537 2120 1053 1067
1585228728 2121 1053 1068
1585229842 2122 1053 1069
1585238066 2123 1053 1070
1585240672 2124 1053 1071
1585243652 2125 1053 1072
1585251319 2127 1053 1074
1585251319 2127 1053 1074
1585261803 2128 1053 1075
1585261920 2129 1053 1076
1585262332 2130 1053 1077
1585263851 2131 1053 1078
1585268345 2132 1053 1079
1585288515 2133 1053 1080
1585301109 2134 1053 1081
1585304706 2135 1053 1082
1585305658 2136 1053 1083
1585310549 2137 1053 1084
1585311433 2138 1053 1085
1585311899 2139 1053 1086
1585314085 2140 1053 1087
1585316504 2141 1053 1088
1585319094 2142 1053 1089
1585319159 2143 1053 1090
1585322469 2144 1053 1091
1585327192 2145 1053 1092
1585328026 2146 1053 1093
1585328490 2147 1053 1094
1585333771 2148 1053 1095
1585346148 2149 1053 1096
1585350976 2150 1053 1097
1585353990 2151 1053 1098
1585356207 2152 1053 1099
1585356371 2153 1053 1100
1585360524 2154 1053 1101
1585361662 2155 1053 1102
1585369988 2156 1053 1103
1585382707 2157 1053 1104
1585386805 2158 1053 1105
1585387998 2159 1053 1106
1585388193 2160 1053 1107
1585389750 2161 1053 1108
1585392523 2162 1053 1109
1585392618 2163 1053 1110
1585394792 2164 1053 1111
1585394884 2165 1053 1112
1585396836 2166 1053 1113
1585398129 2167 1053 1114
1585398427 2168 1053 1115
1585400478 2169 1053 1116
1585404098 2170 1053 1117
1585404557 2171 1053 1118
1585412626 2172 1053 1119
1585414574 2173 1053 1120
1585417603 2174 1053 1121
1585419974 2175 1053 1122
1585420272 2176 1053 1123
1585420291 2177 1053 1124
1585421386 2178 1053 1125
1585423320 2179 1053 1126
1585424064 2180 1053 1127
1585430555 2181 1053 1128
1585430645 2182 1053 1129
1585443960 2183 1053 1130
1585445651 2184 1053 1131
1585472433 2185 1053 1132
1585476346 2186 1053 1133
1585479210 2187 1053 1134
1585479263 2188 1053 1135
1585479332 2189 1053 1136
1585483132 2190 1053 1137
1585487616 2191 1053 1138
1585490235 2192 1053 1139
1585490932 2193 1053 1140
1585493515 2194 1053 1141
1585498217 2195 1053 1142
1585499064 2196 1053 1143
1585500286 2197 1053 1144
1585509737 2198 1053 1145
1585514615 2199 1053 1146
1585516106 2200 1053 1147
1585519706 2201 1053 1148
1585524810 2202 1053 1149
1585527163 2203 1053 1150
1585555288 2204 1053 1151
1585556713 2205 1053 1152
1585559913 2206 1053 1153
1585565813 2207 1053 1154
1585570161 2208 1053 1155
1585573744 2209 1053 1156
1585589129 2210 1053 1157
1585596575 2211 1053 1158
1585597177 2212 1053 1159
1585602471 2213 1053 1160
1585602970 2214 1053 1161
1585612585 2215 1053 1162
1585630900 2216 1053 1163
1585648520 2217 1053 1164
1585655891 2218 1053 1165
1585656637 2219 1053 1166
1585657363 2220 1053 1167
1585658180 2221 1053 1168
1585663394 2222 1053 1169
1585663771 2223 1053 1170
1585669104 2224 1053 1171
1585671581 2225 1053 1172
1585673758 2226 1053 1173
1585683070 2227 1053 1174
1585734524 2228 1053 1175
1585747126 2229 1053 1176
1585753528 2230 1053 1177
1585754670 2231 1053 1178
1585771679 2232 1053 1179
1585779285 2233 1053 1180
1585782160 2234 1053 1181
1585784845 2235 1053 1182
1585788319 2236 1053 1183
1585819439 2237 1053 1184
