1580083200 231 9 222
1580688000 383 21 362
1581292800 438 28 410
1581897600 473 34 439
1582502400 501 39 462
1583107200 757 56 701
1583712000 1013 92 921
1584316800 1516 189 1327
1584921600 2005 388 1617
1585526400 2167 499 1668
1586131200 2240 574 1666
1586736000 2302 643 1659
1587340800 2366 698 1668
1587945600 2400 747 1653
1588550400 2424 789 1635
1589155200 2446 828 1618
1589760000 2460 853 1607
1590364800 2472 867 1605
1590969600 2483 886 1597
1591574400 2487 904 1583
1592179200 2488 911 1577
1592784000 2490 919 1571
1593388800 2498 929 1569
1593993600 2501 932 1569
1594598400 2505 940 1565
1595203200 2510 947 1563
1595808000 2517 955 1562
1596412800 2524 963 1561
1597017600 2532 974 1558
1597622400 2543 986 1557
1598227200 2554 994 1560
1598832000 2570 1011 1559
1599436800 2584 1021 1563
1600041600 2596 1040 1556
1600646400 2605 1049 1556
1601251200 2621 1065 1556
1601856000 2630 1077 1553
1602460800 2639 1087 1552
1603065600 2664 1115 1549
1603670400 2683 1136 1547
1604275200 2744 1228 1516
1604880000 2758 1261 1497
1605484800 2772 1284 1488
1606089600 2781 1299 1482
1606694400 2783 1310 1473
1607299200 2794 1324 1470
1607904000 2804 1336 1468
1608508800 2814 1355 1459
1609113600 2819 1368 1451
1609718400 2832 1382 1450
1610323200 2845 1402 1443
1610928000 2859 1423 1436
1611532800 2870 1436 1434
1612137600 2882 1469 1413
1612742400 2889 1491 1398
1613347200 2897 1508 1389
1613952000 2903 1518 1385
1614556800 2906 1526 1380
1615161600 2914 1547 1367
1615766400 2926 1558 1368
1616371200 2943 1592 1351
1616976000 2949 1615 1334
1617580800 2962 1669 1293
1618185600 2972 1708 1264
1618790400 2979 1731 1248
1619395200 2982 1751 1231
1620000000 2990 1776 1214
1620604800 2999 1812 1187
1621209600 3021 1850 1171
1621814400 3037 1892 1145
1622419200 3044 1912 1132
1623024000 3050 1936 1114
1623628800 3057 1964 1093
1624233600 3062 1985 1077
1624838400 3070 2016 1054
1625443200 3079 2035 1044
1626048000 3094 2077 1017
1626652800 3159 2294 865
1627257600 3188 2426 762
1627862400 3205 2618 587
1628467200 3224 2653 571
