1579611316 1 0 1
1579611555 2 0 2
1579613366 3 0 3
1579617811 4 0 4
1579621979 5 0 5
1579622150 6 0 6
1579627499 7 0 7
1579629367 8 0 8
1579630675 9 0 9
1579630765 10 0 10
1579631666 11 0 11
1579636944 12 0 12
1579639995 13 0 13
1579640280 14 0 14
1579640775 15 0 15
1579646008 16 0 16
1579678473 17 0 17
1579693339 18 0 18
1579724250 19 0 19
1579727123 20 0 20
1579727177 21 0 21
1579727975 22 0 22
1579730378 23 0 23
1579730809 24 0 24
1579733220 25 0 25
1579734009 26 0 26
1579734215 27 0 27
1579734792 28 0 28
1579735590 29 0 29
1579737627 30 0 30
1579738363 31 0 31
1579740900 32 0 32
1579742068 33 0 33
1579760592 34 0 34
1579772175 35 0 35
1579775467 36 0 36
1579776449 37 1 36
1579777951 38 1 37
1579778672 39 1 38
1579778830 40 1 39
1579784057 41 1 40
1579784270 42 1 41
1579784502 43 1 42
1579787783 44 1 43
1579791432 45 1 44
1579792908 46 1 45
1579792912 47 1 46
1579793285 48 1 47
1579793640 49 1 48
1579793677 50 1 49
1579802143 51 1 50
1579805056 52 2 50
1579806529 53 2 51
1579811179 54 2 52
1579821659 55 2 53
1579822944 56 2 54
1579823091 57 2 55
1579826431 58 2 56
1579827367 59 2 57
1579840018 60 2 58
1579844499 61 2 59
1579849146 62 2 60
1579849340 63 2 61
1579852403 64 2 62
1579853947 65 2 63
1579854262 66 2 64
1579858552 67 2 65
1579858590 68 2 66
1579858604 69 2 67
1579861015 70 2 68
1579861671 71 2 69
1579863724 72 2 70
1579870016 73 2 71
1579870844 74 2 72
1579871363 75 3 72
1579872263 76 3 73
1579873194 77 3 74
1579874713 78 4 74
1579875857 79 4 75
1579877603 80 4 76
1579880211 81 4 77
1579880806 82 5 77
1579885751 83 5 78
1579886544 84 5 79
1579886746 85 5 80
1579887026 86 5 81
1579887245 87 5 82
1579888707 88 5 83
1579890751 89 5 84
1579892037 90 5 85
1579897192 91 5 86
1579897615 92 5 87
1579897628 93 5 88
1579898020 94 5 89
1579898093 95 5 90
1579898104 96 5 91
1579898295 97 5 92
1579898366 98 5 93
1579899120 99 5 94
1579899597 100 5 95
1579899783 101 5 96
1579899824 102 5 97
1579900037 103 5 98
1579900093 104 5 99
1579900136 105 5 100
1579900290 106 5 101
1579900351 107 5 102
1579900500 108 5 103
1579900515 109 5 104
1579900888 110 5 105
1579901083 111 5 106
1579901210 112 5 107
1579901630 113 5 108
1579901787 114 5 109
1579901886 115 5 110
1579901916 116 5 111
1579902344 117 5 112
1579903110 118 5 113
1579904004 119 5 114
1579904013 120 5 115
1579904655 121 5 116
1579904674 122 5 117
1579904963 123 5 118
1579905912 124 5 119
1579906049 125 5 120
1579906055 126 5 121
1579906227 127 5 122
1579906351 128 5 123
1579906556 129 5 124
1579906859 130 5 125
1579906939 131 5 126
1579906979 132 5 127
1579907338 133 5 128
1579908229 134 5 129
1579908293 135 5 130
1579908329 136 5 131
1579908840 137 5 132
1579909219 138 5 133
1579911342 139 5 134
1579915186 140 5 135
1579915723 141 5 136
1579916416 142 5 137
1579917298 143 5 138
1579917630 144 5 139
1579919733 145 5 140
1579920712 146 5 141
1579922026 147 5 142
1579924938 148 5 143
1579934676 149 5 144
1579938071 150 5 145
1579938750 151 5 146
1579939400 152 6 146
1579940047 153 6 147
1579943548 154 7 147
1579943708 155 7 148
1579943871 156 7 149
1579944323 157 7 150
1579944902 158 7 151
1579946835 159 7 152
1579947236 160 7 153
1579947909 161 7 154
1579949445 162 7 155
1579949468 163 7 156
1579949652 164 7 157
1579949677 165 7 158
1579949757 165 8 157
1579950448 166 8 158
1579950615 167 8 159
1579951014 168 8 160
1579951945 169 8 161
1579953209 170 8 162
1579956895 171 8 163
1579957886 172 8 164
1579957910 173 8 165
1579958003 174 8 166
1579958144 174 9 165
1579958330 175 9 166
1579961352 176 9 167
1579961635 177 9 168
1579962300 178 9 169
1579962525 179 9 170
1579962557 180 9 171
1579964705 181 9 172
1579966349 182 9 173
1579966383 183 9 174
1579967323 184 9 175
1579967349 185 9 176
1579968270 186 9 177
1579969765 187 9 178
1579972703 188 9 179
1579972896 189 9 180
1579973982 190 9 181
1579975431 191 9 182
1579975776 192 9 183
1579976055 193 9 184
1579976177 194 9 185
1579976762 195 10 185
1579977121 196 10 186
1579977800 196 11 185
1579978580 197 11 186
1579979761 198 11 187
1579979940 199 11 188
1579982056 200 11 189
1579982100 201 11 190
1579984623 202 11 191
1579986219 203 11 192
1579987781 204 11 193
1579990366 205 11 194
1579995294 206 11 195
1579999312 207 11 196
1580021099 208 11 197
1580023491 209 11 198
1580025385 210 11 199
1580032617 211 11 200
1580032644 212 11 201
1580034093 213 11 202
1580036233 214 11 203
1580036556 215 11 204
1580037245 216 11 205
1580039617 217 11 206
1580039816 218 11 207
1580040653 219 11 208
1580041049 220 11 209
1580041576 221 11 210
1580044253 222 11 211
1580056459 223 11 212
1580057179 224 11 213
1580063156 225 11 214
1580065990 226 11 215
1580069107 227 11 216
1580072563 228 11 217
1580073364 229 11 218
1580076278 229 12 217
1580077054 230 12 218
1580077921 231 13 218
1580078790 232 13 219
1580079026 233 13 220
1580081552 234 13 221
1580082532 235 13 222
1580109046 236 13 223
1580116947 237 13 224
1580118638 238 13 225
1580119156 239 13 226
1580121793 240 13 227
1580122138 241 13 228
1580129294 242 13 229
1580129688 243 13 230
1580130647 244 13 231
1580133359 245 13 232
1580134245 246 13 233
1580135310 247 13 234
1580135506 248 13 235
1580135682 249 13 236
1580137293 250 13 237
1580139983 251 13 238
1580140796 252 13 239
1580141917 253 13 240
1580142357 254 13 241
1580142844 254 14 240
1580143850 255 14 241
1580145999 256 14 242
1580147519 257 14 243
1580148839 258 14 244
1580149825 259 14 245
1580149929 260 14 246
1580149994 261 14 247
1580150937 262 14 248
1580152565 263 14 249
1580153583 264 14 250
1580157337 265 14 251
1580157604 266 14 252
1580159805 266 15 251
1580162604 267 15 252
1580163235 268 15 253
1580163355 269 15 254
1580179150 270 15 255
1580180392 271 15 256
1580186044 272 15 257
1580200461 273 15 258
1580204608 274 15 259
1580205290 275 15 260
1580208217 276 15 261
1580208891 277 15 262
1580209087 278 15 263
1580209441 279 15 264
1580209664 280 15 265
1580209714 281 15 266
1580210960 282 15 267
1580214064 283 16 267
1580214642 284 16 268
1580214715 285 16 269
1580215430 286 16 270
1580218095 287 16 271
1580218312 288 17 271
1580233880 289 17 272
1580234905 290 17 273
1580237499 291 17 274
1580239491 292 17 275
1580239614 293 17 276
1580239642 294 17 277
1580240823 295 17 278
1580242009 296 17 279
1580242271 297 17 280
1580244435 298 17 281
1580246007 299 17 282
1580247341 299 18 281
1580250782 300 18 282
1580252123 301 18 283
1580263337 302 18 284
1580266899 303 18 285
1580281426 304 18 286
1580286821 305 18 287
1580287630 305 19 286
1580289227 306 19 287
1580291450 307 19 288
1580291926 308 19 289
1580292256 309 19 290
1580293317 310 19 291
1580293461 311 19 292
1580294692 312 19 293
1580295949 313 20 293
1580297046 314 20 294
1580304197 315 20 295
1580305313 316 20 296
1580308050 317 20 297
1580309486 318 20 298
1580314182 319 20 299
1580328596 320 20 300
1580329136 321 20 301
1580333196 322 21 301
1580334924 323 21 302
1580341579 324 21 303
1580342258 324 22 302
1580352894 325 22 303
1580361242 326 22 304
1580372528 327 22 305
1580378199 328 22 306
1580378646 329 23 306
1580379102 330 23 307
1580380689 331 23 308
1580381070 332 23 309
1580381504 333 23 310
1580383871 334 23 311
1580386391 335 23 312
1580389339 336 23 313
1580390124 337 23 314
1580393195 337 24 313
1580393334 338 24 314
1580396988 339 24 315
1580397439 340 24 316
1580404348 341 24 317
1580418110 342 24 318
1580418279 343 24 319
1580419059 344 24 320
1580420960 345 24 321
1580425672 346 24 322
1580460065 347 24 323
1580461280 348 24 324
1580464664 349 24 325
1580468550 350 24 326
1580472199 350 25 325
1580472399 351 25 326
1580473279 352 25 327
1580474163 353 25 328
1580477055 354 25 329
1580478927 355 25 330
1580484853 356 25 331
1580487904 357 25 332
1580489721 357 26 331
1580494200 358 26 332
1580495775 359 26 333
1580495851 360 26 334
1580497424 361 27 334
1580499769 361 28 333
1580503648 362 28 334
1580503712 363 28 335
1580505690 364 28 336
1580518207 365 28 337
1580523931 365 29 336
1580545588 366 29 337
1580546975 367 29 338
1580547601 368 29 339
1580549137 368 30 338
1580549272 369 30 339
1580554637 370 31 339
1580555486 371 31 340
1580559931 372 31 341
1580563178 373 31 342
1580571642 374 31 343
1580596569 375 31 344
1580597746 376 31 345
1580602005 377 31 346
1580611880 378 31 347
1580615662 379 31 348
1580641210 380 31 349
1580641805 381 31 350
1580645299 382 31 351
1580647089 383 31 352
1580654725 384 31 353
1580655562 385 31 354
1580659674 386 31 355
1580673381 387 31 356
1580682687 388 31 357
1580684741 389 31 358
1580699492 390 31 359
1580716630 391 31 360
1580721735 392 31 361
1580724385 393 31 362
1580726052 393 32 361
1580728884 394 32 362
1580740545 395 32 363
1580740922 396 32 364
1580743245 396 33 363
1580744082 397 33 364
1580748471 398 33 365
1580758515 398 34 364
1580762786 399 34 365
1580763051 400 34 366
1580768440 401 34 367
1580772379 402 34 368
1580802759 403 34 369
1580819234 404 34 370
1580825801 405 34 371
1580836548 406 34 372
1580837864 407 34 373
1580843552 408 35 373
1580858244 409 35 374
1580866186 410 35 375
1580889641 411 35 376
1580905759 412 35 377
1580908682 412 36 376
1580913537 413 36 377
1580916749 414 36 378
1580920567 415 36 379
1580921681 416 36 380
1580921851 417 36 381
1580927084 418 36 382
1580936329 419 36 383
1580978260 420 36 384
1580986937 421 36 385
1580995182 421 37 384
1581010663 422 37 385
1581061851 423 37 386
1581070613 424 37 387
1581072844 425 37 388
1581074277 426 37 389
1581086123 427 37 390
1581094415 428 37 391
1581098706 429 38 391
1581101146 429 39 390
1581118315 430 39 391
1581119816 431 39 392
1581157548 432 39 393
1581158479 433 39 394
1581159381 434 39 395
1581159953 435 39 396
1581161411 436 39 397
1581162629 437 39 398
1581172511 438 39 399
1581176407 439 40 399
1581177359 440 40 400
1581181207 441 40 401
1581183489 442 40 402
1581187306 443 40 403
1581188385 444 40 404
1581193042 445 40 405
1581195345 446 40 406
1581246862 446 41 405
1581324821 447 41 406
1581331161 448 41 407
1581331394 449 41 408
1581334312 450 41 409
1581339543 451 41 410
1581352644 452 41 411
1581357967 453 41 412
1581370515 454 42 412
1581412981 455 42 413
1581414559 456 42 414
1581419656 457 42 415
1581428997 458 42 416
1581429752 459 42 417
1581435264 460 42 418
1581442081 461 42 419
1581444549 461 43 418
1581445993 462 43 419
1581449554 463 43 420
1581450308 464 44 420
1581496171 465 44 421
1581509957 466 44 422
1581513139 467 44 423
1581546660 468 44 424
1581581725 469 45 424
1581582731 470 45 425
1581585241 471 45 426
1581585824 472 45 427
1581594387 473 46 427
1581610854 474 46 428
1581612353 475 46 429
1581635783 476 46 430
1581646190 477 46 431
1581679386 478 46 432
1581763985 478 47 431
1581770395 479 47 432
1581771472 480 47 433
1581772653 480 48 432
1581798034 481 48 433
1581815667 481 49 432
1581884638 482 49 433
1581924361 483 49 434
1581943066 484 49 435
1581953185 485 49 436
1581983608 486 49 437
1581998295 487 49 438
1582116561 488 49 439
1582141950 489 49 440
1582220672 490 49 441
1582272984 491 49 442
1582282745 492 49 443
1582284629 493 49 444
1582297797 493 50 443
1582305253 493 51 442
1582326576 494 51 443
1582377942 495 51 444
1582383005 495 52 443
1582385296 496 52 444
1582390772 497 52 445
1582391951 498 52 446
1582396817 499 52 447
1582400298 499 53 446
1582402425 500 53 447
1582410431 501 53 448
1582420665 502 53 449
1582423902 503 53 450
1582456071 504 53 451
1582457845 505 54 451
1582461884 506 54 452
1582463236 507 54 453
1582470192 507 55 452
1582481657 507 56 451
1582482830 508 56 452
1582483015 509 56 453
1582495509 509 57 452
1582497493 510 57 453
1582497549 511 57 454
1582505683 511 58 453
1582535958 512 58 454
1582537820 513 58 455
1582541025 514 58 456
1582541375 515 58 457
1582543938 515 59 456
1582544318 516 60 456
1582546289 517 60 457
1582547431 518 60 458
1582549050 519 60 459
1582549138 520 60 460
1582549914 521 60 461
1582554319 522 60 462
1582555618 523 60 463
1582555659 524 60 464
1582555762 525 60 465
1582558310 526 60 466
1582558442 527 60 467
1582559505 528 60 468
1582561004 529 60 469
1582561573 530 60 470
1582561978 531 60 471
1582562195 532 60 472
1582562717 533 60 473
1582563983 534 60 474
1582565270 535 60 475
1582565759 536 60 476
1582568627 537 60 477
1582571134 538 60 478
1582573286 539 60 479
1582573993 540 60 480
1582575979 541 60 481
1582581666 542 60 482
1582598944 543 60 483
1582614333 544 60 484
1582615975 545 60 485
1582620595 546 60 486
1582622443 547 60 487
1582627726 548 60 488
1582628433 548 61 487
1582628613 549 61 488
1582629053 550 61 489
1582630446 551 61 490
1582630853 552 61 491
1582631966 553 61 492
1582633462 554 61 493
1582638628 555 62 493
1582638763 556 62 494
1582640340 557 62 495
1582641162 558 62 496
1582642459 559 62 497
1582643188 560 62 498
1582645706 561 62 499
1582646299 562 62 500
1582648592 563 62 501
1582650461 564 62 502
1582651225 565 62 503
1582655012 566 62 504
1582655306 567 62 505
1582655367 568 62 506
1582659266 569 62 507
1582659301 570 62 508
1582662828 571 62 509
1582665550 572 62 510
1582666546 573 62 511
1582668436 574 62 512
1582673226 575 62 513
1582673343 576 63 513
1582673658 576 64 512
1582702480 577 65 512
1582712684 578 65 513
1582714369 579 65 514
1582715238 580 65 515
1582715729 581 65 516
1582716039 582 65 517
1582717298 583 65 518
1582720744 584 65 519
1582722355 585 65 520
1582724283 586 65 521
1582724605 587 65 522
1582725429 588 65 523
1582728811 589 65 524
1582730322 590 65 525
1582731038 590 66 524
1582732492 591 66 525
1582732619 592 67 525
1582732714 593 67 526
1582733327 593 68 525
1582733528 594 68 526
1582734922 595 68 527
1582735067 596 68 528
1582735408 597 68 529
1582735601 598 68 530
1582736182 599 68 531
1582737595 600 68 532
1582738899 601 68 533
1582739226 602 68 534
1582740609 603 68 535
1582744299 604 69 535
1582745431 605 69 536
1582747271 606 69 537
1582750213 606 70 536
1582752458 607 70 537
1582753999 608 70 538
1582754587 609 70 539
1582754765 610 70 540
1582755496 611 70 541
1582781146 612 70 542
1582785858 613 70 543
1582786046 614 70 544
1582795284 615 70 545
1582797060 616 70 546
1582797451 617 70 547
1582797889 618 70 548
1582799164 619 70 549
1582801259 620 70 550
1582802861 621 70 551
1582803516 622 70 552
1582805661 623 70 553
1582806431 624 70 554
1582809112 625 70 555
1582809645 626 70 556
1582810821 627 70 557
1582811578 628 71 557
1582811752 629 71 558
1582818178 630 71 559
1582822971 631 71 560
1582826009 632 71 561
1582827871 633 71 562
1582833326 634 71 563
1582836786 635 71 564
1582837282 636 71 565
1582838314 637 71 566
1582838841 638 71 567
1582839768 639 71 568
1582841199 640 71 569
1582841279 641 71 570
1582842132 642 71 571
1582843507 643 71 572
1582843895 644 71 573
1582846870 645 71 574
1582847664 646 71 575
1582849603 647 71 576
1582851554 648 71 577
1582854281 649 71 578
1582855276 649 72 577
1582870865 650 72 578
1582872089 651 72 579
1582873197 652 72 580
1582876968 653 72 581
1582879735 654 72 582
1582880484 655 72 583
1582880893 656 72 584
1582882183 657 72 585
1582882889 658 72 586
1582883419 658 73 585
1582883645 659 73 586
1582883970 660 73 587
1582884112 661 73 588
1582885933 661 74 587
1582886279 662 74 588
1582886664 663 74 589
1582887068 664 74 590
1582888323 665 74 591
1582888836 666 74 592
1582889001 667 74 593
1582890578 668 74 594
1582891735 669 74 595
1582893249 670 74 596
1582894109 671 74 597
1582897018 672 74 598
1582899158 673 74 599
1582899172 674 74 600
1582900772 675 74 601
1582901583 676 74 602
1582901972 677 74 603
1582902555 678 74 604
1582903999 679 74 605
1582906321 680 74 606
1582909276 681 74 607
1582911754 682 74 608
1582911812 682 75 607
1582912062 683 76 607
1582913556 684 76 608
1582918759 685 76 609
1582918892 686 76 610
1582919023 687 76 611
1582919717 688 76 612
1582920244 689 76 613
1582922532 689 77 612
1582922689 690 77 613
1582923317 691 77 614
1582923575 692 77 615
1582923783 693 77 616
1582928171 694 77 617
1582931983 695 77 618
1582933156 696 77 619
1582935651 697 77 620
1582939292 698 77 621
1582957039 699 78 621
1582959634 700 78 622
1582960509 701 78 623
1582962218 702 78 624
1582962507 703 78 625
1582967196 704 78 626
1582972173 705 78 627
1582973475 706 78 628
1582974341 707 78 629
1582976265 708 78 630
1582976268 709 78 631
1582978340 710 78 632
1582986017 711 78 633
1582986686 712 78 634
1582987636 713 78 635
1582990379 714 78 636
1582990926 715 78 637
1582991655 715 79 636
1582992395 716 79 637
1582992628 717 79 638
1582993180 718 79 639
1582994276 719 79 640
1582998494 720 79 641
1582999454 720 80 640
1582999938 721 80 641
1583000348 722 80 642
1583000756 723 81 642
1583002524 724 81 643
1583005014 725 81 644
1583005185 726 81 645
1583005572 727 81 646
1583006131 728 81 647
1583006155 729 81 648
1583006481 730 81 649
1583010269 731 81 650
1583010636 732 81 651
1583010946 733 81 652
1583011724 734 81 653
1583013290 735 81 654
1583013644 736 81 655
1583015969 737 81 656
1583017232 738 81 657
1583018787 739 81 658
1583021646 740 81 659
1583044078 741 81 660
1583049042 742 81 661
1583055749 742 82 660
1583058550 743 82 661
1583061724 744 82 662
1583062578 745 82 663
1583065191 746 82 664
1583072042 747 82 665
1583074110 748 82 666
1583077462 749 82 667
1583080027 750 82 668
1583082260 751 82 669
1583083304 752 82 670
1583084335 753 82 671
1583085795 754 82 672
1583087673 755 82 673
1583089711 756 82 674
1583090422 757 82 675
1583090849 758 82 676
1583091164 759 82 677
1583091777 760 82 678
1583091915 761 82 679
1583093498 762 82 680
1583093790 763 82 681
1583093841 764 82 682
1583095000 765 82 683
1583100276 766 82 684
1583100396 767 82 685
1583101696 768 82 686
1583102192 769 82 687
1583103340 770 82 688
1583105552 771 82 689
1583108849 772 82 690
1583115640 773 82 691
1583131695 774 82 692
1583132180 775 83 692
1583132608 776 83 693
1583136924 777 83 694
1583142250 778 83 695
1583143474 778 84 694
1583143847 779 84 695
1583148676 780 84 696
1583148926 781 84 697
1583151672 782 84 698
1583151695 783 84 699
1583151823 784 84 700
1583153334 785 84 701
1583154010 786 84 702
1583155665 787 84 703
1583155695 788 84 704
1583156047 789 84 705
1583157797 790 84 706
1583158490 791 84 707
1583159875 792 84 708
1583160067 793 85 708
1583162859 794 85 709
1583164380 795 85 710
1583165324 796 85 711
1583166187 797 85 712
1583167820 798 85 713
1583168212 799 85 714
1583168388 800 85 715
1583168876 801 85 716
1583170301 802 85 717
1583170607 803 86 717
1583170657 804 86 718
1583176121 805 86 719
1583176819 806 86 720
1583181768 807 86 721
1583184677 808 86 722
1583184726 809 86 723
1583184797 810 86 724
1583185240 811 87 724
1583186026 812 87 725
1583186484 813 87 726
1583186961 814 87 727
1583187874 815 87 728
1583189093 816 87 729
1583189296 816 88 728
1583190945 817 88 729
1583192071 817 89 728
1583193331 818 89 729
1583193843 819 89 730
1583196207 820 89 731
1583198653 821 89 732
1583220371 822 89 733
1583226444 823 89 734
1583228104 823 90 733
1583228639 824 90 734
1583233159 825 90 735
1583235269 826 90 736
1583238361 827 90 737
1583238806 828 90 738
1583239491 829 90 739
1583239723 830 90 740
1583240739 831 90 741
1583241226 832 90 742
1583244336 833 90 743
1583246002 834 90 744
1583246120 834 91 743
1583246336 835 91 744
1583247714 836 91 745
1583249219 837 92 745
1583249276 838 92 746
1583249692 838 93 745
1583254819 839 93 746
1583255173 840 93 747
1583257851 841 93 748
1583260664 842 93 749
1583261701 843 94 749
1583265172 844 95 749
1583265571 845 95 750
1583265761 846 95 751
1583266056 847 95 752
1583266872 848 95 753
1583268079 849 95 754
1583269982 850 95 755
1583271259 851 95 756
1583271873 852 95 757
1583278055 853 95 758
1583279920 854 95 759
1583306960 855 96 759
1583307812 856 96 760
1583312153 857 96 761
1583316804 858 96 762
1583317177 858 97 761
1583317287 859 97 762
1583317526 860 97 763
1583322666 861 97 764
1583323546 862 97 765
1583324701 863 97 766
1583326008 864 97 767
1583326796 865 97 768
1583326851 866 97 769
1583329707 867 97 770
1583329766 868 97 771
1583332387 869 97 772
1583332629 869 98 771
1583333553 870 98 772
1583333785 871 99 772
1583335222 872 99 773
1583335783 873 99 774
1583337199 874 99 775
1583337975 875 99 776
1583338335 876 100 776
1583344069 877 100 777
1583346646 878 100 778
1583347076 879 100 779
1583348858 880 100 780
1583350184 881 101 780
1583351101 881 102 779
1583352957 882 102 780
1583353853 883 102 781
1583359476 884 102 782
1583359624 885 102 783
1583364588 886 102 784
1583372542 887 103 784
1583380549 888 104 784
1583387023 889 104 785
1583390165 890 104 786
1583391427 891 104 787
1583396050 892 104 788
1583397004 893 104 789
1583398157 894 104 790
1583398264 895 104 791
1583399990 896 104 792
1583401182 896 105 791
1583402131 897 105 792
1583404628 898 106 792
1583404933 899 107 792
1583405206 900 107 793
1583405779 901 107 794
1583407969 902 107 795
1583410520 903 107 796
1583410746 904 107 797
1583410899 904 108 796
1583411088 905 108 797
1583411412 905 109 796
1583413297 906 109 797
1583413520 907 109 798
1583415044 907 110 797
1583415867 908 110 798
1583417396 909 110 799
1583420357 910 111 799
1583421541 911 112 799
1583423911 912 112 800
1583425307 912 113 799
1583425391 913 113 800
1583426054 914 113 801
1583426515 915 113 802
1583428076 916 113 803
1583431629 917 113 804
1583432622 918 114 804
1583432997 919 114 805
1583434109 920 114 806
1583437042 921 114 807
1583437268 922 114 808
1583437934 923 114 809
1583438645 924 114 810
1583439390 925 115 810
1583440606 926 115 811
1583442074 927 115 812
1583444599 928 116 812
1583444894 929 116 813
1583446175 930 116 814
1583448634 931 116 815
1583451252 932 116 816
1583455362 933 116 817
1583456117 934 116 818
1583460415 935 116 819
1583460686 935 117 818
1583476393 936 117 819
1583481795 937 117 820
1583482837 938 117 821
1583486516 939 117 822
1583487723 940 117 823
1583487750 941 117 824
1583488161 942 117 825
1583489104 943 117 826
1583489620 944 117 827
1583490809 945 117 828
1583491793 946 117 829
1583493356 947 117 830
1583494195 948 118 830
1583494710 948 119 829
1583495923 948 120 828
1583498447 949 121 828
1583500140 949 122 827
1583500372 950 122 828
1583502357 951 122 829
1583502776 952 122 830
1583502942 953 122 831
1583503109 954 122 832
1583504046 955 122 833
1583504220 956 122 834
1583506390 957 122 835
1583506817 958 122 836
1583507314 958 123 835
1583507778 959 123 836
1583507851 960 123 837
1583508542 961 123 838
1583512801 962 124 838
1583516683 963 124 839
1583518309 964 124 840
1583521109 964 125 839
1583521633 965 126 839
1583523014 966 126 840
1583523508 967 126 841
1583525044 968 126 842
1583525210 969 126 843
1583526375 970 126 844
1583531166 971 127 844
1583533921 972 127 845
1583538214 973 127 846
1583539557 974 127 847
1583543124 975 127 848
1583548163 976 127 849
1583566841 976 128 848
1583570868 977 128 849
1583572314 978 128 850
1583572469 979 128 851
1583574314 980 128 852
1583580628 981 128 853
1583584152 982 128 854
1583584677 983 128 855
1583587384 984 128 856
1583589852 985 128 857
1583594211 986 128 858
1583594830 986 129 857
1583596315 987 129 858
1583599326 988 129 859
1583600255 988 130 858
1583601605 989 130 859
1583604168 990 130 860
1583608959 991 130 861
1583609464 992 130 862
1583611726 993 130 863
1583613775 994 130 864
1583614769 995 130 865
1583614870 996 130 866
1583615655 997 130 867
1583616071 998 130 868
1583619428 999 130 869
1583624422 999 131 868
1583625565 1000 132 868
1583625739 1001 132 869
1583633920 1002 132 870
1583637915 1003 132 871
1583638146 1004 132 872
1583646243 1005 133 872
1583655198 1006 133 873
1583660557 1007 133 874
1583662122 1008 133 875
1583663416 1009 133 876
1583667935 1010 134 876
1583669007 1011 134 877
1583669446 1011 135 876
1583670517 1012 136 876
1583672828 1013 136 877
1583673059 1014 136 878
1583673226 1015 136 879
1583675607 1016 136 880
1583676446 1016 137 879
1583677825 1016 138 878
1583679377 1017 138 879
1583680251 1018 138 880
1583680914 1019 138 881
1583684085 1020 138 882
1583685229 1021 138 883
1583690335 1022 138 884
1583691520 1022 139 883
1583692576 1023 139 884
1583694339 1024 139 885
1583696359 1025 139 886
1583696780 1026 139 887
1583699910 1027 139 888
1583700177 1028 139 889
1583702115 1028 140 888
1583703376 1029 140 889
1583703907 1029 141 888
1583706195 1030 141 889
1583706383 1031 141 890
1583706602 1032 141 891
1583709824 1033 141 892
1583711113 1034 142 892
1583712011 1034 143 891
1583713283 1035 144 891
1583715360 1036 145 891
1583724944 1037 145 892
1583734573 1038 145 893
1583737708 1039 145 894
1583744677 1040 145 895
1583744788 1041 145 896
1583745880 1042 145 897
1583746584 1043 146 897
1583749610 1043 147 896
1583755915 1044 147 897
1583757348 1045 147 898
1583757420 1046 147 899
1583761852 1047 147 900
1583762414 1048 147 901
1583763398 1049 147 902
1583763567 1050 147 903
1583764156 1050 148 902
1583767396 1051 148 903
1583768343 1052 149 903
1583768722 1053 149 904
1583770805 1054 149 905
1583771803 1055 150 905
1583771869 1056 150 906
1583772231 1057 150 907
1583772333 1058 150 908
1583772465 1059 151 908
1583776537 1060 151 909
1583778825 1061 151 910
1583782810 1062 152 910
1583782888 1063 152 911
1583783036 1063 153 910
1583784344 1064 153 911
1583785090 1065 153 912
1583785928 1066 154 912
1583786999 1067 154 913
1583787396 1068 154 914
1583790111 1069 154 915
1583790496 1070 154 916
1583791485 1071 154 917
1583794288 1072 154 918
1583794469 1072 155 917
1583795516 1073 155 918
1583799918 1074 155 919
1583800180 1075 155 920
1583800460 1076 155 921
1583801264 1077 155 922
1583816476 1078 155 923
1583826500 1079 155 924
1583827615 1080 155 925
1583830685 1081 155 926
1583832091 1082 155 927
1583832986 1083 155 928
1583834461 1084 155 929
1583836407 1085 155 930
1583839480 1086 156 930
1583839881 1087 156 931
1583840635 1088 157 931
1583841059 1089 158 931
1583842421 1090 158 932
1583843509 1091 158 933
1583844279 1091 159 932
1583844807 1092 159 933
1583844963 1093 159 934
1583847478 1094 160 934
1583848213 1095 160 935
1583849807 1096 160 936
1583853754 1097 160 937
1583855305 1098 161 937
1583855713 1099 161 938
1583856640 1099 162 937
1583858352 1099 163 936
1583859888 1100 163 937
1583863946 1101 164 937
1583865779 1102 164 938
1583866945 1103 164 939
1583870780 1104 164 940
1583871132 1104 165 939
1583871684 1105 165 940
1583878710 1105 166 939
1583879120 1105 167 938
1583879941 1105 168 937
1583892066 1105 169 936
1583898259 1106 169 937
1583911358 1107 169 938
1583912331 1108 169 939
1583912791 1108 170 938
1583912883 1109 170 939
1583913184 1110 170 940
1583916382 1111 170 941
1583918962 1112 170 942
1583920638 1113 171 942
1583922046 1114 171 943
1583930823 1114 172 942
1583931353 1115 172 943
1583932692 1115 173 942
1583933197 1116 173 943
1583934954 1117 174 943
1583937801 1118 174 944
1583938691 1118 175 943
1583940791 1119 175 944
1583941386 1120 175 945
1583945865 1121 175 946
1583947908 1122 175 947
1583949421 1123 175 948
1583949647 1124 175 949
1583951652 1125 175 950
1583952568 1126 175 951
1583953323 1127 175 952
1583954390 1128 175 953
1583954753 1129 175 954
1583957008 1130 175 955
1583958576 1131 175 956
1583961415 1132 175 957
1583961419 1133 175 958
1583961950 1134 175 959
1583963329 1135 175 960
1583963615 1136 175 961
1583964215 1137 175 962
1583965735 1138 175 963
1583968352 1139 175 964
1583969483 1140 175 965
1583969544 1141 175 966
1583970080 1142 175 967
1583970214 1142 176 966
1583970439 1142 177 965
1583971804 1143 178 965
1583973557 1144 178 966
1583974878 1145 178 967
1583976073 1146 179 967
1583980767 1147 179 968
1583980807 1148 179 969
1583988858 1149 179 970
1583989126 1150 180 970
1583992428 1151 180 971
1583998732 1152 180 972
1584000090 1153 180 973
1584000892 1154 180 974
1584001484 1155 180 975
1584003074 1156 180 976
1584003794 1157 180 977
1584007557 1158 181 977
1584007776 1159 181 978
1584008348 1160 181 979
1584009266 1161 181 980
1584009297 1162 181 981
1584009316 1163 181 982
1584009865 1164 181 983
1584011401 1165 181 984
1584011732 1165 182 983
1584012897 1166 182 984
1584013359 1167 183 984
1584013582 1168 183 985
1584014054 1168 184 984
1584014076 1169 184 985
1584014524 1169 185 984
1584017842 1170 185 985
1584019384 1171 186 985
1584020001 1172 187 985
1584021612 1173 187 986
1584022009 1174 187 987
1584022269 1175 187 988
1584023750 1175 188 987
1584023796 1175 189 986
1584024031 1176 189 987
1584025706 1177 189 988
1584025998 1178 189 989
1584029582 1179 190 989
1584030426 1180 190 990
1584030778 1181 190 991
1584033341 1182 190 992
1584033602 1183 190 993
1584033901 1183 191 992
1584033976 1183 192 991
1584034509 1183 193 990
1584034728 1183 194 989
1584035120 1184 194 990
1584036545 1185 194 991
1584039510 1186 194 992
1584039668 1187 194 993
1584040451 1188 194 994
1584041336 1189 194 995
1584042253 1190 194 996
1584042361 1191 194 997
1584042823 1192 194 998
1584043275 1193 194 999
1584043316 1194 194 1000
1584043330 1195 194 1001
1584043351 1196 194 1002
1584043367 1197 194 1003
1584043391 1198 194 1004
1584043427 1199 194 1005
1584043476 1200 195 1005
1584043515 1201 195 1006
1584043579 1201 196 1005
1584043631 1202 196 1006
1584043646 1203 196 1007
1584043738 1204 196 1008
1584043765 1205 196 1009
1584043816 1206 196 1010
1584044318 1207 197 1010
1584044373 1208 198 1010
1584044405 1209 198 1011
1584044722 1210 198 1012
1584044771 1210 199 1011
1584044814 1211 199 1012
1584044872 1212 199 1013
1584045196 1213 199 1014
1584045197 1213 200 1013
1584045216 1214 201 1013
1584045454 1215 201 1014
1584045733 1216 201 1015
1584047255 1217 201 1016
1584047733 1218 201 1017
1584047857 1219 201 1018
1584047957 1220 201 1019
1584048272 1221 201 1020
1584048352 1221 202 1019
1584048799 1222 203 1019
1584048984 1223 203 1020
1584049489 1224 203 1021
1584049823 1225 203 1022
1584049956 1225 204 1021
1584050059 1226 204 1022
1584050165 1227 204 1023
1584050949 1228 204 1024
1584051150 1229 205 1024
1584051350 1230 205 1025
1584052701 1231 205 1026
1584052927 1232 205 1027
1584053131 1233 205 1028
1584054673 1233 206 1027
1584054807 1234 206 1028
1584055601 1235 206 1029
1584055645 1236 206 1030
1584056053 1237 206 1031
1584057057 1238 206 1032
1584057757 1239 206 1033
1584058197 1239 207 1032
1584058218 1239 208 1031
1584058901 1240 208 1032
1584059485 1241 208 1033
1584059534 1241 209 1032
1584059849 1242 209 1033
1584060080 1243 209 1034
1584071834 1244 209 1035
1584075439 1245 209 1036
1584078894 1245 210 1035
1584079510 1246 210 1036
1584079568 1247 210 1037
1584080401 1248 210 1038
1584080793 1248 211 1037
1584081554 1249 212 1037
1584082531 1250 212 1038
1584083341 1251 212 1039
1584084281 1251 213 1038
1584085765 1251 214 1037
1584086879 1251 215 1036
1584086989 1251 216 1035
1584087096 1252 217 1035
1584088091 1253 217 1036
1584088150 1254 217 1037
1584089990 1254 218 1036
1584090231 1255 218 1037
1584091257 1256 218 1038
1584091837 1256 219 1037
1584092550 1257 219 1038
1584093655 1258 219 1039
1584094450 1259 219 1040
1584094897 1259 220 1039
1584094972 1259 221 1038
1584095317 1260 221 1039
1584096938 1261 221 1040
1584098998 1262 222 1040
1584100275 1263 222 1041
1584101571 1263 223 1040
1584101767 1264 223 1041
1584102150 1265 223 1042
1584102189 1265 224 1041
1584102244 1265 225 1040
1584102553 1266 225 1041
1584103709 1266 226 1040
1584103898 1266 227 1039
1584104796 1267 227 1040
1584105279 1268 227 1041
1584106094 1269 227 1042
1584106438 1270 227 1043
1584106816 1271 227 1044
1584107665 1272 227 1045
1584109342 1272 228 1044
1584109653 1273 228 1045
1584110896 1274 228 1046
1584111736 1274 229 1045
1584111891 1275 229 1046
1584113521 1275 230 1045
1584114441 1276 231 1045
1584114458 1277 231 1046
1584114743 1277 232 1045
1584114937 1278 232 1046
1584117027 1278 233 1045
1584118451 1279 233 1046
1584119351 1280 233 1047
1584120060 1280 234 1046
1584120803 1281 234 1047
1584122433 1282 234 1048
1584122583 1283 234 1049
1584124407 1283 235 1048
1584125525 1284 235 1049
1584125721 1285 236 1049
1584125944 1286 236 1050
1584126229 1287 236 1051
1584127174 1288 236 1052
1584127716 1289 236 1053
1584128617 1290 236 1054
1584129430 1291 236 1055
1584130040 1291 237 1054
1584131970 1292 237 1055
1584132939 1293 237 1056
1584133610 1294 237 1057
1584135937 1295 237 1058
1584136241 1296 237 1059
1584136491 1297 237 1060
1584136753 1298 237 1061
1584137422 1299 237 1062
1584137585 1300 238 1062
1584137812 1301 238 1063
1584137986 1302 238 1064
1584138104 1303 239 1064
1584139076 1303 240 1063
1584139102 1304 240 1064
1584139428 1304 241 1063
1584140004 1305 241 1064
1584141095 1306 242 1064
1584142729 1306 243 1063
1584145853 1307 243 1064
1584147330 1308 243 1065
1584149891 1309 243 1066
1584162471 1309 244 1065
1584166434 1310 244 1066
1584176087 1311 244 1067
1584177771 1312 244 1068
1584179949 1313 244 1069
1584181088 1314 245 1069
1584181360 1315 245 1070
1584181985 1316 245 1071
1584183437 1317 245 1072
1584184029 1318 245 1073
1584184613 1319 245 1074
1584186496 1320 245 1075
1584186875 1321 245 1076
1584187272 1322 245 1077
1584189358 1323 246 1077
1584189688 1324 246 1078
1584190967 1325 246 1079
1584192597 1325 247 1078
1584192993 1326 247 1079
1584193804 1327 248 1079
1584194806 1328 249 1079
1584196516 1329 249 1080
1584196519 1330 249 1081
1584196982 1331 249 1082
1584197030 1332 249 1083
1584198538 1333 249 1084
1584199975 1333 250 1083
1584201100 1334 250 1084
1584201823 1335 250 1085
1584202022 1335 251 1084
1584202937 1336 251 1085
1584203493 1337 251 1086
1584206679 1337 252 1085
1584207487 1338 252 1086
1584209232 1339 252 1087
1584209496 1340 253 1087
1584209943 1341 253 1088
1584210304 1341 254 1087
1584212096 1342 254 1088
1584213881 1343 254 1089
1584214174 1344 254 1090
1584214618 1345 255 1090
1584215183 1345 256 1089
1584215222 1346 256 1090
1584215272 1347 256 1091
1584215574 1348 256 1092
1584215953 1349 256 1093
1584216016 1350 256 1094
1584216111 1351 256 1095
1584217017 1352 257 1095
1584217074 1353 257 1096
1584217468 1354 257 1097
1584217510 1355 257 1098
1584217584 1356 257 1099
1584217661 1357 257 1100
1584217728 1358 257 1101
1584217938 1359 257 1102
1584218130 1360 257 1103
1584218398 1361 257 1104
1584218437 1362 257 1105
1584218595 1362 258 1104
1584218609 1363 258 1105
1584218747 1364 258 1106
1584218752 1365 258 1107
1584218757 1366 258 1108
1584218921 1367 258 1109
1584218926 1368 258 1110
1584218983 1368 259 1109
1584219041 1368 260 1108
1584219054 1369 260 1109
1584219264 1369 261 1108
1584219306 1370 262 1108
1584219668 1370 263 1107
1584219923 1371 263 1108
1584220291 1372 264 1108
1584220401 1373 264 1109
1584220750 1374 264 1110
1584220857 1375 265 1110
1584220896 1376 265 1111
1584221024 1376 266 1110
1584221080 1377 266 1111
1584221491 1378 266 1112
1584221565 1379 266 1113
1584221656 1380 267 1113
1584221664 1381 267 1114
1584221734 1382 267 1115
1584222221 1383 267 1116
1584222342 1384 267 1117
1584222407 1385 267 1118
1584223121 1386 267 1119
1584223446 1387 267 1120
1584223522 1388 267 1121
1584223806 1389 267 1122
1584224552 1390 267 1123
1584224728 1391 267 1124
1584225157 1392 267 1125
1584225463 1393 267 1126
1584225803 1393 268 1125
1584225948 1394 268 1126
1584226030 1395 268 1127
1584226387 1396 268 1128
1584226730 1397 268 1129
1584227310 1398 268 1130
1584228224 1399 268 1131
1584228448 1400 268 1132
1584228655 1401 268 1133
1584228709 1402 269 1133
1584228762 1403 270 1133
1584229107 1403 271 1132
1584230402 1403 272 1131
1584230471 1404 272 1132
1584230508 1405 272 1133
1584230633 1406 272 1134
1584231105 1407 272 1135
1584231127 1408 272 1136
1584231787 1408 273 1135
1584231836 1409 273 1136
1584232760 1410 273 1137
1584233485 1411 273 1138
1584233602 1412 273 1139
1584234405 1413 273 1140
1584234754 1413 274 1139
1584235319 1414 274 1140
1584235329 1415 274 1141
1584235456 1416 274 1142
1584235846 1417 274 1143
1584236160 1418 274 1144
1584237774 1419 274 1145
1584243269 1419 275 1144
1584252017 1420 275 1145
1584254250 1421 276 1145
1584256800 1422 276 1146
1584258453 1423 276 1147
1584259587 1424 276 1148
1584259794 1425 276 1149
1584259941 1426 276 1150
1584261510 1427 277 1150
1584261600 1428 277 1151
1584261735 1429 277 1152
1584263044 1430 277 1153
1584263125 1431 277 1154
1584263314 1432 277 1155
1584263727 1433 277 1156
1584264458 1433 278 1155
1584265334 1434 278 1156
1584266719 1435 278 1157
1584267366 1436 278 1158
1584267732 1436 279 1157
1584268067 1437 279 1158
1584268285 1438 279 1159
1584268451 1439 279 1160
1584268453 1440 279 1161
1584269354 1441 279 1162
1584269669 1441 280 1161
1584271431 1442 280 1162
1584271621 1443 280 1163
1584271870 1444 280 1164
1584271991 1445 280 1165
1584272080 1446 280 1166
1584272379 1447 280 1167
1584272453 1448 280 1168
1584273427 1449 280 1169
1584273705 1450 280 1170
1584273731 1451 280 1171
1584273797 1452 280 1172
1584273824 1453 280 1173
1584274228 1454 280 1174
1584275060 1455 280 1175
1584275106 1456 280 1176
1584275526 1457 280 1177
1584276423 1458 281 1177
1584276761 1458 282 1176
1584277364 1459 282 1177
1584279118 1460 282 1178
1584280143 1461 282 1179
1584280207 1462 283 1179
1584280658 1463 284 1179
1584280812 1463 285 1178
1584281015 1464 285 1179
1584281672 1464 286 1178
1584282464 1464 287 1177
1584282583 1465 287 1178
1584282818 1466 287 1179
1584283191 1467 287 1180
1584284060 1468 287 1181
1584284093 1469 287 1182
1584285493 1470 287 1183
1584285623 1470 288 1182
1584286075 1470 289 1181
1584286721 1471 290 1181
1584287018 1472 290 1182
1584287107 1473 290 1183
1584287216 1473 291 1182
1584287449 1474 291 1183
1584287556 1475 291 1184
1584288969 1476 291 1185
1584289090 1476 292 1184
1584289329 1476 293 1183
1584289446 1477 293 1184
1584290342 1478 293 1185
1584291410 1479 293 1186
1584291824 1480 293 1187
1584292255 1481 293 1188
1584292483 1482 293 1189
1584292899 1483 294 1189
1584292998 1484 295 1189
1584293260 1485 295 1190
1584293396 1486 295 1191
1584293589 1487 296 1191
1584293641 1488 296 1192
1584293788 1489 296 1193
1584294018 1490 296 1194
1584294123 1491 297 1194
1584294397 1492 297 1195
1584294643 1493 297 1196
1584294775 1494 297 1197
1584295196 1495 297 1198
1584295349 1496 297 1199
1584295423 1496 298 1198
1584295439 1496 299 1197
1584295528 1497 299 1198
1584295551 1498 299 1199
1584296028 1499 299 1200
1584296132 1500 300 1200
1584296615 1500 301 1199
1584297020 1501 301 1200
1584297051 1502 302 1200
1584297172 1503 302 1201
1584298000 1503 303 1200
1584298008 1503 304 1199
1584298096 1504 304 1200
1584298541 1505 304 1201
1584299300 1506 305 1201
1584299330 1507 305 1202
1584299397 1507 306 1201
1584299433 1508 306 1202
1584299743 1508 307 1201
1584300024 1509 307 1202
1584300239 1510 307 1203
1584300878 1510 308 1202
1584301560 1511 308 1203
1584301598 1512 308 1204
1584302599 1513 308 1205
1584303026 1513 309 1204
1584303481 1514 309 1205
1584303737 1515 309 1206
1584304546 1517 309 1208
1584304546 1517 309 1208
1584304863 1518 309 1209
1584304882 1519 309 1210
1584305241 1520 309 1211
1584305456 1521 309 1212
1584305853 1521 310 1211
1584305965 1522 310 1212
1584306014 1523 310 1213
1584306050 1523 311 1212
1584306689 1524 311 1213
1584307247 1525 312 1213
1584307335 1526 312 1214
1584307473 1527 313 1214
1584308454 1528 313 1215
1584308568 1528 314 1214
1584309219 1529 314 1215
1584310057 1530 314 1216
1584310339 1531 314 1217
1584310654 1532 315 1217
1584310953 1533 315 1218
1584311800 1534 315 1219
1584311899 1535 315 1220
1584311959 1536 315 1221
1584311974 1536 316 1220
1584311980 1536 317 1219
1584312368 1537 318 1219
1584312433 1538 318 1220
1584312637 1539 319 1220
1584312895 1539 320 1219
1584313412 1540 320 1220
1584313855 1541 320 1221
1584314495 1542 320 1222
1584314586 1543 320 1223
1584315039 1544 320 1224
1584317224 1544 321 1223
1584317532 1544 322 1222
1584318455 1544 323 1221
1584318635 1545 323 1222
1584319413 1545 324 1221
1584319621 1545 325 1220
1584320675 1546 325 1221
1584322414 1546 326 1220
1584322907 1547 326 1221
1584322974 1548 327 1221
1584324385 1549 328 1221
1584325782 1550 328 1222
1584328180 1550 329 1221
1584328234 1551 330 1221
1584328789 1552 330 1222
1584329646 1553 331 1222
1584330564 1553 332 1221
1584330838 1553 333 1220
1584332204 1553 334 1219
1584335305 1554 334 1220
1584339301 1555 334 1221
1584339578 1555 335 1220
1584341464 1556 336 1220
1584342243 1557 336 1221
1584342803 1558 336 1222
1584344641 1559 337 1222
1584344840 1560 337 1223
1584345456 1561 337 1224
1584345854 1561 338 1223
1584346635 1562 338 1224
1584346691 1563 338 1225
1584346900 1563 339 1224
1584346978 1564 339 1225
1584347593 1565 339 1226
1584347607 1566 339 1227
1584347911 1567 339 1228
1584348544 1568 339 1229
1584348810 1569 339 1230
1584349090 1569 340 1229
1584349240 1570 340 1230
1584349615 1571 340 1231
1584350474 1571 341 1230
1584351189 1572 341 1231
1584351422 1573 341 1232
1584352274 1574 341 1233
1584352706 1575 342 1233
1584352806 1576 342 1234
1584353819 1577 342 1235
1584354266 1578 342 1236
1584354402 1579 342 1237
1584355192 1580 342 1238
1584355466 1581 342 1239
1584355923 1582 342 1240
1584356336 1583 342 1241
1584356396 1584 342 1242
1584356462 1585 342 1243
1584356723 1586 342 1244
1584356886 1587 342 1245
1584357079 1588 342 1246
1584357467 1588 343 1245
1584357581 1588 344 1244
1584357590 1589 345 1244
1584357965 1590 345 1245
1584358281 1591 346 1245
1584358295 1592 347 1245
1584358947 1593 347 1246
1584359105 1594 347 1247
1584359226 1594 348 1246
1584359423 1595 349 1246
1584359497 1596 350 1246
1584359592 1597 350 1247
1584359750 1598 350 1248
1584360103 1599 350 1249
1584360150 1600 350 1250
1584360428 1601 350 1251
1584361423 1602 350 1252
1584361483 1602 351 1251
1584362027 1603 351 1252
1584362632 1604 351 1253
1584362677 1605 352 1253
1584362847 1606 352 1254
1584362882 1607 353 1254
1584363072 1608 353 1255
1584363080 1608 354 1254
1584363197 1609 354 1255
1584363248 1609 355 1254
1584363815 1610 356 1254
1584364160 1611 356 1255
1584364939 1612 356 1256
1584365561 1613 356 1257
1584365575 1614 356 1258
1584365990 1614 357 1257
1584366264 1614 358 1256
1584366717 1615 358 1257
1584368013 1616 358 1258
1584368017 1617 358 1259
1584368076 1618 358 1260
1584368328 1618 359 1259
1584369276 1618 360 1258
1584369361 1618 361 1257
1584369450 1618 362 1256
1584369862 1619 363 1256
1584369942 1620 363 1257
1584370980 1621 363 1258
1584371232 1622 363 1259
1584371310 1623 364 1259
1584371767 1623 365 1258
1584372010 1624 365 1259
1584372211 1625 365 1260
1584372549 1626 366 1260
1584373252 1626 367 1259
1584373283 1626 368 1258
1584373576 1627 368 1259
1584373657 1627 369 1258
1584373765 1628 369 1259
1584373969 1629 369 1260
1584373996 1630 369 1261
1584374093 1630 370 1260
1584374128 1630 371 1259
1584374308 1630 372 1258
1584374705 1630 373 1257
1584374822 1631 373 1258
1584375396 1632 373 1259
1584375440 1633 374 1259
1584376089 1634 375 1259
1584376233 1635 376 1259
1584376235 1636 376 1260
1584376760 1637 376 1261
1584377004 1638 377 1261
1584377840 1639 378 1261
1584377924 1640 379 1261
1584378048 1641 379 1262
1584378341 1642 379 1263
1584378406 1643 379 1264
1584379259 1644 379 1265
1584379345 1644 380 1264
1584379717 1645 381 1264
1584379972 1646 381 1265
1584379994 1647 381 1266
1584380038 1648 382 1266
1584380851 1648 383 1265
1584382435 1649 383 1266
1584382656 1650 383 1267
1584382672 1651 383 1268
1584382801 1651 384 1267
1584383414 1652 384 1268
1584383468 1652 385 1267
1584383805 1652 386 1266
1584383981 1653 386 1267
1584384311 1654 386 1268
1584384715 1655 386 1269
1584384880 1656 386 1270
1584385060 1657 386 1271
1584385111 1658 386 1272
1584385292 1659 387 1272
1584385630 1660 387 1273
1584385633 1661 387 1274
1584386217 1662 388 1274
1584386768 1663 388 1275
1584386977 1664 388 1276
1584387142 1664 389 1275
1584387555 1665 389 1276
1584388081 1666 390 1276
1584388104 1667 390 1277
1584388317 1668 390 1278
1584388646 1668 391 1277
1584388656 1669 391 1278
1584388677 1670 391 1279
1584389032 1670 392 1278
1584389086 1671 392 1279
1584389105 1671 393 1278
1584389134 1672 393 1279
1584389164 1673 393 1280
1584389209 1673 394 1279
1584389290 1674 395 1279
1584389457 1675 395 1280
1584389629 1676 395 1281
1584389765 1676 396 1280
1584389802 1677 397 1280
1584389937 1678 397 1281
1584390792 1678 398 1280
1584391129 1679 398 1281
1584391646 1680 398 1282
1584391838 1681 399 1282
1584392509 1682 400 1282
1584392522 1682 401 1281
1584392570 1683 401 1282
1584392665 1684 402 1282
1584393432 1685 402 1283
1584393686 1686 402 1284
1584394071 1687 402 1285
1584394099 1687 403 1284
1584394251 1688 404 1284
1584394351 1689 404 1285
1584394426 1689 405 1284
1584395340 1690 405 1285
1584395914 1691 405 1286
1584396782 1692 405 1287
1584396903 1693 405 1288
1584397049 1694 406 1288
1584397062 1694 407 1287
1584397135 1695 407 1288
1584397184 1695 408 1287
1584397235 1696 408 1288
1584397371 1697 408 1289
1584397656 1697 409 1288
1584397807 1697 410 1287
1584398021 1698 410 1288
1584398423 1699 410 1289
1584398612 1700 411 1289
1584398618 1701 412 1289
1584398698 1701 413 1288
1584398809 1702 413 1289
1584399170 1703 413 1290
1584399325 1704 413 1291
1584399535 1704 414 1290
1584399949 1704 415 1289
1584400031 1705 415 1290
1584400404 1706 415 1291
1584400427 1707 415 1292
1584400460 1708 415 1293
1584400543 1708 416 1292
1584400720 1708 417 1291
1584400951 1709 417 1292
1584401321 1710 417 1293
1584401579 1710 418 1292
1584401803 1710 419 1291
1584402511 1711 419 1292
1584402626 1712 419 1293
1584402814 1713 419 1294
1584403377 1714 420 1294
1584403668 1715 420 1295
1584404183 1716 420 1296
1584404481 1716 421 1295
1584404738 1717 422 1295
1584404799 1718 422 1296
1584411037 1719 423 1296
1584411260 1720 424 1296
1584416845 1720 425 1295
1584420174 1720 426 1294
1584425548 1721 426 1295
1584425562 1722 426 1296
1584426658 1722 427 1295
1584428360 1723 427 1296
1584430319 1724 427 1297
1584430471 1725 427 1298
1584431436 1726 427 1299
1584431825 1726 428 1298
1584431867 1727 428 1299
1584432493 1727 429 1298
1584433247 1728 429 1299
1584433268 1728 430 1298
1584433311 1729 431 1298
1584433729 1729 432 1297
1584434399 1729 433 1296
1584434985 1730 433 1297
1584435525 1731 433 1298
1584435979 1731 434 1297
1584436657 1732 434 1298
1584436945 1733 435 1298
1584436949 1733 436 1297
1584436958 1734 436 1298
1584438638 1735 436 1299
1584439057 1736 436 1300
1584441130 1737 436 1301
1584441871 1738 436 1302
1584442072 1739 436 1303
1584443285 1740 436 1304
1584443791 1740 437 1303
1584443821 1740 438 1302
1584443833 1741 439 1302
1584443922 1742 440 1302
1584444322 1743 440 1303
1584444634 1744 440 1304
1584444767 1744 441 1303
1584444816 1744 442 1302
1584445251 1745 443 1302
1584445633 1746 443 1303
1584445914 1746 444 1302
1584446266 1747 444 1303
1584446346 1748 444 1304
1584446451 1748 445 1303
1584447219 1748 446 1302
1584447511 1749 446 1303
1584447611 1750 446 1304
1584447649 1751 446 1305
1584447698 1752 447 1305
1584448352 1753 447 1306
1584448433 1754 447 1307
1584448640 1754 448 1306
1584448666 1755 448 1307
1584449225 1756 448 1308
1584449275 1756 449 1307
1584450078 1757 450 1307
1584450208 1757 451 1306
1584451094 1758 451 1307
1584451843 1759 451 1308
1584452806 1759 452 1307
1584453048 1760 452 1308
1584453779 1760 453 1307
1584453828 1761 454 1307
1584454587 1762 454 1308
1584456251 1763 454 1309
1584456758 1763 455 1308
1584456762 1764 455 1309
1584456864 1765 455 1310
1584457880 1766 455 1311
1584458032 1766 456 1310
1584459051 1767 456 1311
1584459095 1768 457 1311
1584459371 1769 457 1312
1584459663 1770 457 1313
1584459691 1770 458 1312
1584460317 1771 458 1313
1584460331 1772 458 1314
1584461011 1772 459 1313
1584461187 1773 459 1314
1584461236 1773 460 1313
1584461332 1773 461 1312
1584462802 1774 461 1313
1584462843 1775 461 1314
1584463038 1776 461 1315
1584463181 1776 462 1314
1584463321 1777 462 1315
1584463364 1778 463 1315
1584463572 1778 464 1314
1584463592 1779 464 1315
1584464125 1779 465 1314
1584464176 1779 466 1313
1584464619 1780 466 1314
1584465037 1781 466 1315
1584465561 1782 466 1316
1584465596 1782 467 1315
1584465994 1783 468 1315
1584465996 1783 469 1314
1584466028 1784 469 1315
1584466305 1785 469 1316
1584466329 1785 470 1315
1584466376 1786 470 1316
1584466443 1787 470 1317
1584468734 1787 471 1316
1584470849 1788 472 1316
1584472900 1789 472 1317
1584473109 1789 473 1316
1584473887 1790 473 1317
1584474056 1791 473 1318
1584474065 1792 473 1319
1584474341 1793 473 1320
1584474511 1793 474 1319
1584474732 1793 475 1318
1584476057 1793 476 1317
1584476629 1793 477 1316
1584477179 1794 477 1317
1584477502 1794 478 1316
1584478380 1795 479 1316
1584479106 1795 480 1315
1584482613 1796 480 1316
1584482734 1797 481 1316
1584483126 1797 482 1315
1584483980 1798 482 1316
1584485518 1799 482 1317
1584485997 1800 482 1318
1584487023 1800 483 1317
1584487432 1800 484 1316
1584489211 1800 485 1315
1584489264 1801 485 1316
1584489904 1802 485 1317
1584490264 1803 486 1317
1584490642 1804 486 1318
1584491082 1805 486 1319
1584491238 1806 486 1320
1584491596 1807 486 1321
1584492576 1807 487 1320
1584496693 1807 488 1319
1584516458 1808 488 1320
1584518900 1809 488 1321
1584519736 1810 488 1322
1584521381 1811 488 1323
1584521700 1811 489 1322
1584522966 1812 489 1323
1584523173 1813 490 1323
1584523948 1814 491 1323
1584524651 1815 492 1323
1584525126 1816 492 1324
1584525695 1817 493 1324
1584526297 1818 494 1324
1584527151 1819 494 1325
1584527990 1819 495 1324
1584528474 1820 495 1325
1584529149 1820 496 1324
1584530077 1821 497 1324
1584530421 1822 498 1324
1584531754 1823 498 1325
1584531983 1824 498 1326
1584532210 1824 499 1325
1584532310 1825 500 1325
1584532336 1826 500 1326
1584533249 1826 501 1325
1584534747 1826 502 1324
1584534894 1827 502 1325
1584535086 1828 502 1326
1584535092 1829 502 1327
1584535418 1830 502 1328
1584537220 1830 503 1327
1584538648 1831 503 1328
1584539807 1831 504 1327
1584539820 1832 504 1328
1584540049 1833 505 1328
1584540354 1833 506 1327
1584540882 1834 506 1328
1584541085 1835 506 1329
1584542514 1835 507 1328
1584543159 1836 507 1329
1584543688 1837 508 1329
1584543941 1838 508 1330
1584544153 1839 508 1331
1584544402 1840 508 1332
1584544908 1841 508 1333
1584546423 1841 509 1332
1584547426 1842 509 1333
1584547859 1842 510 1332
1584548330 1843 511 1332
1584548445 1844 511 1333
1584548994 1845 511 1334
1584552256 1846 511 1335
1584553192 1847 511 1336
1584553247 1847 512 1335
1584553760 1847 513 1334
1584554057 1848 514 1334
1584554826 1849 514 1335
1584555053 1850 514 1336
1584555817 1851 514 1337
1584556073 1851 515 1336
1584557544 1852 515 1337
1584558535 1852 516 1336
1584558627 1853 516 1337
1584558724 1854 516 1338
1584559186 1855 516 1339
1584559456 1856 516 1340
1584559526 1857 516 1341
1584559590 1857 517 1340
1584560445 1857 518 1339
1584560624 1858 518 1340
1584560989 1858 519 1339
1584561196 1859 519 1340
1584562095 1859 520 1339
1584562554 1860 520 1340
1584562987 1861 520 1341
1584563172 1862 520 1342
1584563644 1863 520 1343
1584563691 1864 520 1344
1584565028 1865 521 1344
1584565405 1866 522 1344
1584565862 1866 523 1343
1584566262 1866 524 1342
1584566371 1867 524 1343
1584566725 1867 525 1342
1584567177 1868 525 1343
1584568495 1869 526 1343
1584569250 1869 527 1342
1584570380 1870 527 1343
1584571226 1871 528 1343
1584571863 1871 529 1342
1584573830 1871 530 1341
1584576814 1871 531 1340
1584578348 1872 531 1341
1584578845 1873 531 1342
1584579271 1874 531 1343
1584583793 1874 532 1342
1584603667 1875 532 1343
1584604036 1876 533 1343
1584604469 1877 533 1344
1584604821 1877 534 1343
1584605428 1877 535 1342
1584606299 1877 536 1341
1584607740 1878 536 1342
1584609691 1878 537 1341
1584610345 1878 538 1340
1584612873 1879 538 1341
1584613092 1879 539 1340
1584613820 1879 540 1339
1584614702 1880 540 1340
1584615646 1880 541 1339
1584615758 1880 542 1338
1584616339 1881 543 1338
1584618923 1882 544 1338
1584619030 1883 545 1338
1584620647 1883 546 1337
1584620707 1884 546 1338
1584620996 1885 547 1338
1584622863 1886 548 1338
1584625355 1887 548 1339
1584630607 1888 548 1340
1584631991 1889 548 1341
1584632885 1890 548 1342
1584633341 1891 548 1343
1584633994 1892 548 1344
1584636600 1893 548 1345
1584636604 1893 549 1344
1584636858 1894 549 1345
1584637159 1895 549 1346
1584638406 1895 550 1345
1584639441 1896 550 1346
1584640741 1897 550 1347
1584641040 1898 551 1347
1584641978 1898 552 1346
1584642278 1898 553 1345
1584642848 1898 554 1344
1584643313 1898 555 1343
1584644573 1899 555 1344
1584645527 1900 556 1344
1584645790 1900 557 1343
1584646067 1900 558 1342
1584649964 1901 559 1342
1584650168 1901 560 1341
1584650606 1901 561 1340
1584650912 1901 562 1339
1584653809 1902 562 1340
1584654639 1902 563 1339
1584655738 1902 564 1338
1584656110 1903 564 1339
1584656499 1904 564 1340
1584657191 1904 565 1339
1584658546 1905 565 1340
1584658935 1905 566 1339
1584660096 1906 566 1340
1584661887 1906 567 1339
1584661944 1906 568 1338
1584665050 1906 569 1337
1584670147 1907 569 1338
1584670993 1907 570 1337
1584677227 1908 570 1338
1584687656 1909 570 1339
1584690136 1910 570 1340
1584690367 1910 571 1339
1584691218 1910 572 1338
1584692267 1911 572 1339
1584693606 1911 573 1338
1584693849 1912 573 1339
1584694018 1913 574 1339
1584694425 1914 574 1340
1584695155 1914 575 1339
1584696732 1914 576 1338
1584696987 1915 576 1339
1584698314 1916 576 1340
1584698530 1916 577 1339
1584698606 1916 578 1338
1584698690 1917 578 1339
1584699077 1918 578 1340
1584699384 1918 579 1339
1584700442 1919 579 1340
1584702105 1920 579 1341
1584702278 1921 579 1342
1584703510 1922 579 1343
1584703810 1923 579 1344
1584704184 1924 579 1345
1584704650 1925 579 1346
1584705182 1925 580 1345
1584705429 1926 580 1346
1584705448 1926 581 1345
1584706213 1926 582 1344
1584706296 1927 582 1345
1584707866 1928 582 1346
1584708698 1928 583 1345
1584709340 1928 584 1344
1584710044 1928 585 1343
1584710739 1929 585 1344
1584711252 1929 586 1343
1584711611 1929 587 1342
1584712099 1930 587 1343
1584713154 1930 588 1342
1584713291 1930 589 1341
1584713561 1930 590 1340
1584714814 1930 591 1339
1584716695 1930 592 1338
1584716945 1931 592 1339
1584717877 1931 593 1338
1584718199 1932 593 1339
1584720083 1933 593 1340
1584720838 1934 594 1340
1584720972 1934 595 1339
1584721897 1935 595 1340
1584722315 1936 595 1341
1584722978 1937 595 1342
1584723403 1938 595 1343
1584723468 1938 596 1342
1584723771 1939 596 1343
1584723799 1940 596 1344
1584724486 1941 597 1344
1584725420 1942 597 1345
1584726865 1942 598 1344
1584727860 1943 599 1344
1584727960 1944 599 1345
1584729025 1944 600 1344
1584732857 1945 600 1345
1584734243 1946 601 1345
1584734344 1947 601 1346
1584734704 1948 601 1347
1584734770 1948 602 1346
1584734819 1948 603 1345
1584734940 1948 604 1344
1584735038 1948 605 1343
1584735101 1949 605 1344
1584735387 1949 606 1343
1584735527 1949 607 1342
1584736301 1950 607 1343
1584736463 1950 608 1342
1584736744 1951 608 1343
1584737966 1952 608 1344
1584737972 1953 608 1345
1584738023 1954 609 1345
1584740330 1955 610 1345
1584740400 1956 611 1345
1584740682 1957 612 1345
1584740791 1957 613 1344
1584743929 1958 613 1345
1584744992 1958 614 1344
1584745107 1959 614 1345
1584746236 1960 614 1346
1584747353 1961 614 1347
1584749313 1962 615 1347
1584749771 1963 615 1348
1584755096 1964 616 1348
1584756654 1965 616 1349
1584756675 1966 616 1350
1584757668 1967 616 1351
1584757735 1967 617 1350
1584771988 1968 617 1351
1584776215 1969 617 1352
1584776360 1970 617 1353
1584778377 1970 618 1352
1584779305 1970 619 1351
1584780776 1970 620 1350
1584784473 1970 621 1349
1584785020 1971 622 1349
1584785025 1971 623 1348
1584786388 1971 624 1347
1584786422 1971 625 1346
1584786444 1972 625 1347
1584786599 1972 626 1346
1584787953 1972 627 1345
1584789478 1972 628 1344
1584790755 1973 628 1345
1584792115 1973 629 1344
1584792184 1973 630 1343
1584793983 1974 630 1344
1584794520 1975 631 1344
1584796003 1976 631 1345
1584800258 1977 631 1346
1584800351 1978 631 1347
1584800485 1979 632 1347
1584805214 1979 633 1346
1584808196 1979 634 1345
1584808466 1980 634 1346
1584810580 1981 634 1347
1584811394 1981 635 1346
1584814296 1981 636 1345
1584815183 1981 637 1344
1584816006 1982 638 1344
1584816530 1983 638 1345
1584816715 1984 639 1345
1584817519 1984 640 1344
1584817520 1984 641 1343
1584817833 1984 642 1342
1584818027 1984 643 1341
1584820419 1985 643 1342
1584820638 1986 643 1343
1584820740 1986 644 1342
1584822433 1986 645 1341
1584822807 1987 646 1341
1584823233 1988 646 1342
1584826291 1989 646 1343
1584826700 1990 646 1344
1584827001 1991 646 1345
1584829731 1992 646 1346
1584829988 1993 646 1347
1584831484 1994 646 1348
1584833133 1995 646 1349
1584833292 1996 646 1350
1584833711 1997 647 1350
1584833770 1997 648 1349
1584835103 1997 649 1348
1584835338 1998 650 1348
1584835468 1998 651 1347
1584836185 1999 651 1348
1584842394 2000 651 1349
1584844297 2001 651 1350
1584848947 2002 651 1351
1584859364 2003 652 1351
1584864825 2004 653 1351
1584864858 2005 653 1352
1584865589 2005 654 1351
1584867378 2006 654 1352
1584868200 2006 655 1351
1584869616 2007 656 1351
1584870156 2008 656 1352
1584870244 2008 657 1351
1584870476 2009 657 1352
1584874411 2010 657 1353
1584874784 2010 658 1352
1584876458 2011 659 1352
1584876464 2011 660 1351
1584877514 2011 661 1350
1584878907 2012 662 1350
1584880815 2012 663 1349
1584882275 2013 663 1350
1584883291 2014 663 1351
1584884366 2014 664 1350
1584884493 2014 665 1349
1584885004 2015 665 1350
1584885828 2016 666 1350
1584887480 2017 666 1351
1584888013 2017 667 1350
1584888905 2017 668 1349
1584891027 2017 669 1348
1584892537 2018 669 1349
1584892582 2019 669 1350
1584894447 2020 669 1351
1584895463 2020 670 1350
1584898106 2021 670 1351
1584898289 2021 671 1350
1584898669 2021 672 1349
1584899540 2021 673 1348
1584901804 2022 673 1349
1584902064 2023 673 1350
1584903468 2023 674 1349
1584904623 2023 675 1348
1584905633 2023 676 1347
1584906240 2023 677 1346
1584906437 2024 678 1346
1584906853 2024 679 1345
1584906917 2024 680 1344
1584907135 2024 681 1343
1584907450 2025 681 1344
1584907891 2026 681 1345
1584908876 2026 682 1344
1584910477 2026 683 1343
1584911090 2027 684 1343
1584911108 2028 685 1343
1584912895 2029 685 1344
1584914113 2029 686 1343
1584914530 2030 686 1344
1584914640 2030 687 1343
1584915515 2030 688 1342
1584916381 2031 689 1342
1584916532 2031 690 1341
1584916972 2032 691 1341
1584918155 2033 691 1342
1584918683 2033 692 1341
1584919668 2034 692 1342
1584920397 2035 692 1343
1584920398 2035 693 1342
1584922415 2036 694 1342
1584922910 2037 694 1343
1584927024 2038 694 1344
1584936028 2038 695 1343
1584942277 2039 696 1343
1584947107 2039 697 1342
1584947455 2040 697 1343
1584947476 2041 697 1344
1584948498 2041 698 1343
1584953973 2041 699 1342
1584957763 2041 700 1341
1584960114 2041 701 1340
1584960833 2041 702 1339
1584961705 2041 703 1338
1584961749 2041 704 1337
1584962128 2041 705 1336
1584962174 2042 705 1337
1584963129 2042 706 1336
1584963313 2043 706 1337
1584963893 2043 707 1336
1584965033 2044 707 1337
1584965227 2045 708 1337
1584965571 2045 709 1336
1584966479 2045 710 1335
1584969000 2046 710 1336
1584969036 2047 710 1337
1584969113 2047 711 1336
1584970519 2047 712 1335
1584971706 2048 713 1335
1584972873 2049 713 1336
1584972980 2049 714 1335
1584974040 2050 714 1336
1584974126 2051 714 1337
1584976460 2052 714 1338
1584976533 2053 714 1339
1584976807 2054 714 1340
1584976976 2054 715 1339
1584977452 2055 716 1339
1584978015 2056 716 1340
1584979589 2057 716 1341
1584980297 2058 716 1342
1584980375 2059 716 1343
1584980772 2060 716 1344
1584981484 2061 716 1345
1584982934 2062 717 1345
1584984735 2063 717 1346
1584985383 2064 717 1347
1584986405 2064 718 1346
1584987113 2065 718 1347
1584987935 2066 719 1347
1584988229 2066 720 1346
1584989238 2066 721 1345
1584989351 2066 722 1344
1584989540 2066 723 1343
1584990336 2066 724 1342
1584990539 2067 724 1343
1584990611 2067 725 1342
1584993094 2067 726 1341
1584994701 2068 726 1342
1584995527 2068 727 1341
1584995707 2069 727 1342
1584996150 2069 728 1341
1584996260 2069 729 1340
1584996477 2069 730 1339
1584997043 2070 731 1339
1584998048 2070 732 1338
1584998217 2070 733 1337
1584998339 2070 734 1336
1584998580 2070 735 1335
1584999386 2071 735 1336
1585000430 2071 736 1335
1585000496 2072 736 1336
1585000939 2073 736 1337
1585001789 2073 737 1336
1585002202 2074 738 1336
1585003050 2075 738 1337
1585003638 2075 739 1336
1585004847 2075 740 1335
1585005353 2075 741 1334
1585030438 2076 742 1334
1585033813 2076 743 1333
1585035780 2076 744 1332
1585038571 2076 745 1331
1585038916 2077 745 1332
1585040279 2077 746 1331
1585042190 2078 746 1332
1585043303 2079 747 1332
1585044645 2079 748 1331
1585044668 2080 748 1332
1585044738 2081 748 1333
1585049094 2081 749 1332
1585049243 2082 750 1332
1585050769 2082 751 1331
1585053031 2082 752 1330
1585054812 2082 753 1329
1585056718 2082 754 1328
1585061840 2082 755 1327
1585062493 2083 756 1327
1585065861 2084 756 1328
1585067017 2084 757 1327
1585067097 2084 758 1326
1585068677 2084 759 1325
1585068956 2084 760 1324
1585069332 2085 761 1324
1585070050 2086 761 1325
1585070548 2086 762 1324
1585070586 2086 763 1323
1585073473 2087 763 1324
1585074499 2087 764 1323
1585076131 2088 764 1324
1585076134 2088 765 1323
1585079220 2088 766 1322
1585082255 2088 767 1321
1585082818 2089 768 1321
1585083088 2089 769 1320
1585083111 2089 770 1319
1585083477 2089 771 1318
1585084631 2089 772 1317
1585085997 2089 773 1316
1585087134 2089 774 1315
1585087377 2090 775 1315
1585088569 2090 776 1314
1585090291 2090 777 1313
1585090942 2090 778 1312
1585092957 2090 779 1311
1585094858 2090 780 1310
1585095819 2090 781 1309
1585098536 2090 782 1308
1585119539 2091 783 1308
1585121878 2091 784 1307
1585123565 2092 784 1308
1585123787 2093 784 1309
1585126202 2094 785 1309
1585126539 2095 785 1310
1585127195 2095 786 1309
1585129841 2095 787 1308
1585130191 2095 788 1307
1585132908 2096 788 1308
1585133977 2096 789 1307
1585138526 2096 790 1306
1585139712 2097 790 1307
1585139717 2097 791 1306
1585139829 2097 792 1305
1585140391 2097 793 1304
1585143138 2097 794 1303
1585145674 2097 795 1302
1585146673 2097 796 1301
1585149807 2097 797 1300
1585150638 2097 798 1299
1585150674 2098 799 1299
1585151330 2099 799 1300
1585151611 2099 800 1299
1585151754 2100 800 1300
1585152358 2100 801 1299
1585152505 2100 802 1298
1585152614 2100 803 1297
1585154554 2100 804 1296
1585155135 2100 805 1295
1585156434 2101 806 1295
1585156497 2102 806 1296
1585156664 2103 806 1297
1585157078 2103 807 1296
1585157991 2104 807 1297
1585158049 2104 808 1296
1585158739 2104 809 1295
1585159248 2105 810 1295
1585159908 2105 811 1294
1585160325 2106 811 1295
1585161290 2106 812 1294
1585163221 2107 813 1294
1585164365 2108 813 1295
1585164474 2108 814 1294
1585164733 2108 815 1293
1585165858 2108 816 1292
1585167174 2108 817 1291
1585167235 2108 818 1290
1585167564 2108 819 1289
1585167828 2108 820 1288
1585167925 2108 821 1287
1585168749 2109 821 1288
1585169359 2109 822 1287
1585169363 2110 823 1287
1585169819 2111 824 1287
1585169893 2111 825 1286
1585170243 2111 826 1285
1585172228 2111 827 1284
1585175603 2111 828 1283
1585178033 2112 828 1284
1585180771 2113 828 1285
1585184143 2114 829 1285
1585184679 2114 830 1284
1585186003 2114 831 1283
1585191549 2115 831 1284
1585192181 2115 832 1283
1585209090 2115 833 1282
1585211985 2115 834 1281
1585212200 2115 835 1280
1585217045 2115 836 1279
1585217953 2116 836 1280
1585218593 2117 836 1281
1585219201 2117 837 1280
1585219537 2118 838 1280
1585219998 2118 839 1279
1585220091 2118 840 1278
1585221759 2118 841 1277
1585223340 2118 842 1276
1585226305 2118 843 1275
1585228728 2119 843 1276
1585229842 2120 844 1276
1585230591 2120 845 1275
1585236261 2120 846 1274
1585236671 2120 847 1273
1585238066 2121 847 1274
1585238753 2121 848 1273
1585239511 2121 849 1272
1585240672 2122 849 1273
1585240680 2122 850 1272
1585242874 2122 851 1271
1585243204 2122 852 1270
1585243652 2123 853 1270
1585251181 2123 854 1269
1585251319 2125 856 1269
1585251319 2125 856 1269
1585251655 2125 857 1268
1585252634 2125 858 1267
1585254290 2125 859 1266
1585258467 2125 860 1265
1585261278 2125 861 1264
1585261803 2126 862 1264
1585261920 2127 862 1265
1585262332 2128 862 1266
1585263851 2129 863 1266
1585267605 2129 864 1265
1585268345 2130 864 1266
1585288515 2131 864 1267
1585295583 2131 865 1266
1585296902 2131 866 1265
1585301109 2132 867 1265
1585301455 2132 868 1264
1585302227 2132 869 1263
1585302994 2132 870 1262
1585304344 2132 871 1261
1585304706 2133 872 1261
1585305658 2134 873 1261
1585308298 2134 874 1260
1585310549 2135 874 1261
1585311433 2136 874 1262
1585311899 2137 874 1263
1585312189 2137 875 1262
1585314085 2138 876 1262
1585316504 2139 876 1263
1585319094 2140 877 1263
1585319159 2141 877 1264
1585322469 2142 877 1265
1585323422 2142 878 1264
1585327192 2143 878 1265
1585328026 2144 878 1266
1585328164 2144 879 1265
1585328490 2145 879 1266
1585328543 2145 880 1265
1585333771 2146 880 1266
1585337537 2146 881 1265
1585339888 2146 882 1264
1585341219 2146 883 1263
1585346148 2147 884 1263
1585349707 2147 885 1262
1585350976 2148 885 1263
1585351588 2148 886 1262
1585353987 2148 887 1261
1585353990 2149 887 1262
1585356207 2150 887 1263
1585356337 2150 888 1262
1585356371 2151 888 1263
1585356830 2151 889 1262
1585358690 2151 890 1261
1585360524 2152 890 1262
1585361662 2153 890 1263
1585362643 2153 891 1262
1585364669 2153 892 1261
1585369988 2154 893 1261
1585382707 2155 893 1262
1585386805 2156 894 1262
1585387998 2157 894 1263
1585388193 2158 894 1264
1585389750 2159 894 1265
1585391958 2159 895 1264
1585392523 2160 895 1265
1585392583 2160 896 1264
1585392618 2161 896 1265
1585394219 2161 897 1264
1585394792 2162 897 1265
1585394884 2163 898 1265
1585395321 2163 899 1264
1585396836 2164 900 1264
1585396978 2164 901 1263
1585398129 2165 902 1263
1585398427 2166 902 1264
1585400478 2167 902 1265
1585404098 2168 902 1266
1585404557 2169 903 1266
1585405973 2169 904 1265
1585408119 2169 905 1264
1585411068 2169 906 1263
1585411118 2169 907 1262
1585411587 2169 908 1261
1585412626 2170 909 1261
1585413909 2170 910 1260
1585414574 2171 911 1260
1585417603 2172 912 1260
1585418435 2172 913 1259
1585419519 2172 914 1258
1585419974 2173 914 1259
1585420028 2173 915 1258
1585420272 2174 915 1259
1585420291 2175 916 1259
1585420607 2175 917 1258
1585421096 2175 918 1257
1585421386 2176 918 1258
1585423320 2177 919 1258
1585424044 2177 920 1257
1585424064 2178 920 1258
1585424340 2178 921 1257
1585424778 2178 922 1256
1585425099 2178 923 1255
1585427665 2178 924 1254
1585430555 2179 924 1255
1585430645 2180 924 1256
1585433692 2180 925 1255
1585435236 2180 926 1254
1585438050 2180 927 1253
1585438512 2180 928 1252
1585443346 2180 929 1251
1585443960 2181 930 1251
1585445513 2181 931 1250
1585445651 2182 932 1250
1585455928 2182 933 1249
1585461804 2182 934 1248
1585470824 2182 935 1247
1585472433 2183 935 1248
1585472694 2183 936 1247
1585476346 2184 936 1248
1585479210 2185 937 1248
1585479263 2186 937 1249
1585479332 2187 937 1250
1585483132 2188 937 1251
1585483409 2188 938 1250
1585483412 2188 939 1249
1585484033 2188 940 1248
1585484330 2188 941 1247
1585484597 2188 942 1246
1585485520 2188 943 1245
1585485704 2188 944 1244
1585487616 2189 945 1244
1585487826 2189 946 1243
1585489563 2189 947 1242
1585490235 2190 947 1243
1585490499 2190 948 1242
1585490932 2191 948 1243
1585493515 2192 949 1243
1585496217 2192 950 1242
1585497763 2192 951 1241
1585497914 2192 952 1240
1585498217 2193 952 1241
1585499064 2194 952 1242
1585499511 2194 953 1241
1585500286 2195 953 1242
1585500592 2195 954 1241
1585502071 2195 955 1240
1585503024 2195 956 1239
1585504504 2195 957 1238
1585504979 2195 958 1237
1585505237 2195 959 1236
1585507458 2195 960 1235
1585509167 2195 961 1234
1585509737 2196 961 1235
1585512765 2196 962 1234
1585514615 2197 963 1234
1585515624 2197 964 1233
1585516106 2198 964 1234
1585519706 2199 965 1234
1585520029 2199 966 1233
1585522169 2199 967 1232
1585523035 2199 968 1231
1585524810 2200 969 1231
1585527163 2201 969 1232
1585527340 2201 970 1231
1585530970 2201 971 1230
1585534461 2201 972 1229
1585539429 2201 973 1228
1585551151 2201 974 1227
1585555288 2202 974 1228
1585556213 2202 975 1227
1585556713 2203 975 1228
1585556714 2203 976 1227
1585559913 2204 976 1228
1585560165 2204 977 1227
1585562510 2204 978 1226
1585564397 2204 979 1225
1585565813 2205 979 1226
1585570161 2206 979 1227
1585570484 2206 980 1226
1585570848 2206 981 1225
1585573744 2207 982 1225
1585574379 2207 983 1224
1585577311 2207 984 1223
1585578247 2207 985 1222
1585580446 2207 986 1221
1585580878 2207 987 1220
1585580947 2207 988 1219
1585582206 2207 989 1218
1585585271 2207 990 1217
1585585395 2207 991 1216
1585586156 2207 992 1215
1585589129 2208 993 1215
1585590745 2208 994 1214
1585591316 2208 995 1213
1585594946 2208 996 1212
1585594955 2208 997 1211
1585596088 2208 998 1210
1585596575 2209 999 1210
1585597177 2210 999 1211
1585597573 2210 1000 1210
1585597756 2210 1001 1209
1585597787 2210 1002 1208
1585599043 2210 1003 1207
1585599544 2210 1004 1206
1585600164 2210 1005 1205
1585602471 2211 1006 1205
1585602970 2212 1007 1205
1585603565 2212 1008 1204
1585603866 2212 1009 1203
1585603933 2212 1010 1202
1585608318 2212 1011 1201
1585610410 2212 1012 1200
1585611205 2212 1013 1199
1585612585 2213 1014 1199
1585613243 2213 1015 1198
1585617631 2213 1016 1197
1585617650 2213 1017 1196
1585624140 2213 1018 1195
1585630900 2214 1019 1195
1585642753 2214 1020 1194
1585645840 2214 1021 1193
1585646677 2214 1022 1192
1585646880 2214 1023 1191
1585647761 2214 1024 1190
1585648520 2215 1024 1191
1585651726 2215 1025 1190
1585655348 2215 1026 1189
1585655891 2216 1026 1190
1585656286 2216 1027 1189
1585656637 2217 1027 1190
1585657363 2218 1028 1190
1585658180 2219 1028 1191
1585658881 2219 1029 1190
1585659185 2219 1030 1189
1585660389 2219 1031 1188
1585660759 2219 1032 1187
1585662588 2219 1033 1186
1585662973 2219 1034 1185
1585663394 2220 1034 1186
1585663598 2220 1035 1185
1585663771 2221 1036 1185
1585665234 2221 1037 1184
1585665518 2221 1038 1183
1585666951 2221 1039 1182
1585669104 2222 1040 1182
1585669647 2222 1041 1181
1585670010 2222 1042 1180
1585671043 2222 1043 1179
1585671581 2223 1044 1179
1585673758 2224 1044 1180
1585676747 2224 1045 1179
1585676899 2224 1046 1178
1585678422 2224 1047 1177
1585681432 2224 1048 1176
1585681504 2224 1049 1175
1585683070 2225 1050 1175
1585683382 2225 1051 1174
1585683636 2225 1052 1173
1585684693 2225 1053 1172
1585689936 2225 1054 1171
1585690749 2225 1055 1170
1585694300 2225 1056 1169
1585698862 2225 1057 1168
1585700501 2225 1058 1167
1585700778 2225 1059 1166
1585704237 2225 1060 1165
1585704929 2225 1061 1164
1585727663 2225 1062 1163
1585732076 2225 1063 1162
1585732186 2225 1064 1161
1585732450 2225 1065 1160
1585733027 2225 1066 1159
1585733236 2225 1067 1158
1585734524 2226 1068 1158
1585735873 2226 1069 1157
1585736037 2226 1070 1156
1585738726 2226 1071 1155
1585738904 2226 1072 1154
1585738937 2226 1073 1153
1585741318 2226 1074 1152
1585742030 2226 1075 1151
1585742718 2226 1076 1150
1585743929 2226 1077 1149
1585745262 2226 1078 1148
1585746800 2226 1079 1147
1585747126 2227 1079 1148
1585748296 2227 1080 1147
1585753528 2228 1080 1148
1585754438 2228 1081 1147
1585754670 2229 1082 1147
1585754751 2229 1083 1146
1585755446 2229 1084 1145
1585759220 2229 1085 1144
1585763670 2229 1086 1143
1585764217 2229 1087 1142
1585765280 2229 1088 1141
1585767567 2229 1089 1140
1585768367 2229 1090 1139
1585770006 2229 1091 1138
1585771679 2230 1091 1139
1585771762 2230 1092 1138
1585772162 2230 1093 1137
1585772508 2230 1094 1136
1585773721 2230 1095 1135
1585775625 2230 1096 1134
1585779285 2231 1096 1135
1585780578 2231 1097 1134
1585780960 2231 1098 1133
1585781187 2231 1099 1132
1585782160 2232 1099 1133
1585784845 2233 1099 1134
1585785226 2233 1100 1133
1585786877 2233 1101 1132
1585787820 2233 1102 1131
1585788319 2234 1102 1132
1585791495 2234 1103 1131
1585792273 2234 1104 1130
1585813000 2234 1105 1129
1585814758 2234 1106 1128
1585818495 2234 1107 1127
1585819439 2235 1108 1127
1585819845 2235 1109 1126
1585820434 2235 1110 1125
1585820954 2235 1111 1124
1585822877 2235 1112 1123
1585822930 2235 1113 1122
1585824082 2235 1114 1121
1585824580 2236 1114 1122
1585825123 2236 1115 1121
1585825861 2236 1116 1120
1585828269 2237 1116 1121
1585828862 2237 1117 1120
1585829266 2237 1118 1119
1585833866 2237 1119 1118
1585835118 2237 1120 1117
1585836638 2237 1121 1116
1585839586 2238 1121 1117
1585840532 2238 1122 1116
1585840719 2239 1122 1117
1585841227 2239 1123 1116
1585843344 2239 1124 1115
1585845132 2239 1125 1114
1585845237 2240 1125 1115
1585846028 2240 1126 1114
1585846404 2240 1127 1113
1585846501 2240 1128 1112
1585850280 2240 1129 1111
1585850566 2241 1130 1111
1585851147 2241 1131 1110
1585851896 2242 1132 1110
1585852833 2242 1133 1109
1585856582 2242 1134 1108
1585856920 2242 1135 1107
1585857079 2242 1136 1106
1585857969 2242 1137 1105
1585858443 2242 1138 1104
1585858521 2242 1139 1103
1585858929 2242 1140 1102
1585859230 2242 1141 1101
1585860255 2242 1142 1100
1585861686 2242 1143 1099
1585862756 2242 1144 1098
1585863060 2242 1145 1097
1585863545 2243 1145 1098
1585866232 2243 1146 1097
1585866798 2243 1147 1096
1585867826 2243 1148 1095
1585868544 2244 1148 1096
1585869715 2244 1149 1095
1585870417 2245 1149 1096
1585870662 2245 1150 1095
1585871441 2245 1151 1094
1585872159 2245 1152 1093
1585872202 2245 1153 1092
1585873966 2245 1154 1091
1585878278 2245 1155 1090
1585878412 2245 1156 1089
1585896732 2246 1156 1090
1585903814 2246 1157 1089
1585907771 2246 1158 1088
1585908064 2246 1159 1087
1585909362 2247 1160 1087
1585909845 2247 1161 1086
1585909934 2247 1162 1085
1585911361 2248 1162 1086
1585912066 2248 1163 1085
1585913853 2248 1164 1084
1585915736 2248 1165 1083
1585915988 2248 1166 1082
1585918213 2248 1167 1081
1585918899 2248 1168 1080
1585919399 2248 1169 1079
1585922674 2249 1169 1080
1585922965 2249 1170 1079
1585923276 2250 1171 1079
1585924848 2250 1172 1078
1585928990 2250 1173 1077
1585929679 2251 1173 1078
1585930158 2252 1174 1078
1585933597 2253 1175 1078
1585934032 2253 1176 1077
1585937273 2253 1177 1076
1585937913 2253 1178 1075
1585938272 2254 1178 1076
1585938659 2254 1179 1075
1585939646 2254 1180 1074
1585941353 2254 1181 1073
1585941496 2254 1182 1072
1585943610 2254 1183 1071
1585943971 2254 1184 1070
1585948327 2254 1185 1069
1585948341 2254 1186 1068
1585948400 2254 1187 1067
1585956132 2255 1187 1068
1585956148 2256 1187 1069
1585958056 2256 1188 1068
1585958224 2257 1188 1069
1585958764 2257 1189 1068
1585958903 2258 1190 1068
1585960524 2258 1191 1067
1585961041 2258 1192 1066
1585967429 2258 1193 1065
1585978559 2259 1193 1066
1585979189 2259 1194 1065
1585985802 2259 1195 1064
1585988470 2259 1196 1063
1585990855 2260 1196 1064
1585991627 2260 1197 1063
1585991666 2260 1198 1062
1585992211 2260 1199 1061
1585993101 2260 1200 1060
1585999679 2260 1201 1059
1586002927 2260 1202 1058
1586004901 2260 1203 1057
1586010874 2260 1204 1056
1586012897 2260 1205 1055
1586014098 2260 1206 1054
1586018401 2261 1206 1055
1586019176 2261 1207 1054
1586019180 2261 1208 1053
1586019313 2261 1209 1052
1586022561 2262 1210 1052
1586022749 2262 1211 1051
1586024419 2263 1211 1052
1586029787 2263 1212 1051
1586030047 2263 1213 1050
1586030434 2263 1214 1049
1586030559 2263 1215 1048
1586033367 2263 1216 1047
1586033963 2264 1216 1048
1586035008 2264 1217 1047
1586035276 2264 1218 1046
1586036773 2264 1219 1045
1586040157 2264 1220 1044
1586040385 2264 1221 1043
1586043650 2264 1222 1042
1586045630 2264 1223 1041
1586047507 2264 1224 1040
1586048708 2264 1225 1039
1586054134 2264 1226 1038
1586055536 2265 1226 1039
1586071497 2265 1227 1038
1586077545 2265 1228 1037
1586077874 2265 1229 1036
1586078158 2265 1230 1035
1586078384 2265 1231 1034
1586082142 2265 1232 1033
1586084722 2266 1233 1033
1586086233 2266 1234 1032
1586087628 2266 1235 1031
1586087825 2266 1236 1030
1586088525 2266 1237 1029
1586089976 2266 1238 1028
1586092557 2266 1239 1027
1586092674 2266 1240 1026
1586093248 2266 1241 1025
1586094239 2267 1242 1025
1586094326 2267 1243 1024
1586095170 2267 1244 1023
1586095924 2267 1245 1022
1586096258 2267 1246 1021
1586096921 2268 1246 1022
1586097926 2268 1247 1021
1586098273 2269 1248 1021
1586099228 2269 1249 1020
1586099642 2269 1250 1019
1586101177 2269 1251 1018
1586104099 2269 1252 1017
1586106175 2270 1253 1017
1586106679 2270 1254 1016
1586107781 2270 1255 1015
1586107782 2270 1256 1014
1586108132 2270 1257 1013
1586115751 2270 1258 1012
1586116095 2270 1259 1011
1586116282 2271 1260 1011
1586116692 2271 1261 1010
1586117145 2271 1262 1009
1586117364 2272 1262 1010
1586119463 2272 1263 1009
1586120699 2272 1264 1008
1586123650 2272 1265 1007
1586124149 2273 1265 1008
1586125109 2273 1266 1007
1586125852 2274 1266 1008
1586127475 2274 1267 1007
1586133656 2274 1268 1006
1586140078 2275 1269 1006
1586157393 2275 1270 1005
1586162322 2275 1271 1004
1586166331 2276 1271 1005
1586167324 2277 1272 1005
1586167345 2277 1273 1004
1586167525 2278 1273 1005
1586168914 2278 1274 1004
1586172869 2278 1275 1003
1586172964 2278 1276 1002
1586173488 2279 1276 1003
1586173988 2279 1277 1002
1586174247 2279 1278 1001
1586175846 2279 1279 1000
1586177855 2279 1280 999
1586178654 2280 1280 1000
1586180291 2280 1281 999
1586180464 2281 1281 1000
1586180827 2282 1282 1000
1586180969 2283 1282 1001
1586182562 2283 1283 1000
1586182851 2283 1284 999
1586182860 2283 1285 998
1586185203 2284 1286 998
1586185384 2284 1287 997
1586185614 2284 1288 996
1586186012 2284 1289 995
1586189048 2284 1290 994
1586190231 2284 1291 993
1586191107 2284 1292 992
1586193768 2284 1293 991
1586196788 2285 1294 991
1586197604 2285 1295 990
1586198448 2286 1296 990
1586199260 2286 1297 989
1586200208 2286 1298 988
1586200945 2286 1299 987
1586201201 2287 1299 988
1586202075 2287 1300 987
1586202565 2287 1301 986
1586204953 2288 1301 987
1586206666 2288 1302 986
1586206890 2288 1303 985
1586207090 2288 1304 984
1586207289 2288 1305 983
1586207368 2288 1306 982
1586207756 2289 1306 983
1586207794 2289 1307 982
1586208694 2289 1308 981
1586208994 2289 1309 980
1586209225 2290 1309 981
1586209803 2291 1310 981
1586209934 2291 1311 980
1586210315 2291 1312 979
1586211301 2291 1313 978
1586212851 2291 1314 977
1586212871 2291 1315 976
1586213155 2291 1316 975
1586213487 2291 1317 974
1586213840 2291 1318 973
1586215370 2292 1318 974
1586215990 2293 1318 975
1586216760 2293 1319 974
1586217136 2294 1319 975
1586217808 2294 1320 974
1586217894 2294 1321 973
1586218371 2294 1322 972
1586220418 2294 1323 971
1586220876 2295 1323 972
1586257436 2296 1323 973
1586257636 2297 1323 974
1586257793 2298 1323 975
1586263293 2299 1323 976
1586267032 2300 1323 977
1586273011 2301 1323 978
1586287352 2302 1323 979
1586291159 2303 1323 980
1586296495 2304 1323 981
1586340034 2305 1323 982
1586344691 2306 1323 983
1586352309 2307 1323 984
1586353198 2308 1323 985
1586366562 2309 1323 986
1586369200 2310 1323 987
1586372256 2311 1323 988
1586374570 2312 1323 989
1586380714 2313 1323 990
1586443351 2314 1323 991
1586444161 2315 1323 992
1586457304 2316 1323 993
1586469718 2317 1323 994
1586473546 2318 1323 995
1586480270 2319 1323 996
1586483090 2320 1323 997
1586502196 2321 1323 998
1586526174 2322 1323 999
1586546792 2323 1323 1000
1586619429 2324 1323 1001
1586623787 2325 1323 1002
1586623848 2326 1323 1003
1586627751 2327 1323 1004
1586628030 2328 1323 1005
1586653267 2329 1323 1006
1586654915 2330 1323 1007
1586688618 2331 1323 1008
1586688908 2332 1323 1009
1586695295 2333 1323 1010
1586696313 2334 1323 1011
1586707820 2335 1323 1012
1586707993 2336 1323 1013
1586711928 2337 1323 1014
1586720951 2338 1323 1015
1586742804 2339 1323 1016
1586768656 2340 1323 1017
1586774139 2341 1323 1018
1586776882 2342 1323 1019
1586808336 2343 1323 1020
1586808458 2344 1323 1021
1586809248 2345 1323 1022
1586809543 2346 1323 1023
1586810787 2347 1323 1024
1586811360 2348 1323 1025
1586812405 2349 1323 1026
1586813743 2350 1323 1027
1586814080 2351 1323 1028
1586814428 2352 1323 1029
1586815525 2353 1323 1030
1586817822 2354 1323 1031
1586819093 2355 1323 1032
1586820709 2356 1323 1033
1586822306 2357 1323 1034
1586822802 2358 1323 1035
1586827138 2359 1323 1036
1586827865 2360 1323 1037
