1193875200 3267
1196467200 7412
1199145600 1953
1201824000 2181
1204329600 524
1207008000 211
1209600000 151
1212278400 187
1214870400 175
1217548800 119
1220227200 206
1222819200 393
1225497600 136
1228089600 128
1230768000 148
1233446400 280
1235865600 199
1238544000 272
1241136000 428
1243814400 289
1246406400 905
1249084800 699
1251763200 473
1254355200 513
1257033600 481
1259625600 454
1262304000 340
1264982400 353
1267401600 432
1270080000 426
1272672000 433
1275350400 439
1277942400 331
1280620800 484
1283299200 312
1285891200 383
1288569600 335
1291161600 386
1293840000 315
1296518400 446
1298937600 431
1301616000 1091
1304208000 502
1306886400 490
1309478400 355
1312156800 326
1314835200 218
1317427200 297
1320105600 259
1322697600 246
1325376000 383
1328054400 222
1330560000 206
1333238400 295
1335830400 262
1338508800 285
1341100800 366
1343779200 281
1346457600 361
1349049600 247
1351728000 418
1354320000 329
1356998400 247
1359676800 505
1362096000 351
1364774400 270
1367366400 326
1370044800 263
1372636800 405
1375315200 310
1377993600 158
1380585600 320
1383264000 236
1385856000 195
1388534400 278
1391212800 248
1393632000 243
1396310400 262
1398902400 149
1401580800 222
1404172800 313
1406851200 220
1409529600 323
1412121600 225
1414800000 242
1417392000 195
1420070400 179
1422748800 201
1425168000 208
1427846400 211
1430438400 157
1433116800 315
1435708800 199
1438387200 209
1441065600 196
1443657600 187
1446336000 187
1448928000 338
1451606400 266
1454284800 217
1456790400 483
1459468800 144
1462060800 254
1464739200 274
1467331200 308
1470009600 342
1472688000 294
1475280000 497
1477958400 294
1480550400 186
1483228800 517
1485907200 325
1488326400 265
1491004800 405
1493596800 305
1496275200 407
1498867200 404
1501545600 351
1504224000 233
1506816000 281
1509494400 385
1512086400 187
1514764800 253
1517443200 703
1519862400 289
1522540800 210
1525132800 162
1527811200 321
1530403200 170
1533081600 328
1535760000 180
1538352000 142
1541030400 171
1543622400 158
1546300800 160
1548979200 179
1551398400 169
1554076800 170
1556668800 123
1559347200 165
1561939200 166
1564617600 166
1567296000 137
1569888000 195
1572566400 130
1575158400 158
1577836800 236
1580515200 142
1583020800 269
1585699200 226
1588291200 175
1590969600 146
1593561600 617
1596240000 1247
1598918400 921
1601510400 209
1604188800 221
1606780800 237
1609459200 223
1612137600 143
1614556800 104
1617235200 115
1619827200 136
