1193875200 2576
1196467200 1388
1199145600 696
1201824000 679
1204329600 123
1207008000 78
1209600000 62
1212278400 89
1214870400 116
1217548800 68
1220227200 77
1222819200 281
1225497600 93
1228089600 76
1230768000 106
1233446400 135
1235865600 114
1238544000 212
1241136000 187
1243814400 220
1246406400 469
1249084800 297
1251763200 290
1254355200 334
1257033600 276
1259625600 193
1262304000 175
1264982400 167
1267401600 212
1270080000 243
1272672000 199
1275350400 237
1277942400 176
1280620800 169
1283299200 148
1285891200 170
1288569600 125
1291161600 132
1293840000 97
1296518400 110
1298937600 205
1301616000 250
1304208000 206
1306886400 218
1309478400 173
1312156800 128
1314835200 106
1317427200 144
1320105600 79
1322697600 95
1325376000 193
1328054400 101
1330560000 110
1333238400 140
1335830400 137
1338508800 131
1341100800 130
1343779200 114
1346457600 139
1349049600 131
1351728000 151
1354320000 133
1356998400 80
1359676800 148
1362096000 100
1364774400 106
1367366400 94
1370044800 139
1372636800 123
1375315200 167
1377993600 96
1380585600 101
1383264000 109
1385856000 84
1388534400 104
1391212800 119
1393632000 108
1396310400 96
1398902400 62
1401580800 77
1404172800 88
1406851200 90
1409529600 129
1412121600 80
1414800000 99
1417392000 72
1420070400 69
1422748800 80
1425168000 89
1427846400 65
1430438400 39
1433116800 96
1435708800 108
1438387200 98
1441065600 98
1443657600 73
1446336000 81
1448928000 85
1451606400 79
1454284800 91
1456790400 76
1459468800 70
1462060800 95
1464739200 144
1467331200 113
1470009600 116
1472688000 75
1475280000 144
1477958400 129
1480550400 69
1483228800 80
1485907200 122
1488326400 82
1491004800 152
1493596800 148
1496275200 144
1498867200 125
1501545600 105
1504224000 91
1506816000 94
1509494400 84
1512086400 72
1514764800 138
1517443200 202
1519862400 90
1522540800 93
1525132800 42
1527811200 99
1530403200 59
1533081600 102
1535760000 58
1538352000 66
1541030400 48
1543622400 51
1546300800 52
1548979200 47
1551398400 65
1554076800 62
1556668800 62
1559347200 73
1561939200 66
1564617600 67
1567296000 76
1569888000 38
1572566400 50
1575158400 58
1577836800 73
1580515200 33
1583020800 72
1585699200 91
1588291200 65
1590969600 41
1593561600 116
1596240000 173
1598918400 182
1601510400 65
1604188800 70
1606780800 86
1609459200 66
1612137600 51
1614556800 58
1617235200 56
1619827200 61
1622505600 51
1625097600 59
1627776000 74
1630454400 40
1633046400 42
1635724800 65
1638316800 45
1640995200 64
1643673600 45
1646092800 44
1648771200 42
1651363200 36
1654041600 37
1656633600 78
1659312000 23
1661990400 63
1664582400 60
1667260800 53
1669852800 50
1672531200 35
1675209600 29
1677628800 46
1680307200 24
1682899200 46
1685577600 55
1688169600 39
1690848000 47
1693526400 35
1696118400 43
1698796800 42
1701388800 33
1704067200 26
1706745600 47
1709251200 10
1711929600 18
1714521600 37
1717200000 25
1719792000 38
1722470400 39
1725148800 22
1727740800 14
1730419200 29
1733011200 20
1735689600 29
1738368000 37
1740787200 27
1743465600 25
1746057600 18
1748736000 21
1751328000 39
1754006400 49
1756684800 38
1759276800 33
1761955200 24
1764547200 42
1767225600 10
