1193875200 8848
1196467200 14478
1199145600 4023
1201824000 3181
1204329600 392
1207008000 466
1209600000 207
1212278400 366
1214870400 672
1217548800 370
1220227200 429
1222819200 1644
1225497600 491
1228089600 391
1230768000 449
1233446400 665
1235865600 500
1238544000 987
1241136000 1333
1243814400 1068
1246406400 3685
1249084800 2114
1251763200 2019
1254355200 2422
1257033600 1843
1259625600 1365
1262304000 1309
1264982400 1410
1267401600 1472
1270080000 1724
1272672000 1883
1275350400 1737
1277942400 1411
1280620800 1218
1283299200 1435
1285891200 1669
1288569600 1455
1291161600 1428
1293840000 1188
1296518400 750
1298937600 1764
1301616000 -818
1304208000 1507
1306886400 2203
1309478400 1426
1312156800 709
1314835200 994
1317427200 1178
1320105600 946
1322697600 953
1325376000 2848
1328054400 1169
1330560000 1247
1333238400 1522
1335830400 1143
1338508800 1170
1341100800 1431
1343779200 1025
1346457600 1229
1349049600 1102
1351728000 1684
1354320000 1305
1356998400 926
1359676800 1682
1362096000 1336
1364774400 883
1367366400 1082
1370044800 1102
1372636800 1155
1375315200 1332
1377993600 730
1380585600 920
1383264000 1922
1385856000 688
1388534400 1272
1391212800 909
1393632000 947
1396310400 1541
1398902400 617
1401580800 712
1404172800 717
1406851200 647
1409529600 1181
1412121600 1103
1414800000 765
1417392000 841
1420070400 600
1422748800 688
1425168000 802
1427846400 996
1430438400 412
1433116800 1245
1435708800 1135
1438387200 745
1441065600 694
1443657600 844
1446336000 879
1448928000 1781
1451606400 1119
1454284800 1279
1456790400 1099
1459468800 583
1462060800 1377
1464739200 1406
1467331200 1260
1470009600 1290
1472688000 1393
1475280000 3046
1477958400 1345
1480550400 756
1483228800 1679
1485907200 1755
1488326400 1719
1491004800 2168
1493596800 1436
1496275200 2161
1498867200 1446
1501545600 1915
1504224000 1258
1506816000 1285
1509494400 1395
1512086400 686
1514764800 1300
1517443200 3824
1519862400 1087
1522540800 1004
1525132800 767
1527811200 1391
1530403200 729
1533081600 1588
1535760000 671
1538352000 896
1541030400 609
1543622400 727
1546300800 695
1548979200 572
1551398400 586
1554076800 527
1556668800 469
1559347200 851
1561939200 600
1564617600 519
1567296000 765
1569888000 1019
1572566400 268
1575158400 781
1577836800 1628
1580515200 322
1583020800 1191
1585699200 1121
1588291200 922
1590969600 268
1593561600 1638
1596240000 3466
1598918400 2342
1601510400 915
1604188800 704
1606780800 885
1609459200 670
1612137600 683
1614556800 409
1617235200 466
1619827200 613
1622505600 479
1625097600 493
1627776000 577
1630454400 558
1633046400 311
1635724800 629
1638316800 782
1640995200 609
1643673600 478
1646092800 469
1648771200 423
1651363200 391
1654041600 343
1656633600 9214
1659312000 425
1661990400 688
1664582400 664
1667260800 528
1669852800 1056
1672531200 693
1675209600 442
1677628800 687
1680307200 290
1682899200 593
1685577600 600
1688169600 455
1690848000 714
1693526400 422
1696118400 441
1698796800 502
1701388800 379
1704067200 27
