1193875200 8848
1196467200 14478
1199145600 4023
1201824000 3181
1204329600 392
1207008000 466
1209600000 207
1212278400 366
1214870400 672
1217548800 370
1220227200 429
1222819200 1644
1225497600 491
1228089600 391
1230768000 449
1233446400 665
1235865600 500
1238544000 987
1241136000 1333
1243814400 1062
1246406400 3685
1249084800 2107
1251763200 2008
1254355200 2414
1257033600 1839
1259625600 1360
1262304000 1309
1264982400 1410
1267401600 1474
1270080000 1730
1272672000 1882
1275350400 1737
1277942400 1413
1280620800 1218
1283299200 1427
1285891200 1669
1288569600 1454
1291161600 1427
1293840000 1177
1296518400 761
1298937600 1752
1301616000 -816
1304208000 1507
1306886400 2203
1309478400 1422
1312156800 705
1314835200 994
1317427200 1178
1320105600 933
1322697600 953
1325376000 2827
1328054400 1169
1330560000 1247
1333238400 1514
1335830400 1143
1338508800 1170
1341100800 1429
1343779200 1023
1346457600 1233
1349049600 1102
1351728000 1685
1354320000 1291
1356998400 897
1359676800 1682
1362096000 1336
1364774400 876
1367366400 1082
1370044800 1098
1372636800 1173
1375315200 1332
1377993600 730
1380585600 920
1383264000 1922
1385856000 688
1388534400 1266
1391212800 905
1393632000 947
1396310400 1541
1398902400 618
1401580800 712
1404172800 711
1406851200 647
1409529600 1176
1412121600 1103
1414800000 765
1417392000 836
1420070400 589
1422748800 688
1425168000 810
1427846400 996
1430438400 412
1433116800 1245
1435708800 1135
1438387200 745
1441065600 694
1443657600 844
1446336000 879
1448928000 1778
1451606400 1119
1454284800 1283
1456790400 1088
1459468800 583
1462060800 1367
1464739200 1406
1467331200 1244
1470009600 1278
1472688000 1372
1475280000 3047
1477958400 1351
1480550400 756
1483228800 1679
1485907200 1753
1488326400 1718
1491004800 2171
1493596800 1432
1496275200 2158
1498867200 1443
1501545600 1882
1504224000 1248
1506816000 1274
1509494400 1363
1512086400 673
1514764800 1284
1517443200 3824
1519862400 1087
1522540800 1004
1525132800 755
1527811200 1390
1530403200 730
1533081600 1577
1535760000 633
1538352000 888
1541030400 609
1543622400 727
1546300800 695
1548979200 565
1551398400 595
1554076800 522
1556668800 477
1559347200 849
1561939200 595
1564617600 513
1567296000 765
1569888000 1019
1572566400 268
1575158400 781
1577836800 1613
1580515200 320
1583020800 1179
1585699200 1121
1588291200 922
1590969600 320
1593561600 1638
1596240000 3465
1598918400 2330
1601510400 915
1604188800 699
1606780800 885
1609459200 664
1612137600 683
1614556800 409
1617235200 451
1619827200 613
1622505600 479
1625097600 480
1627776000 577
1630454400 558
1633046400 311
1635724800 629
1638316800 781
1640995200 609
1643673600 479
1646092800 462
1648771200 423
1651363200 391
1654041600 343
1656633600 9214
1659312000 425
1661990400 684
1664582400 667
1667260800 520
1669852800 1056
1672531200 674
1675209600 438
1677628800 670
1680307200 283
1682899200 592
1685577600 600
1688169600 465
1690848000 710
1693526400 419
1696118400 437
1698796800 490
1701388800 374
1704067200 325
1706745600 510
1709251200 339
1711929600 213
1714521600 434
1717200000 276
1719792000 700
1722470400 387
1725148800 161
1727740800 116
1730419200 243
1733011200 236
1735689600 199
