1193875200 2769
1196467200 2162
1199145600 786
1201824000 596
1204329600 158
1207008000 65
1209600000 64
1212278400 63
1214870400 87
1217548800 63
1220227200 71
1222819200 153
1225497600 64
1228089600 38
1230768000 55
1233446400 68
1235865600 57
1238544000 108
1241136000 152
1243814400 120
1246406400 504
1249084800 371
1251763200 269
1254355200 307
1257033600 245
1259625600 182
1262304000 174
1264982400 207
1267401600 233
1270080000 211
1272672000 226
1275350400 249
1277942400 189
1280620800 213
1283299200 152
1285891200 213
1288569600 167
1291161600 211
1293840000 149
1296518400 109
1298937600 211
1301616000 255
1304208000 170
1306886400 223
1309478400 163
1312156800 133
1314835200 132
1317427200 170
1320105600 126
1322697600 130
1325376000 264
1328054400 139
1330560000 140
1333238400 163
1335830400 125
1338508800 144
1341100800 194
1343779200 155
1346457600 143
1349049600 140
1351728000 234
1354320000 137
1356998400 126
1359676800 210
1362096000 151
1364774400 138
1367366400 120
1370044800 128
1372636800 128
1375315200 175
1377993600 97
1380585600 99
1383264000 106
1385856000 80
1388534400 123
1391212800 107
1393632000 116
1396310400 147
1398902400 73
1401580800 94
1404172800 106
1406851200 93
1409529600 136
1412121600 115
1414800000 93
1417392000 85
1420070400 64
1422748800 83
1425168000 93
1427846400 92
1430438400 68
1433116800 111
1435708800 111
1438387200 105
1441065600 107
1443657600 110
1446336000 101
1448928000 150
1451606400 93
1454284800 126
1456790400 111
1459468800 80
1462060800 130
1464739200 126
1467331200 133
1470009600 148
1472688000 163
1475280000 312
1477958400 176
1480550400 107
1483228800 170
1485907200 216
1488326400 174
1491004800 185
1493596800 181
1496275200 263
1498867200 196
1501545600 207
1504224000 122
1506816000 175
1509494400 203
1512086400 92
1514764800 149
1517443200 299
1519862400 165
1522540800 127
1525132800 91
1527811200 216
1530403200 100
1533081600 199
1535760000 96
1538352000 89
1541030400 109
1543622400 100
1546300800 75
1548979200 87
1551398400 60
1554076800 80
1556668800 71
1559347200 101
1561939200 95
1564617600 77
1567296000 89
1569888000 104
1572566400 52
1575158400 86
1577836800 111
1580515200 90
1583020800 146
1585699200 128
1588291200 97
1590969600 50
1593561600 113
1596240000 176
1598918400 139
1601510400 121
1604188800 123
1606780800 69
1609459200 94
1612137600 84
1614556800 58
1617235200 70
1619827200 107
1622505600 71
1625097600 48
1627776000 67
1630454400 89
1633046400 53
1635724800 85
1638316800 106
1640995200 81
1643673600 69
1646092800 73
1648771200 83
1651363200 67
1654041600 45
1656633600 90
1659312000 49
1661990400 84
1664582400 100
1667260800 68
1669852800 136
1672531200 94
1675209600 49
1677628800 104
1680307200 38
1682899200 81
1685577600 73
1688169600 64
1690848000 125
1693526400 56
1696118400 70
1698796800 75
1701388800 52
1704067200 53
1706745600 47
1709251200 49
1711929600 42
1714521600 52
1717200000 44
1719792000 117
1722470400 69
1725148800 27
1727740800 21
1730419200 43
1733011200 36
1735689600 39
1738368000 79
1740787200 39
1743465600 44
1746057600 64
1748736000 40
1751328000 44
1754006400 56
1756684800 46
1759276800 57
1761955200 26
1764547200 38
1767225600 12
