1193875200 2593
1196467200 1313
1199145600 668
1201824000 676
1204329600 134
1207008000 77
1209600000 75
1212278400 108
1214870400 108
1217548800 83
1220227200 87
1222819200 290
1225497600 100
1228089600 82
1230768000 94
1233446400 121
1235865600 128
1238544000 227
1241136000 178
1243814400 223
1246406400 479
1249084800 296
1251763200 297
1254355200 333
1257033600 285
1259625600 193
1262304000 174
1264982400 164
1267401600 210
1270080000 239
1272672000 200
1275350400 234
1277942400 164
1280620800 167
1283299200 153
1285891200 163
1288569600 122
1291161600 133
1293840000 93
1296518400 105
1298937600 206
1301616000 249
1304208000 207
1306886400 217
1309478400 173
1312156800 129
1314835200 104
1317427200 144
1320105600 85
1322697600 95
1325376000 190
1328054400 102
1330560000 109
1333238400 143
1335830400 141
1338508800 130
1341100800 130
1343779200 111
1346457600 136
1349049600 127
1351728000 147
1354320000 137
1356998400 86
1359676800 148
1362096000 101
1364774400 107
1367366400 93
1370044800 139
1372636800 121
1375315200 172
1377993600 96
1380585600 96
1383264000 109
1385856000 84
1388534400 102
1391212800 126
1393632000 109
1396310400 98
1398902400 61
1401580800 76
1404172800 93
1406851200 91
1409529600 132
1412121600 78
1414800000 100
1417392000 75
1420070400 73
1422748800 81
1425168000 87
1427846400 69
1430438400 39
1433116800 96
1435708800 108
1438387200 96
1441065600 97
1443657600 75
1446336000 87
1448928000 89
1451606400 78
1454284800 90
1456790400 75
1459468800 70
1462060800 89
1464739200 144
1467331200 115
1470009600 116
1472688000 74
1475280000 146
1477958400 127
1480550400 66
1483228800 78
1485907200 121
1488326400 83
1491004800 152
1493596800 150
1496275200 143
1498867200 124
1501545600 109
1504224000 91
1506816000 93
1509494400 84
1512086400 76
1514764800 147
1517443200 200
1519862400 102
1522540800 91
1525132800 42
1527811200 94
1530403200 61
1533081600 101
1535760000 62
1538352000 68
1541030400 47
1543622400 50
1546300800 52
1548979200 50
1551398400 64
1554076800 63
1556668800 59
1559347200 73
1561939200 68
1564617600 74
1567296000 77
1569888000 38
1572566400 51
1575158400 57
1577836800 76
1580515200 33
1583020800 74
1585699200 92
1588291200 66
1590969600 41
1593561600 114
1596240000 167
1598918400 179
1601510400 68
1604188800 68
1606780800 86
1609459200 67
1612137600 51
1614556800 64
1617235200 58
1619827200 62
1622505600 61
1625097600 59
1627776000 83
1630454400 42
1633046400 42
1635724800 73
1638316800 46
1640995200 61
1643673600 48
1646092800 48
1648771200 45
1651363200 40
1654041600 37
1656633600 8
