1193875200 8769
1196467200 14402
1199145600 4015
1201824000 3524
1204329600 358
1207008000 470
1209600000 189
1212278400 290
1214870400 675
1217548800 304
1220227200 350
1222819200 1581
1225497600 448
1228089600 381
1230768000 474
1233446400 736
1235865600 505
1238544000 954
1241136000 1312
1243814400 1074
1246406400 3664
1249084800 2039
1251763200 2001
1254355200 2422
1257033600 1843
1259625600 1392
1262304000 1301
1264982400 1439
1267401600 1459
1270080000 1735
1272672000 1844
1275350400 1718
1277942400 1431
1280620800 1238
1283299200 1403
1285891200 1692
1288569600 1445
1291161600 1409
1293840000 1169
1296518400 758
1298937600 1776
1301616000 -775
1304208000 1504
1306886400 2199
1309478400 1437
1312156800 672
1314835200 1009
1317427200 1136
1320105600 934
1322697600 949
1325376000 2823
1328054400 1151
1330560000 1242
1333238400 1503
1335830400 1130
1338508800 1168
1341100800 1435
1343779200 1021
1346457600 947
1349049600 1129
1351728000 1693
1354320000 1311
1356998400 902
1359676800 1668
1362096000 1389
1364774400 929
1367366400 1162
1370044800 1109
1372636800 1177
1375315200 1328
1377993600 733
1380585600 915
1383264000 1931
1385856000 686
1388534400 1284
1391212800 886
1393632000 962
1396310400 1537
1398902400 648
1401580800 725
1404172800 711
1406851200 643
1409529600 1183
1412121600 1090
1414800000 795
1417392000 833
1420070400 574
1422748800 751
1425168000 827
1427846400 989
1430438400 411
1433116800 1237
1435708800 1121
1438387200 757
1441065600 692
1443657600 847
1446336000 849
1448928000 1790
1451606400 1130
1454284800 1283
1456790400 1093
1459468800 583
1462060800 1333
1464739200 1409
1467331200 1249
1470009600 1278
1472688000 1347
1475280000 3054
1477958400 1358
1480550400 765
1483228800 1681
1485907200 1755
1488326400 1725
1491004800 2172
1493596800 1432
1496275200 2123
1498867200 1447
1501545600 1881
1504224000 1248
1506816000 1280
1509494400 1373
1512086400 681
1514764800 1274
1517443200 3823
1519862400 1105
1522540800 1001
1525132800 762
1527811200 1388
1530403200 724
1533081600 1574
1535760000 625
1538352000 885
1541030400 609
1543622400 727
1546300800 694
1548979200 568
1551398400 595
1554076800 520
1556668800 477
1559347200 849
1561939200 589
1564617600 516
1567296000 787
1569888000 1019
1572566400 268
1575158400 782
1577836800 1613
1580515200 321
1583020800 1184
1585699200 1140
1588291200 922
1590969600 320
1593561600 1662
1596240000 3526
1598918400 2347
1601510400 906
1604188800 699
1606780800 909
1609459200 671
1612137600 683
1614556800 409
1617235200 447
1619827200 613
1622505600 425
1625097600 472
1627776000 439
1630454400 528
1633046400 306
1635724800 629
1638316800 718
1640995200 606
1643673600 503
1646092800 521
1648771200 423
1651363200 391
1654041600 322
1656633600 9329
1659312000 425
1661990400 682
1664582400 649
1667260800 521
1669852800 1054
1672531200 674
1675209600 438
1677628800 670
1680307200 272
1682899200 592
1685577600 609
1688169600 464
1690848000 710
1693526400 416
1696118400 435
1698796800 488
1701388800 374
1704067200 325
1706745600 510
1709251200 299
1711929600 213
1714521600 412
1717200000 275
1719792000 700
1722470400 387
1725148800 161
1727740800 114
1730419200 243
1733011200 236
1735689600 327
1738368000 1101
1740787200 205
1743465600 229
1746057600 632
1748736000 277
1751328000 340
1754006400 370
1756684800 495
1759276800 346
1761955200 234
1764547200 395
1767225600 76
