1196035200 3607
1196640000 2185
1197244800 3514
1197849600 1622
1198454400 171
1199059200 131
1199664000 403
1200268800 85
1200873600 1245
1201478400 820
1202083200 808
1202688000 591
1203292800 251
1203897600 73
1204502400 53
1205107200 1686
1205712000 141
1206316800 52
1206921600 69
1207526400 41
1208131200 37
1208736000 50
1209340800 110
1209945600 43
1210550400 30
1211155200 31
1211760000 54
1212364800 39
1212969600 61
1213574400 108
1214179200 34
1214784000 48
1215388800 47
1215993600 47
1216598400 35
1217203200 55
1217808000 41
1218412800 18
1219017600 27
1219622400 70
1220227200 46
1220832000 79
1221436800 27
1222041600 36
1222646400 259
1223251200 89
1223856000 62
1224460800 91
1225065600 99
1225670400 37
1226275200 39
1226880000 96
1227484800 28
1228089600 31
1228694400 30
1229299200 60
1229904000 20
1230508800 25
1231113600 33
1231718400 28
1232323200 72
1232928000 55
1233532800 105
1234137600 105
1234742400 57
1235347200 56
1235952000 50
1236556800 83
1237161600 40
1237766400 49
1238371200 56
1238976000 69
1239580800 95
1240185600 79
1240790400 85
1241395200 114
1242000000 51
1242604800 44
1243209600 242
1243814400 88
1244419200 62
1245024000 109
1245628800 200
1246233600 168
1246838400 266
1247443200 715
1248048000 789
1248652800 581
1249257600 368
1249862400 255
1250467200 247
1251072000 629
1251676800 373
1252281600 291
1252886400 263
1253491200 302
1254096000 230
1254700800 321
1255305600 295
1255910400 251
1256515200 221
1257120000 255
1257724800 140
1258329600 365
1258934400 291
1259539200 292
1260144000 239
1260748800 208
1261353600 131
1261958400 221
1262563200 215
1263168000 135
1263772800 205
1264377600 131
1264982400 203
1265587200 304
1266192000 207
1266796800 344
1267401600 229
1268006400 271
1268611200 236
1269216000 252
1269820800 206
1270425600 167
1271030400 166
1271635200 242
1272240000 343
1272844800 268
1273449600 187
1274054400 312
1274659200 210
1275264000 169
1275868800 235
1276473600 253
1277078400 343
1277683200 232
1278288000 202
1278892800 213
1279497600 139
1280102400 234
1280707200 182
1281312000 207
1281916800 394
1282521600 229
1283126400 145
1283731200 178
1284336000 224
1284940800 104
1285545600 121
1286150400 335
1286755200 358
1287360000 182
1287964800 211
1288569600 196
1289174400 213
1289779200 161
1290384000 166
1290988800 321
1291593600 298
1292198400 222
1292803200 239
1293408000 188
1294012800 150
1294617600 118
1295222400 183
1295827200 262
1296432000 174
1297036800 168
1297641600 494
1298246400 412
1298851200 306
1299456000 221
1300060800 274
1300665600 268
1301270400 829
1301875200 234
1302480000 306
1303084800 379
1303689600 274
1304294400 227
1304899200 275
1305504000 262
1306108800 339
1306713600 220
1307318400 444
1307923200 257
1308528000 252
1309132800 180
1309737600 143
1310342400 218
1310947200 183
1311552000 194
1312156800 268
1312761600 114
1313366400 129
1313971200 175
1314576000 215
1315180800 130
1315785600 146
1316390400 148
1316995200 211
1317600000 196
1318204800 229
1318809600 149
1319414400 174
1320019200 153
1320624000 68
1321228800 186
1321833600 147
1322438400 211
1323043200 222
1323648000 107
1324252800 82
1324857600 110
1325462400 358
1326067200 145
1326672000 183
1327276800 112
1327881600 143
1328486400 123
1329091200 153
1329696000 137
1330300800 146
1330905600 213
1331510400 113
1332115200 78
1332720000 156
1333324800 171
1333929600 147
1334534400 194
1335139200 203
1335744000 172
1336348800 134
1336953600 163
1337558400 119
1338163200 206
1338768000 203
1339372800 104
1339977600 134
1340582400 204
1341187200 422
1341792000 138
1342396800 139
1343001600 156
1343606400 138
1344211200 130
1344816000 130
1345420800 162
1346025600 227
1346630400 187
1347235200 181
1347840000 196
1348444800 170
1349049600 156
1349654400 128
1350259200 74
1350864000 165
1351468800 140
1352073600 93
1352678400 323
1353283200 403
1353888000 327
1354492800 269
1355097600 239
1355702400 119
1356307200 109
1356912000 103
1357516800 101
1358121600 228
1358726400 111
1359331200 232
1359936000 140
1360540800 406
1361145600 328
1361750400 241
1362355200 154
1362960000 180
1363564800 229
1364169600 156
1364774400 244
1365379200 204
1365984000 179
1366588800 109
1367193600 138
1367798400 165
1368403200 224
1369008000 184
1369612800 141
1370217600 115
1370822400 213
1371427200 151
1372032000 136
1372636800 128
1373241600 192
1373846400 205
1374451200 168
1375056000 274
1375660800 176
1376265600 191
1376870400 211
1377475200 138
1378080000 208
1378684800 122
1379289600 97
1379894400 97
1380499200 58
1381104000 71
1381708800 334
1382313600 103
1382918400 168
1383523200 176
1384128000 103
1384732800 206
1385337600 121
1385942400 107
1386547200 166
1387152000 137
1387756800 61
1388361600 68
1388966400 167
1389571200 158
1390176000 149
1390780800 147
1391385600 169
1391990400 168
1392595200 147
1393200000 94
1393804800 123
1394409600 135
1395014400 177
1395619200 84
1396224000 146
1396828800 186
1397433600 171
1398038400 185
1398643200 53
1399248000 161
1399852800 83
1400457600 96
1401062400 133
1401667200 54
1402272000 123
1402876800 144
1403481600 102
1404086400 204
1404691200 110
1405296000 172
1405900800 149
1406505600 110
1407110400 92
1407715200 81
1408320000 139
1408924800 107
1409529600 148
1410134400 196
1410739200 286
1411344000 157
1411948800 211
1412553600 137
1413158400 147
1413763200 106
1414368000 147
1414972800 136
1415577600 77
1416182400 120
1416787200 203
1417392000 80
1417996800 120
1418601600 154
1419206400 98
1419811200 98
1420416000 124
1421020800 103
1421625600 133
1422230400 122
1422835200 221
1423440000 139
1424044800 132
1424649600 141
1425254400 115
1425859200 205
1426464000 83
1427068800 129
1427673600 111
1428278400 134
1428883200 99
1429488000 178
1430092800 156
1430697600 77
1431302400 93
1431907200 144
1432512000 160
1433116800 201
1433721600 84
1434326400 247
1434931200 91
1435536000 136
1436140800 66
1436745600 129
1437350400 178
1437955200 134
1438560000 124
1439164800 189
1439769600 78
1440374400 210
1440979200 101
1441584000 154
1442188800 150
1442793600 130
1443398400 140
1444003200 114
1444608000 69
1445212800 136
1445817600 87
1446422400 274
1447027200 84
1447632000 249
1448236800 158
1448841600 162
1449446400 308
1450051200 276
1450656000 152
1451260800 94
1451865600 94
1452470400 184
1453075200 225
1453680000 191
1454284800 95
1454889600 132
1455494400 174
1456099200 108
1456704000 372
1457308800 148
1457913600 131
1458518400 76
1459123200 122
1459728000 106
1460332800 103
1460937600 89
1461542400 98
1462147200 166
1462752000 190
1463356800 135
1463961600 165
1464566400 164
1465171200 189
1465776000 162
1466380800 165
1466985600 127
1467590400 168
1468195200 284
1468800000 153
1469404800 172
1470009600 222
1470614400 116
1471219200 183
1471824000 181
1472428800 155
1473033600 167
1473638400 246
1474243200 347
1474848000 184
1475452800 321
1476057600 315
1476662400 416
1477267200 360
1477872000 75
1478476800 246
1479081600 234
1479686400 175
1480291200 166
1480896000 162
1481500800 104
1482105600 125
1482710400 79
1483315200 386
1483920000 162
1484524800 216
1485129600 284
1485734400 247
1486339200 306
1486944000 189
1487548800 283
1488153600 293
1488758400 197
1489363200 186
1489968000 123
1490572800 144
1491177600 177
1491782400 122
1492387200 368
1492992000 251
1493596800 202
1494201600 247
1494806400 403
1495411200 274
1496016000 439
1496620800 589
1497225600 571
1497830400 482
1498435200 414
1499040000 329
1499644800 553
1500249600 391
1500854400 502
1501459200 322
1502064000 377
1502668800 465
1503273600 474
1503878400 229
1504483200 246
1505088000 198
1505692800 250
1506297600 316
1506902400 307
1507507200 249
1508112000 197
1508716800 417
1509321600 692
1509926400 597
1510531200 282
1511136000 312
1511740800 355
1512345600 297
1512950400 283
1513555200 332
1514160000 172
1514764800 244
1515369600 176
1515974400 334
1516579200 226
1517184000 289
1517788800 691
1518393600 715
1518998400 344
1519603200 495
1520208000 289
1520812800 204
1521417600 309
1522022400 151
1522627200 264
1523232000 222
1523836800 184
1524441600 197
1525046400 343
1525651200 127
1526256000 162
1526860800 139
1527465600 195
1528070400 387
1528675200 621
1529280000 218
1529884800 369
1530489600 233
1531094400 144
1531699200 254
1532304000 196
1532908800 221
1533513600 210
1534118400 623
1534723200 298
1535328000 543
1535932800 228
1536537600 252
1537142400 211
1537747200 89
1538352000 178
1538956800 160
1539561600 191
1540166400 157
1540771200 112
1541376000 208
1541980800 332
1542585600 100
1543190400 160
1543795200 305
1544400000 275
1545004800 157
1545609600 111
1546214400 109
1546819200 120
1547424000 148
1548028800 119
1548633600 406
1549238400 174
1549843200 216
1550448000 40
1551052800 160
1551657600 103
1552262400 116
1552867200 204
1553472000 65
1554076800 209
1554681600 218
1555286400 49
1555891200 160
1556496000 137
1557100800 108
1557705600 229
1558310400 124
1558915200 191
1559520000 165
1560124800 207
1560729600 287
1561334400 191
1561939200 211
1562544000 155
1563148800 186
1563753600 114
1564358400 120
1564963200 151
1565568000 212
1566172800 70
1566777600 226
1567382400 124
1567987200 190
1568592000 107
1569196800 180
1569801600 211
1570406400 94
1571011200 196
1571616000 241
1572220800 84
1572825600 293
1573430400 228
1574035200 169
1574640000 105
1575244800 60
1575849600 348
1576454400 265
1577059200 83
1577664000 65
1578268800 285
1578873600 115
1579478400 139
1580083200 454
1580688000 147
1581292800 167
1581897600 135
1582502400 111
1583107200 403
1583712000 243
1584316800 349
1584921600 374
1585526400 197
1586131200 168
1586736000 213
1587340800 206
1587945600 226
1588550400 157
1589155200 177
1589760000 76
1590364800 218
1590969600 89
1591574400 113
1592179200 200
1592784000 145
1593388800 113
1593993600 111
1594598400 101
1595203200 563
1595808000 215
1596412800 130
1597017600 870
1597622400 392
1598227200 254
1598832000 731
1599436800 266
1600041600 146
1600646400 87
1601251200 118
1601856000 68
1602460800 318
1603065600 284
1603670400 167
