1193875200 2590
1196467200 1312
1199145600 666
1201824000 676
1204329600 134
1207008000 77
1209600000 75
1212278400 108
1214870400 108
1217548800 83
1220227200 87
1222819200 288
1225497600 100
1228089600 83
1230768000 94
1233446400 121
1235865600 128
1238544000 227
1241136000 178
1243814400 223
1246406400 481
1249084800 300
1251763200 296
1254355200 330
1257033600 285
1259625600 191
1262304000 174
1264982400 166
1267401600 210
1270080000 239
1272672000 199
1275350400 234
1277942400 166
1280620800 168
1283299200 153
1285891200 161
1288569600 119
1291161600 128
1293840000 91
1296518400 104
1298937600 204
1301616000 249
1304208000 208
1306886400 223
1309478400 168
1312156800 128
1314835200 106
1317427200 146
1320105600 86
1322697600 98
1325376000 190
1328054400 102
1330560000 109
1333238400 143
1335830400 141
1338508800 131
1341100800 131
1343779200 120
1346457600 136
1349049600 129
1351728000 146
1354320000 138
1356998400 87
1359676800 148
1362096000 97
1364774400 114
1367366400 93
1370044800 142
1372636800 122
1375315200 173
1377993600 94
1380585600 98
1383264000 109
1385856000 86
1388534400 101
1391212800 126
1393632000 109
1396310400 96
1398902400 59
1401580800 76
1404172800 95
1406851200 91
1409529600 131
1412121600 78
1414800000 101
1417392000 74
1420070400 73
1422748800 88
1425168000 86
1427846400 69
1430438400 39
1433116800 99
1435708800 116
1438387200 106
1441065600 97
1443657600 73
1446336000 88
1448928000 89
1451606400 75
1454284800 90
1456790400 75
1459468800 68
1462060800 88
1464739200 143
1467331200 115
1470009600 116
1472688000 73
1475280000 144
1477958400 128
1480550400 66
1483228800 79
1485907200 121
1488326400 83
1491004800 153
1493596800 152
1496275200 142
1498867200 125
1501545600 112
1504224000 93
1506816000 93
1509494400 85
1512086400 76
1514764800 148
1517443200 200
1519862400 103
1522540800 91
1525132800 42
1527811200 98
1530403200 63
1533081600 104
1535760000 61
1538352000 70
1541030400 47
1543622400 50
1546300800 52
1548979200 50
1551398400 64
1554076800 65
1556668800 57
1559347200 73
1561939200 68
1564617600 74
1567296000 79
1569888000 41
1572566400 53
1575158400 57
1577836800 78
1580515200 33
1583020800 75
1585699200 93
1588291200 66
1590969600 42
1593561600 108
1596240000 167
1598918400 179
1601510400 73
