1193875200 8848
1196467200 14478
1199145600 4023
1201824000 3184
1204329600 392
1207008000 482
1209600000 207
1212278400 367
1214870400 672
1217548800 370
1220227200 429
1222819200 1645
1225497600 491
1228089600 391
1230768000 449
1233446400 666
1235865600 500
1238544000 990
1241136000 1350
1243814400 1080
1246406400 3684
1249084800 2122
1251763200 2028
1254355200 2451
1257033600 1849
1259625600 1373
1262304000 1334
1264982400 1439
1267401600 1484
1270080000 1724
1272672000 1888
1275350400 1727
1277942400 1410
1280620800 1217
1283299200 1435
1285891200 1669
1288569600 1491
1291161600 1466
1293840000 1188
1296518400 750
1298937600 1769
1301616000 -841
1304208000 1504
1306886400 2206
1309478400 1445
1312156800 708
1314835200 978
1317427200 1178
1320105600 952
1322697600 949
1325376000 2847
1328054400 1169
1330560000 1241
1333238400 1525
1335830400 1179
1338508800 1179
1341100800 1448
1343779200 1017
1346457600 1231
1349049600 1102
1351728000 1683
1354320000 1298
1356998400 924
1359676800 1682
1362096000 1340
1364774400 888
1367366400 1062
1370044800 1102
1372636800 1151
1375315200 1380
1377993600 693
1380585600 922
1383264000 1917
1385856000 689
1388534400 1264
1391212800 909
1393632000 951
1396310400 1540
1398902400 617
1401580800 712
1404172800 744
1406851200 647
1409529600 1182
1412121600 1103
1414800000 770
1417392000 841
1420070400 611
1422748800 688
1425168000 802
1427846400 1001
1430438400 412
1433116800 1245
1435708800 1135
1438387200 745
1441065600 694
1443657600 844
1446336000 879
1448928000 1787
1451606400 1121
1454284800 1279
1456790400 1105
1459468800 583
1462060800 1376
1464739200 1407
1467331200 1282
1470009600 1291
1472688000 1372
1475280000 3158
1477958400 1334
1480550400 758
1483228800 1677
1485907200 1757
1488326400 1702
1491004800 2166
1493596800 1436
1496275200 2162
1498867200 1445
1501545600 1956
1504224000 1266
1506816000 1272
1509494400 1395
1512086400 703
1514764800 1334
1517443200 3824
1519862400 1108
1522540800 1010
1525132800 771
1527811200 1384
1530403200 729
1533081600 1588
1535760000 675
1538352000 891
1541030400 612
1543622400 735
1546300800 697
1548979200 590
1551398400 586
1554076800 579
1556668800 463
1559347200 850
1561939200 602
1564617600 527
1567296000 765
1569888000 1019
1572566400 273
1575158400 783
1577836800 1631
1580515200 318
1583020800 1188
1585699200 1128
1588291200 931
1590969600 274
1593561600 1636
1596240000 3465
1598918400 2328
1601510400 915
1604188800 704
1606780800 890
1609459200 671
1612137600 683
1614556800 427
1617235200 466
1619827200 632
1622505600 481
1625097600 494
1627776000 587
1630454400 557
1633046400 311
1635724800 629
1638316800 782
1640995200 610
1643673600 485
1646092800 477
1648771200 452
1651363200 400
1654041600 353
1656633600 18
