1193875200 8848
1196467200 14478
1199145600 4023
1201824000 3184
1204329600 392
1207008000 482
1209600000 209
1212278400 367
1214870400 672
1217548800 370
1220227200 429
1222819200 1645
1225497600 491
1228089600 402
1230768000 449
1233446400 666
1235865600 500
1238544000 990
1241136000 1350
1243814400 1078
1246406400 3701
1249084800 2154
1251763200 2049
1254355200 2438
1257033600 1850
1259625600 1375
1262304000 1337
1264982400 1450
1267401600 1483
1270080000 1724
1272672000 1891
1275350400 1727
1277942400 1443
1280620800 1218
1283299200 1435
1285891200 1669
1288569600 1494
1291161600 1468
1293840000 1188
1296518400 750
1298937600 1782
1301616000 -854
1304208000 1518
1306886400 2210
1309478400 1437
1312156800 712
1314835200 983
1317427200 1186
1320105600 953
1322697600 966
1325376000 2847
1328054400 1169
1330560000 1241
1333238400 1525
1335830400 1182
1338508800 1185
1341100800 1456
1343779200 1059
1346457600 1269
1349049600 1111
1351728000 1703
1354320000 1313
1356998400 928
1359676800 1678
1362096000 1338
1364774400 930
1367366400 1053
1370044800 1135
1372636800 1171
1375315200 1357
1377993600 714
1380585600 927
1383264000 1921
1385856000 699
1388534400 1264
1391212800 914
1393632000 944
1396310400 1540
1398902400 617
1401580800 717
1404172800 747
1406851200 646
1409529600 1177
1412121600 1094
1414800000 771
1417392000 841
1420070400 610
1422748800 714
1425168000 805
1427846400 997
1430438400 412
1433116800 1245
1435708800 1147
1438387200 790
1441065600 696
1443657600 849
1446336000 882
1448928000 1791
1451606400 1127
1454284800 1275
1456790400 1105
1459468800 583
1462060800 1375
1464739200 1412
1467331200 1282
1470009600 1305
1472688000 1368
1475280000 3158
1477958400 1334
1480550400 758
1483228800 1665
1485907200 1757
1488326400 1702
1491004800 2166
1493596800 1437
1496275200 2183
1498867200 1451
1501545600 1975
1504224000 1272
1506816000 1273
1509494400 1395
1512086400 703
1514764800 1343
1517443200 3824
1519862400 1116
1522540800 1010
1525132800 768
1527811200 1384
1530403200 736
1533081600 1602
1535760000 674
1538352000 909
1541030400 612
1543622400 735
1546300800 701
1548979200 594
1551398400 581
1554076800 589
1556668800 453
1559347200 850
1561939200 601
1564617600 526
1567296000 771
1569888000 1029
1572566400 305
1575158400 793
1577836800 1643
1580515200 308
1583020800 1253
1585699200 1138
1588291200 928
1590969600 279
1593561600 1618
1596240000 3425
1598918400 2313
1601510400 1012
1604188800 779
1606780800 391
