1196035200 9296
1196640000 3847
1197244800 6525
1197849600 3090
1198454400 388
1199059200 258
1199664000 878
1200268800 134
1200873600 2246
1201478400 1516
1202083200 1361
1202688000 576
1203292800 433
1203897600 174
1204502400 60
1205107200 137
1205712000 81
1206316800 66
1206921600 100
1207526400 119
1208131200 66
1208736000 77
1209340800 121
1209945600 61
1210550400 33
1211155200 34
1211760000 72
1212364800 28
1212969600 124
1213574400 42
1214179200 74
1214784000 107
1215388800 161
1215993600 127
1216598400 128
1217203200 203
1217808000 52
1218412800 27
1219017600 23
1219622400 151
1220227200 43
1220832000 83
1221436800 20
1222041600 62
1222646400 686
1223251200 315
1223856000 135
1224460800 294
1225065600 307
1225670400 144
1226275200 77
1226880000 156
1227484800 57
1228089600 84
1228694400 65
1229299200 139
1229904000 61
1230508800 44
1231113600 49
1231718400 55
1232323200 211
1232928000 147
1233532800 215
1234137600 291
1234742400 96
1235347200 152
1235952000 117
1236556800 199
1237161600 60
1237766400 71
1238371200 113
1238976000 206
1239580800 263
1240185600 201
1240790400 279
1241395200 395
1242000000 109
1242604800 114
1243209600 626
1243814400 298
1244419200 271
1245024000 329
1245628800 91
1246233600 211
1246838400 528
1247443200 1238
1248048000 1222
1248652800 721
1249257600 691
1249862400 395
1250467200 324
1251072000 389
1251676800 672
1252281600 442
1252886400 403
1253491200 478
1254096000 272
1254700800 790
1255305600 488
1255910400 471
1256515200 513
1257120000 345
1257724800 294
1258329600 600
1258934400 464
1259539200 532
1260144000 348
1260748800 188
1261353600 257
1261958400 239
1262563200 454
1263168000 222
1263772800 277
1264377600 279
1264982400 407
1265587200 454
1266192000 197
1266796800 381
1267401600 209
1268006400 266
1268611200 364
1269216000 409
1269820800 377
1270425600 218
1271030400 246
1271635200 474
1272240000 790
1272844800 409
1273449600 308
1274054400 506
1274659200 453
1275264000 285
1275868800 257
1276473600 526
1277078400 448
1277683200 375
1278288000 342
1278892800 524
1279497600 195
1280102400 209
1280707200 210
1281312000 389
1281916800 795
1282521600 -318
1283126400 310
1283731200 285
1284336000 577
1284940800 222
1285545600 281
1286150400 534
1286755200 462
1287360000 217
1287964800 366
1288569600 336
1289174400 477
1289779200 302
1290384000 265
1290988800 335
1291593600 268
1292198400 262
1292803200 361
1293408000 388
1294012800 200
1294617600 177
1295222400 225
1295827200 390
1296432000 223
1297036800 206
1297641600 203
1298246400 116
1298851200 442
1299456000 202
1300060800 542
1300665600 472
1301270400 -2475
1301875200 55
1302480000 494
1303084800 730
1303689600 621
1304294400 323
1304899200 299
1305504000 442
1306108800 206
1306713600 453
1307318400 763
1307923200 399
1308528000 585
1309132800 319
1309737600 312
1310342400 313
1310947200 344
1311552000 347
1312156800 -129
1312761600 180
1313366400 211
1313971200 220
1314576000 302
1315180800 282
1315785600 243
1316390400 163
1316995200 318
1317600000 274
1318204800 272
1318809600 282
1319414400 193
1320019200 223
1320624000 122
1321228800 187
1321833600 213
1322438400 360
1323043200 310
1323648000 240
1324252800 152
1324857600 102
1325462400 1615
1326067200 424
1326672000 320
1327276800 225
1327881600 291
1328486400 295
1329091200 285
1329696000 321
1330300800 321
1330905600 379
1331510400 292
1332115200 115
1332720000 324
1333324800 568
1333929600 250
1334534400 295
1335139200 333
1335744000 255
1336348800 304
1336953600 124
1337558400 298
1338163200 502
1338768000 129
1339372800 171
1339977600 270
1340582400 306
1341187200 629
1341792000 195
1342396800 248
1343001600 291
1343606400 269
1344211200 259
1344816000 193
1345420800 169
1346025600 338
1346630400 48
1347235200 201
1347840000 325
1348444800 223
1349049600 402
1349654400 247
1350259200 100
1350864000 243
1351468800 244
1352073600 199
1352678400 514
1353283200 461
1353888000 539
1354492800 382
1355097600 366
1355702400 183
1356307200 250
1356912000 159
1357516800 137
1358121600 251
1358726400 164
1359331200 337
1359936000 290
1360540800 566
1361145600 551
1361750400 420
1362355200 151
1362960000 395
1363564800 314
1364169600 227
1364774400 246
1365379200 138
1365984000 207
1366588800 270
1367193600 250
1367798400 404
1368403200 173
1369008000 191
1369612800 260
1370217600 253
1370822400 329
1371427200 237
1372032000 242
1372636800 250
1373241600 311
1373846400 245
1374451200 294
1375056000 219
1375660800 251
1376265600 249
1376870400 452
1377475200 252
1378080000 247
1378684800 191
1379289600 97
1379894400 147
1380499200 65
1381104000 108
1381708800 481
1382313600 160
1382918400 295
1383523200 1064
1384128000 242
1384732800 293
1385337600 199
1385942400 197
1386547200 171
1387152000 172
1387756800 101
1388361600 436
1388966400 262
1389571200 300
1390176000 177
1390780800 206
1391385600 204
1391990400 283
1392595200 123
1393200000 209
1393804800 191
1394409600 181
1395014400 420
1395619200 114
1396224000 521
1396828800 308
1397433600 357
1398038400 340
1398643200 137
1399248000 232
1399852800 75
1400457600 93
1401062400 192
1401667200 86
1402272000 193
1402876800 313
1403481600 82
1404086400 319
1404691200 98
1405296000 177
1405900800 64
1406505600 212
1407110400 177
1407715200 133
1408320000 158
1408924800 40
1409529600 149
1410134400 151
1410739200 545
1411344000 254
1411948800 316
1412553600 229
1413158400 293
1413763200 170
1414368000 244
1414972800 164
1415577600 122
1416182400 163
1416787200 268
1417392000 152
1417996800 297
1418601600 176
1419206400 129
1419811200 133
1420416000 130
1421020800 144
1421625600 92
1422230400 267
1422835200 133
1423440000 275
1424044800 102
1424649600 170
1425254400 104
1425859200 328
1426464000 119
1427068800 188
1427673600 143
1428278400 131
1428883200 229
1429488000 385
1430092800 152
1430697600 115
1431302400 155
1431907200 94
1432512000 42
1433116800 568
1433721600 150
1434326400 389
1434931200 103
1435536000 202
1436140800 345
1436745600 226
1437350400 183
1437955200 246
1438560000 80
1439164800 182
1439769600 238
1440374400 183
1440979200 136
1441584000 170
1442188800 214
1442793600 147
1443398400 252
1444003200 189
1444608000 50
1445212800 212
1445817600 196
1446422400 138
1447027200 154
1447632000 315
1448236800 192
1448841600 225
1449446400 577
1450051200 757
1450656000 218
1451260800 73
1451865600 200
1452470400 292
1453075200 270
1453680000 351
1454284800 325
1454889600 219
1455494400 550
1456099200 180
1456704000 350
1457308800 370
1457913600 142
1458518400 76
1459123200 191
1459728000 83
1460332800 184
1460937600 159
1461542400 196
1462147200 226
1462752000 315
1463356800 313
1463961600 365
1464566400 375
1465171200 445
1465776000 274
1466380800 208
1466985600 297
1467590400 277
1468195200 208
1468800000 301
1469404800 321
1470009600 292
1470614400 203
1471219200 319
1471824000 315
1472428800 216
1473033600 225
1473638400 468
1474243200 302
1474848000 335
1475452800 942
1476057600 534
1476662400 757
1477267200 760
1477872000 123
1478476800 413
1479081600 300
1479686400 376
1480291200 233
1480896000 248
1481500800 189
1482105600 148
1482710400 122
1483315200 732
1483920000 207
1484524800 405
1485129600 229
1485734400 375
1486339200 498
1486944000 202
1487548800 568
1488153600 584
1488758400 374
1489363200 577
1489968000 213
1490572800 212
1491177600 238
1491782400 185
1492387200 427
1492992000 1289
1493596800 258
1494201600 290
1494806400 467
1495411200 204
1496016000 340
1496620800 490
1497225600 530
1497830400 493
1498435200 633
1499040000 314
1499644800 418
1500249600 251
1500854400 273
1501459200 348
1502064000 620
1502668800 448
1503273600 377
1503878400 209
1504483200 244
1505088000 97
1505692800 399
1506297600 463
1506902400 448
1507507200 221
1508112000 165
1508716800 306
1509321600 381
1509926400 526
1510531200 200
1511136000 265
1511740800 196
1512345600 207
1512950400 91
1513555200 226
1514160000 67
1514764800 382
1515369600 185
1515974400 323
1516579200 185
1517184000 303
1517788800 750
1518393600 2297
1518998400 327
1519603200 425
1520208000 317
1520812800 228
1521417600 319
1522022400 170
1522627200 266
1523232000 253
1523836800 178
1524441600 218
1525046400 364
1525651200 134
1526256000 108
1526860800 116
1527465600 169
1528070400 224
1528675200 712
1529280000 175
1529884800 242
1530489600 307
1531094400 146
1531699200 127
1532304000 92
1532908800 131
1533513600 171
1534118400 570
1534723200 380
1535328000 367
1535932800 256
1536537600 149
1537142400 154
1537747200 56
1538352000 270
1538956800 103
1539561600 149
1540166400 295
1540771200 65
1541376000 149
1541980800 184
1542585600 182
1543190400 152
1543795200 357
1544400000 78
1545004800 192
1545609600 40
1546214400 98
1546819200 224
1547424000 100
1548028800 95
1548633600 285
1549238400 206
1549843200 201
1550448000 45
1551052800 38
1551657600 78
1552262400 160
1552867200 248
1553472000 84
1554076800 179
1554681600 125
1555286400 21
1555891200 178
1556496000 69
1557100800 103
1557705600 188
1558310400 68
1558915200 90
1559520000 141
1560124800 140
1560729600 150
1561334400 394
1561939200 140
1562544000 161
1563148800 195
1563753600 88
1564358400 46
1564963200 78
1565568000 248
1566172800 69
1566777600 222
1567382400 115
1567987200 305
1568592000 74
1569196800 135
1569801600 84
1570406400 79
1571011200 616
1571616000 203
1572220800 78
1572825600 33
1573430400 94
1574035200 90
1574640000 26
1575244800 30
1575849600 480
1576454400 230
1577059200 22
1577664000 32
1578268800 448
1578873600 61
1579478400 437
1580083200 665
1580688000 15
1581292800 171
1581897600 42
1582502400 89
1583107200 420
1583712000 236
1584316800 252
1584921600 238
1585526400 217
1586131200 132
1586736000 231
1587340800 184
1587945600 435
1588550400 97
1589155200 309
1589760000 106
1590364800 383
1590969600 214
1591574400 101
1592179200 70
1592784000 -63
1593388800 53
1593993600 132
1594598400 122
1595203200 1147
1595808000 210
1596412800 106
1597017600 2099
1597622400 1041
1598227200 274
1598832000 1437
1599436800 550
1600041600 200
1600646400 80
1601251200 119
1601856000 80
1602460800 239
1603065600 193
1603670400 376
1604275200 259
1604880000 150
1605484800 126
1606089600 136
1606694400 406
1607299200 251
1607904000 160
1608508800 98
1609113600 28
1609718400 84
1610323200 314
1610928000 146
1611532800 102
1612137600 310
1612742400 135
1613347200 132
1613952000 106
1614556800 110
1615161600 70
1615766400 109
1616371200 95
1616976000 63
1617580800 164
1618185600 118
1618790400 91
1619395200 44
1620000000 131
1620604800 150
1621209600 186
1621814400 101
1622419200 105
1623024000 108
1623628800 158
1624233600 113
1624838400 7
1625443200 79
1626048000 110
1626652800 174
1627257600 95
1627862400 69
1628467200 102
1629072000 166
1629676800 76
1630281600 176
1630886400 80
1631491200 176
1632096000 72
1632700800 53
1633305600 113
1633910400 52
1634515200 67
1635120000 56
1635724800 110
1636329600 126
1636934400 169
1637539200 179
1638144000 103
1638748800 127
1639353600 254
1639958400 224
1640563200 156
1641168000 97
1641772800 181
1642377600 126
1642982400 100
1643587200 68
1644192000 58
1644796800 75
1645401600 186
1646006400 216
1646611200 157
1647216000 124
1647820800 128
1648425600 22
1649030400 39
1649635200 0
1650240000 261
1650844800 146
1651449600 97
1652054400 124
1652659200 18
1653264000 97
1653868800 56
1654473600 39
1655078400 170
1655683200 26
1656288000 66
1656892800 201
1657497600 7049
1658102400 61
1658707200 2006
1659312000 69
1659916800 65
1660521600 109
1661126400 165
1661731200 45
1662336000 68
1662940800 122
1663545600 242
1664150400 243
1664755200 200
1665360000 149
1665964800 107
1666569600 172
1667174400 102
1667779200 142
1668384000 162
1668988800 102
1669593600 130
1670198400 343
1670803200 309
1671408000 186
1672012800 99
1672617600 198
1673222400 99
1673827200 173
1674432000 160
1675036800 97
1675641600 17
1676246400 182
1676851200 51
1677456000 208
1678060800 233
1678665600 104
1679270400 117
1679875200 188
1680480000 139
1681084800 35
1681689600 44
1682294400 9
1682899200 44
1683504000 53
1684108800 253
1684713600 191
1685318400 348
1685923200 79
1686528000 85
1687132800 95
1687737600 63
1688342400 234
1688947200 55
1689552000 92
1690156800 73
1690761600 92
1691366400 281
1691971200 150
1692576000 167
1693180800 97
1693785600 92
1694390400 66
1694995200 157
1695600000 75
1696204800 103
1696809600 78
1697414400 80
1698019200 95
1698624000 113
1699228800 144
1699833600 109
1700438400 116
1701043200 130
1701648000 124
1702252800 46
1702857600 29
1703462400 79
1704067200 32
1704672000 103
1705276800 119
1705881600 63
1706486400 102
1707091200 209
1707696000 55
1708300800 80
1708905600 134
1709510400 54
1710115200 41
1710720000 40
1711324800 102
1711929600 35
1712534400 41
1713139200 76
1713744000 58
1714348800 63
1714953600 150
1715558400 30
1716163200 57
1716768000 134
1717372800 52
1717977600 20
1718582400 62
1719187200 122
1719792000 22
1720396800 4
1721001600 70
1721606400 278
1722211200 419
1722816000 72
1723420800 97
1724025600 82
1724630400 54
1725235200 65
1725840000 42
1726444800 12
1727049600 31
1727654400 2
1728259200 12
1728864000 29
1729468800 29
1730073600 63
1730678400 61
1731283200 60
1731888000 42
1732492800 71
1733097600 62
1733702400 45
1734307200 81
1734912000 36
1735516800 54
1736121600 58
1736726400 96
1737331200 91
1737936000 28
1738540800 867
1739145600 17
1739750400 84
1740355200 139
1740960000 64
1741564800 30
1742169600 54
1742774400 51
1743379200 133
1743984000 23
1744588800 8
1745193600 6
1745798400 127
1746403200 15
1747008000 13
1747612800 87
1748217600 449
1748822400 61
1749427200 59
1750032000 99
1750636800 56
1751241600 120
1751846400 82
1752451200 42
1753056000 85
1753660800 60
1754265600 73
1754870400 125
1755475200 82
1756080000 43
1756684800 38
1757289600 188
1757894400 49
1758499200 211
1759104000 32
1759708800 112
1760313600 62
1760918400 111
1761523200 53
1762128000 43
1762732800 33
1763337600 41
1763942400 102
1764547200 149
1765152000 42
1765756800 61
1766361600 59
1766966400 147
1767571200 13
