1193875200 3281
1196467200 7711
1199145600 2051
1201824000 1884
1204329600 1921
1207008000 236
1209600000 163
1212278400 221
1214870400 195
1217548800 144
1220227200 231
1222819200 444
1225497600 195
1228089600 135
1230768000 187
1233446400 291
1235865600 219
1238544000 324
1241136000 459
1243814400 484
1246406400 2222
1249084800 1640
1251763200 1188
1254355200 1209
1257033600 1075
1259625600 919
1262304000 729
1264982400 1012
1267401600 1070
1270080000 915
1272672000 1020
1275350400 1103
1277942400 817
1280620800 1104
1283299200 630
1285891200 1151
1288569600 792
1291161600 1061
1293840000 833
1296518400 1264
1298937600 1178
1301616000 1799
1304208000 1162
1306886400 1198
1309478400 798
1312156800 808
1314835200 616
1317427200 794
1320105600 645
1322697600 588
1325376000 849
1328054400 545
1330560000 635
1333238400 716
1335830400 658
1338508800 737
1341100800 862
1343779200 654
1346457600 692
1349049600 585
1351728000 1106
1354320000 773
1356998400 601
1359676800 1071
1362096000 822
1364774400 731
1367366400 726
1370044800 617
1372636800 856
1375315200 776
1377993600 482
1380585600 617
1383264000 670
1385856000 473
1388534400 638
1391212800 544
1393632000 525
1396310400 692
1398902400 461
1401580800 455
1404172800 647
1406851200 463
1409529600 887
1412121600 598
1414800000 542
1417392000 505
1420070400 463
1422748800 571
1425168000 567
1427846400 606
1430438400 503
1433116800 631
1435708800 558
1438387200 669
1441065600 572
1443657600 472
1446336000 755
1448928000 940
1451606400 689
1454284800 514
1456790400 790
1459468800 391
1462060800 721
1464739200 722
1467331200 786
1470009600 760
1472688000 984
1475280000 1432
1477958400 817
1480550400 525
1483228800 1110
1485907200 1028
1488326400 840
1491004800 930
1493596800 1305
1496275200 1989
1498867200 2015
1501545600 1583
1504224000 1065
1506816000 1311
1509494400 1956
1512086400 1156
1514764800 1076
1517443200 2186
1519862400 1050
1522540800 927
1525132800 764
1527811200 1664
1530403200 959
1533081600 1687
1535760000 758
1538352000 737
1541030400 752
1543622400 877
1546300800 641
1548979200 656
1551398400 532
1554076800 600
1556668800 644
1559347200 841
1561939200 691
1564617600 660
1567296000 673
1569888000 772
1572566400 721
1575158400 721
1577836800 770
1580515200 734
1583020800 1330
1585699200 931
1588291200 642
1590969600 508
1593561600 1085
1596240000 1625
1598918400 1256
1601510400 776
1604188800 913
1606780800 590
1609459200 655
1612137600 653
1614556800 420
1617235200 524
1619827200 736
1622505600 685
1625097600 458
1627776000 633
1630454400 480
1633046400 511
1635724800 653
1638316800 1078
1640995200 825
1643673600 560
1646092800 599
1648771200 732
1651363200 606
1654041600 445
1656633600 2258
1659312000 519
1661990400 773
1664582400 811
1667260800 685
1669852800 1105
1672531200 711
1675209600 560
1677628800 835
1680307200 349
1682899200 764
1685577600 692
1688169600 540
1690848000 901
1693526400 428
1696118400 437
1698796800 621
1701388800 450
1704067200 296
1706745600 345
1709251200 403
1711929600 314
1714521600 479
1717200000 259
1719792000 919
1722470400 749
1725148800 204
1727740800 211
1730419200 358
1733011200 238
1735689600 481
1738368000 604
1740787200 340
1743465600 296
1746057600 390
1748736000 282
1751328000 402
1754006400 370
1756684800 329
1759276800 332
1761955200 257
1764547200 225
1767225600 85
