1193875200 3319
1196467200 7780
1199145600 2067
1201824000 2329
1204329600 1946
1207008000 252
1209600000 187
1212278400 260
1214870400 221
1217548800 166
1220227200 274
1222819200 505
1225497600 209
1228089600 155
1230768000 198
1233446400 315
1235865600 245
1238544000 347
1241136000 473
1243814400 506
1246406400 2276
1249084800 1734
1251763200 1220
1254355200 1250
1257033600 1121
1259625600 976
1262304000 754
1264982400 1058
1267401600 1119
1270080000 938
1272672000 1044
1275350400 1122
1277942400 831
1280620800 1118
1283299200 642
1285891200 1161
1288569600 805
1291161600 1097
1293840000 836
1296518400 1275
1298937600 1202
1301616000 1820
1304208000 1177
1306886400 1206
1309478400 807
1312156800 844
1314835200 625
1317427200 814
1320105600 674
1322697600 589
1325376000 868
1328054400 567
1330560000 635
1333238400 728
1335830400 674
1338508800 749
1341100800 906
1343779200 660
1346457600 779
1349049600 599
1351728000 1106
1354320000 793
1356998400 649
1359676800 1086
1362096000 835
1364774400 765
1367366400 746
1370044800 629
1372636800 857
1375315200 807
1377993600 495
1380585600 624
1383264000 673
1385856000 475
1388534400 645
1391212800 586
1393632000 544
1396310400 697
1398902400 467
1401580800 460
1404172800 678
1406851200 465
1409529600 889
1412121600 606
1414800000 560
1417392000 511
1420070400 496
1422748800 589
1425168000 576
1427846400 616
1430438400 510
1433116800 632
1435708800 559
1438387200 675
1441065600 572
1443657600 475
1446336000 784
1448928000 948
1451606400 705
1454284800 517
1456790400 795
1459468800 391
1462060800 730
1464739200 723
1467331200 818
1470009600 768
1472688000 1007
1475280000 1441
1477958400 819
1480550400 527
1483228800 1114
1485907200 1038
1488326400 847
1491004800 933
1493596800 1331
1496275200 2039
1498867200 2016
1501545600 1705
1504224000 1077
1506816000 1324
1509494400 1987
1512086400 1201
1514764800 1101
1517443200 2222
1519862400 1121
1522540800 945
1525132800 782
1527811200 1677
1530403200 969
1533081600 1710
1535760000 823
1538352000 750
1541030400 765
1543622400 920
1546300800 660
1548979200 732
1551398400 544
1554076800 680
1556668800 678
1559347200 913
1561939200 706
1564617600 669
1567296000 681
1569888000 781
1572566400 812
1575158400 731
1577836800 812
1580515200 754
1583020800 1372
1585699200 935
1588291200 649
1590969600 530
1593561600 1092
1596240000 1638
1598918400 1271
1601510400 783
1604188800 927
1606780800 594
1609459200 664
1612137600 653
1614556800 430
1617235200 547
1619827200 747
1622505600 697
1625097600 494
1627776000 723
1630454400 505
1633046400 547
1635724800 614
