1193875200 3319
1196467200 7779
1199145600 2067
1201824000 2328
1204329600 1946
1207008000 251
1209600000 187
1212278400 259
1214870400 221
1217548800 166
1220227200 274
1222819200 504
1225497600 209
1228089600 152
1230768000 197
1233446400 314
1235865600 245
1238544000 343
1241136000 469
1243814400 493
1246406400 2273
1249084800 1693
1251763200 1196
1254355200 1227
1257033600 1091
1259625600 962
1262304000 742
1264982400 1033
1267401600 1089
1270080000 926
1272672000 1035
1275350400 1112
1277942400 823
1280620800 1116
1283299200 639
1285891200 1157
1288569600 795
1291161600 1075
1293840000 834
1296518400 1272
1298937600 1178
1301616000 1805
1304208000 1175
1306886400 1199
1309478400 799
1312156800 838
1314835200 617
1317427200 811
1320105600 663
1322697600 588
1325376000 856
1328054400 547
1330560000 635
1333238400 721
1335830400 661
1338508800 739
1341100800 867
1343779200 658
1346457600 765
1349049600 588
1351728000 1106
1354320000 778
1356998400 610
1359676800 1078
1362096000 824
1364774400 743
1367366400 736
1370044800 622
1372636800 857
1375315200 782
1377993600 485
1380585600 623
1383264000 673
1385856000 474
1388534400 641
1391212800 583
1393632000 530
1396310400 696
1398902400 466
1401580800 460
1404172800 647
1406851200 464
1409529600 887
1412121600 603
1414800000 549
1417392000 509
1420070400 469
1422748800 585
1425168000 576
1427846400 610
1430438400 510
1433116800 632
1435708800 559
1438387200 669
1441065600 572
1443657600 475
1446336000 784
1448928000 941
1451606400 689
1454284800 514
1456790400 790
1459468800 391
1462060800 726
1464739200 722
1467331200 788
1470009600 761
1472688000 992
1475280000 1435
1477958400 819
1480550400 525
1483228800 1111
1485907200 1030
1488326400 840
1491004800 932
1493596800 1305
1496275200 2028
1498867200 2015
1501545600 1583
1504224000 1065
1506816000 1313
1509494400 1957
1512086400 1157
1514764800 1077
1517443200 2187
1519862400 1051
1522540800 928
1525132800 764
1527811200 1668
1530403200 961
1533081600 1688
1535760000 759
1538352000 737
1541030400 752
1543622400 877
1546300800 641
1548979200 656
1551398400 532
1554076800 601
1556668800 644
1559347200 841
1561939200 696
1564617600 661
1567296000 680
1569888000 772
1572566400 721
1575158400 721
1577836800 771
1580515200 734
1583020800 1330
1585699200 932
1588291200 642
1590969600 512
1593561600 1085
1596240000 1626
1598918400 1256
1601510400 782
1604188800 913
1606780800 590
1609459200 655
1612137600 653
1614556800 420
1617235200 525
1619827200 736
1622505600 692
1625097600 469
1627776000 676
1630454400 500
1633046400 517
1635724800 653
1638316800 1091
1640995200 840
1643673600 570
1646092800 610
1648771200 732
1651363200 606
1654041600 448
1656633600 2258
1659312000 520
1661990400 777
1664582400 813
1667260800 703
1669852800 1121
1672531200 711
1675209600 560
1677628800 835
1680307200 355
1682899200 764
1685577600 693
1688169600 547
1690848000 901
1693526400 431
1696118400 442
1698796800 635
1701388800 450
1704067200 296
1706745600 345
1709251200 489
1711929600 314
1714521600 499
1717200000 266
1719792000 923
1722470400 749
1725148800 204
1727740800 212
1730419200 358
1733011200 238
1735689600 359
