1193875200 2787
1196467200 2167
1199145600 788
1201824000 604
1204329600 158
1207008000 63
1209600000 65
1212278400 66
1214870400 91
1217548800 65
1220227200 73
1222819200 154
1225497600 62
1228089600 43
1230768000 54
1233446400 70
1235865600 61
1238544000 109
1241136000 155
1243814400 119
1246406400 508
1249084800 372
1251763200 272
1254355200 308
1257033600 252
1259625600 183
1262304000 179
1264982400 209
1267401600 234
1270080000 213
1272672000 227
1275350400 248
1277942400 192
1280620800 212
1283299200 156
1285891200 212
1288569600 170
1291161600 214
1293840000 149
1296518400 110
1298937600 210
1301616000 252
1304208000 173
1306886400 224
1309478400 165
1312156800 133
1314835200 133
1317427200 175
1320105600 126
1322697600 131
1325376000 266
1328054400 140
1330560000 140
1333238400 167
1335830400 129
1338508800 146
1341100800 196
1343779200 155
1346457600 148
1349049600 145
1351728000 234
1354320000 142
1356998400 129
1359676800 212
1362096000 153
1364774400 143
1367366400 118
1370044800 130
1372636800 127
1375315200 179
1377993600 99
1380585600 99
1383264000 107
1385856000 82
1388534400 122
1391212800 113
1393632000 119
1396310400 147
1398902400 72
1401580800 94
1404172800 110
1406851200 93
1409529600 136
1412121600 115
1414800000 94
1417392000 85
1420070400 69
1422748800 90
1425168000 92
1427846400 91
1430438400 68
1433116800 111
1435708800 112
1438387200 109
1441065600 107
1443657600 112
1446336000 103
1448928000 152
1451606400 96
1454284800 124
1456790400 112
1459468800 80
1462060800 133
1464739200 126
1467331200 135
1470009600 152
1472688000 165
1475280000 318
1477958400 174
1480550400 107
1483228800 171
1485907200 219
1488326400 175
1491004800 184
1493596800 182
1496275200 278
1498867200 197
1501545600 216
1504224000 127
1506816000 174
1509494400 205
1512086400 97
1514764800 155
1517443200 299
1519862400 180
1522540800 130
1525132800 92
1527811200 216
1530403200 101
1533081600 200
1535760000 99
1538352000 93
1541030400 110
1543622400 102
1546300800 77
1548979200 93
1551398400 62
1554076800 85
1556668800 70
1559347200 106
1561939200 97
1564617600 78
1567296000 90
1569888000 107
1572566400 58
1575158400 88
1577836800 114
1580515200 89
1583020800 152
1585699200 129
1588291200 98
1590969600 48
1593561600 105
1596240000 169
1598918400 130
1601510400 123
1604188800 127
1606780800 70
1609459200 95
1612137600 86
1614556800 67
1617235200 74
1619827200 85
