1193875200 2593
1196467200 1316
1199145600 669
1201824000 674
1204329600 134
1207008000 76
1209600000 75
1212278400 108
1214870400 108
1217548800 83
1220227200 87
1222819200 290
1225497600 101
1228089600 82
1230768000 94
1233446400 121
1235865600 126
1238544000 226
1241136000 181
1243814400 217
1246406400 480
1249084800 302
1251763200 290
1254355200 329
1257033600 280
1259625600 193
1262304000 168
1264982400 163
1267401600 211
1270080000 241
1272672000 198
1275350400 235
1277942400 164
1280620800 169
1283299200 149
1285891200 163
1288569600 123
1291161600 131
1293840000 91
1296518400 109
1298937600 203
1301616000 248
1304208000 209
1306886400 217
1309478400 174
1312156800 130
1314835200 104
1317427200 145
1320105600 80
1322697600 94
1325376000 192
1328054400 103
1330560000 110
1333238400 143
1335830400 135
1338508800 131
1341100800 128
1343779200 112
1346457600 137
1349049600 129
1351728000 148
1354320000 133
1356998400 82
1359676800 150
1362096000 100
1364774400 104
1367366400 93
1370044800 139
1372636800 123
1375315200 166
1377993600 95
1380585600 101
1383264000 108
1385856000 84
1388534400 104
1391212800 125
1393632000 107
1396310400 98
1398902400 62
1401580800 76
1404172800 88
1406851200 90
1409529600 129
1412121600 79
1414800000 99
1417392000 75
1420070400 70
1422748800 81
1425168000 87
1427846400 67
1430438400 39
1433116800 96
1435708800 108
1438387200 97
1441065600 97
1443657600 73
1446336000 87
1448928000 85
1451606400 78
1454284800 90
1456790400 76
1459468800 70
1462060800 95
1464739200 144
1467331200 114
1470009600 112
1472688000 75
1475280000 142
1477958400 129
1480550400 66
1483228800 78
1485907200 122
1488326400 81
1491004800 152
1493596800 148
1496275200 143
1498867200 124
1501545600 105
1504224000 92
1506816000 93
1509494400 78
1512086400 72
1514764800 137
1517443200 202
1519862400 90
1522540800 93
1525132800 42
1527811200 98
1530403200 60
1533081600 101
1535760000 58
1538352000 66
1541030400 47
1543622400 50
1546300800 52
1548979200 47
1551398400 64
1554076800 62
1556668800 61
1559347200 73
1561939200 67
1564617600 69
1567296000 76
1569888000 38
1572566400 50
1575158400 57
1577836800 73
1580515200 33
1583020800 72
1585699200 92
1588291200 65
1590969600 41
1593561600 113
1596240000 167
1598918400 179
1601510400 68
1604188800 70
1606780800 86
1609459200 66
1612137600 51
1614556800 58
1617235200 56
1619827200 61
1622505600 59
1625097600 59
1627776000 82
1630454400 42
1633046400 42
1635724800 65
1638316800 46
1640995200 63
1643673600 46
1646092800 43
1648771200 42
1651363200 36
1654041600 37
1656633600 70
1659312000 24
1661990400 62
1664582400 60
1667260800 53
1669852800 50
1672531200 35
1675209600 29
1677628800 46
1680307200 25
1682899200 46
1685577600 53
1688169600 39
1690848000 47
1693526400 35
1696118400 44
1698796800 42
1701388800 33
1704067200 26
1706745600 46
1709251200 11
1711929600 18
1714521600 38
1717200000 25
1719792000 37
1722470400 39
1725148800 22
1727740800 14
1730419200 29
1733011200 20
1735689600 14
