1196035200 3551
1196640000 2130
1197244800 3251
1197849600 1581
1198454400 162
1199059200 106
1199664000 392
1200268800 78
1200873600 1185
1201478400 779
1202083200 728
1202688000 570
1203292800 235
1203897600 66
1204502400 41
1205107200 349
1205712000 91
1206316800 37
1206921600 50
1207526400 34
1208131200 31
1208736000 40
1209340800 103
1209945600 27
1210550400 25
1211155200 23
1211760000 44
1212364800 29
1212969600 50
1213574400 66
1214179200 27
1214784000 35
1215388800 37
1215993600 36
1216598400 30
1217203200 47
1217808000 26
1218412800 9
1219017600 12
1219622400 63
1220227200 27
1220832000 65
1221436800 18
1222041600 31
1222646400 188
1223251200 71
1223856000 52
1224460800 72
1225065600 81
1225670400 34
1226275200 30
1226880000 40
1227484800 25
1228089600 25
1228694400 23
1229299200 51
1229904000 17
1230508800 17
1231113600 27
1231718400 18
1232323200 54
1232928000 41
1233532800 94
1234137600 98
1234742400 45
1235347200 49
1235952000 35
1236556800 70
1237161600 31
1237766400 43
1238371200 43
1238976000 54
1239580800 72
1240185600 65
1240790400 62
1241395200 104
1242000000 41
1242604800 33
1243209600 231
1243814400 74
1244419200 51
1245024000 87
1245628800 46
1246233600 60
1246838400 129
1247443200 317
1248048000 270
1248652800 203
1249257600 155
1249862400 126
1250467200 101
1251072000 216
1251676800 164
1252281600 104
1252886400 99
1253491200 110
1254096000 87
1254700800 131
1255305600 91
1255910400 92
1256515200 122
1257120000 87
1257724800 72
1258329600 150
1258934400 125
1259539200 157
1260144000 97
1260748800 76
1261353600 73
1261958400 86
1262563200 102
1263168000 60
1263772800 84
1264377600 69
1264982400 69
1265587200 86
1266192000 60
1266796800 128
1267401600 87
1268006400 85
1268611200 103
1269216000 98
1269820800 76
1270425600 67
1271030400 61
1271635200 100
1272240000 187
1272844800 104
1273449600 79
1274054400 130
1274659200 86
1275264000 59
1275868800 99
1276473600 108
1277078400 108
1277683200 100
1278288000 60
1278892800 106
1279497600 57
1280102400 80
1280707200 60
1281312000 93
1281916800 163
1282521600 127
1283126400 56
1283731200 78
1284336000 119
1284940800 52
1285545600 64
1286150400 110
1286755200 105
1287360000 63
1287964800 69
1288569600 94
1289174400 104
1289779200 63
1290384000 45
1290988800 101
1291593600 93
1292198400 76
1292803200 87
1293408000 69
1294012800 75
1294617600 47
1295222400 55
1295827200 97
1296432000 82
1297036800 63
1297641600 138
1298246400 146
1298851200 104
1299456000 69
1300060800 100
1300665600 126
1301270400 572
1301875200 113
1302480000 129
1303084800 176
1303689600 139
1304294400 77
1304899200 88
1305504000 117
1306108800 176
1306713600 100
1307318400 150
1307923200 97
1308528000 120
1309132800 81
1309737600 70
1310342400 84
1310947200 95
1311552000 76
1312156800 142
1312761600 39
1313366400 37
1313971200 59
1314576000 65
1315180800 47
1315785600 50
1316390400 47
1316995200 72
1317600000 75
1318204800 84
1318809600 47
1319414400 66
1320019200 52
1320624000 30
1321228800 56
1321833600 78
1322438400 72
1323043200 66
1323648000 72
1324252800 41
1324857600 47
1325462400 167
1326067200 68
1326672000 56
1327276800 52
1327881600 46
1328486400 51
1329091200 50
1329696000 62
1330300800 70
1330905600 49
1331510400 47
1332115200 33
1332720000 47
1333324800 70
1333929600 51
1334534400 92
1335139200 72
1335744000 68
1336348800 82
1336953600 34
1337558400 46
1338163200 69
1338768000 58
1339372800 41
1339977600 58
1340582400 92
1341187200 149
1341792000 43
1342396800 66
1343001600 65
1343606400 73
1344211200 58
1344816000 48
1345420800 49
1346025600 101
1346630400 111
1347235200 84
1347840000 75
1348444800 55
1349049600 66
1349654400 50
1350259200 33
1350864000 65
1351468800 55
1352073600 31
1352678400 98
1353283200 139
1353888000 162
1354492800 108
1355097600 79
1355702400 40
1356307200 58
1356912000 54
1357516800 34
1358121600 68
1358726400 45
1359331200 70
1359936000 78
1360540800 248
1361145600 115
1361750400 79
1362355200 46
1362960000 87
1363564800 113
1364169600 55
1364774400 69
1365379200 66
1365984000 57
1366588800 40
1367193600 75
1367798400 105
1368403200 55
1369008000 64
1369612800 75
1370217600 48
1370822400 79
1371427200 63
1372032000 50
1372636800 53
1373241600 123
1373846400 66
1374451200 112
1375056000 80
1375660800 51
1376265600 74
1376870400 87
1377475200 63
1378080000 55
1378684800 39
1379289600 30
1379894400 24
1380499200 21
1381104000 25
1381708800 206
1382313600 39
1382918400 55
1383523200 83
1384128000 33
1384732800 63
1385337600 39
1385942400 44
1386547200 50
1387152000 61
1387756800 27
1388361600 44
1388966400 69
1389571200 77
1390176000 60
1390780800 53
1391385600 56
1391990400 62
1392595200 51
1393200000 60
1393804800 49
1394409600 51
1395014400 88
1395619200 28
1396224000 67
1396828800 66
1397433600 51
1398038400 74
1398643200 31
1399248000 45
1399852800 23
1400457600 31
1401062400 56
1401667200 24
1402272000 62
1402876800 60
1403481600 49
1404086400 98
1404691200 46
1405296000 58
1405900800 74
1406505600 44
1407110400 43
1407715200 30
1408320000 55
1408924800 68
1409529600 39
1410134400 88
1410739200 89
1411344000 66
1411948800 70
1412553600 48
1413158400 66
1413763200 41
1414368000 52
1414972800 54
1415577600 35
1416182400 69
1416787200 67
1417392000 40
1417996800 47
1418601600 46
1419206400 40
1419811200 43
1420416000 21
1421020800 30
1421625600 63
1422230400 46
1422835200 49
1423440000 44
1424044800 40
1424649600 58
1425254400 40
1425859200 75
1426464000 33
1427068800 38
1427673600 31
1428278400 13
1428883200 42
1429488000 87
1430092800 57
1430697600 21
1431302400 25
1431907200 45
1432512000 53
1433116800 80
1433721600 33
1434326400 164
1434931200 32
1435536000 39
1436140800 36
1436745600 58
1437350400 37
1437955200 48
1438560000 36
1439164800 49
1439769600 35
1440374400 66
1440979200 39
1441584000 41
1442188800 65
1442793600 40
1443398400 54
1444003200 38
1444608000 23
1445212800 47
1445817600 40
1446422400 36
1447027200 29
1447632000 67
1448236800 46
1448841600 42
1449446400 104
1450051200 95
1450656000 77
1451260800 34
1451865600 35
1452470400 51
1453075200 82
1453680000 75
1454284800 42
1454889600 57
1455494400 65
1456099200 50
1456704000 323
1457308800 62
1457913600 41
1458518400 16
1459123200 47
1459728000 32
1460332800 39
1460937600 36
1461542400 44
1462147200 58
1462752000 71
1463356800 50
1463961600 49
1464566400 66
1465171200 69
1465776000 46
1466380800 65
1466985600 53
1467590400 51
1468195200 84
1468800000 86
1469404800 57
1470009600 97
1470614400 45
1471219200 99
1471824000 67
1472428800 55
1473033600 57
1473638400 80
1474243200 80
1474848000 54
1475452800 125
1476057600 86
1476662400 142
1477267200 127
1477872000 34
1478476800 95
1479081600 66
1479686400 66
1480291200 58
1480896000 59
1481500800 37
1482105600 47
1482710400 32
1483315200 245
1483920000 43
1484524800 76
1485129600 96
1485734400 88
1486339200 94
1486944000 50
1487548800 90
1488153600 102
1488758400 66
1489363200 60
1489968000 36
1490572800 47
1491177600 40
1491782400 27
1492387200 207
1492992000 124
1493596800 59
1494201600 66
1494806400 76
1495411200 62
1496016000 69
1496620800 129
1497225600 96
1497830400 83
1498435200 117
1499040000 57
1499644800 120
1500249600 69
1500854400 86
1501459200 73
1502064000 89
1502668800 78
1503273600 67
1503878400 51
1504483200 41
1505088000 27
1505692800 68
1506297600 78
1506902400 89
1507507200 47
1508112000 47
1508716800 61
1509321600 109
1509926400 129
1510531200 57
1511136000 57
1511740800 66
1512345600 51
1512950400 40
1513555200 49
1514160000 21
1514764800 60
1515369600 45
1515974400 62
1516579200 52
1517184000 54
1517788800 142
1518393600 369
1518998400 81
1519603200 111
1520208000 57
1520812800 53
1521417600 80
1522022400 38
1522627200 53
1523232000 49
1523836800 50
1524441600 41
1525046400 67
1525651200 25
1526256000 33
1526860800 28
1527465600 37
1528070400 77
1528675200 131
1529280000 43
1529884800 56
1530489600 59
1531094400 22
1531699200 40
1532304000 29
1532908800 30
1533513600 47
1534118400 89
1534723200 62
1535328000 113
1535932800 51
1536537600 51
1537142400 47
1537747200 15
1538352000 39
1538956800 21
1539561600 27
1540166400 36
1540771200 23
1541376000 42
1541980800 59
1542585600 32
1543190400 35
1543795200 64
1544400000 39
1545004800 29
1545609600 12
1546214400 37
1546819200 39
1547424000 29
1548028800 24
1548633600 72
1549238400 57
1549843200 52
1550448000 11
1551052800 54
1551657600 28
1552262400 30
1552867200 50
1553472000 17
1554076800 42
1554681600 47
1555286400 8
1555891200 43
1556496000 37
1557100800 27
1557705600 42
1558310400 18
1558915200 27
1559520000 39
1560124800 33
1560729600 31
1561334400 50
1561939200 49
1562544000 42
1563148800 38
1563753600 20
1564358400 31
1564963200 31
1565568000 68
1566172800 18
1566777600 44
1567382400 27
1567987200 30
1568592000 14
1569196800 41
1569801600 39
1570406400 15
1571011200 91
1571616000 41
1572220800 20
1572825600 56
1573430400 32
1574035200 19
1574640000 6
1575244800 12
1575849600 75
1576454400 54
1577059200 7
1577664000 9
1578268800 62
1578873600 18
1579478400 77
1580083200 66
1580688000 14
1581292800 58
1581897600 29
1582502400 29
1583107200 69
1583712000 40
1584316800 55
1584921600 56
1585526400 39
1586131200 34
1586736000 45
1587340800 43
1587945600 78
1588550400 30
1589155200 54
1589760000 18
1590364800 61
1590969600 22
1591574400 16
1592179200 18
1592784000 84
1593388800 23
1593993600 19
1594598400 35
1595203200 434
1595808000 104
1596412800 42
1597017600 723
1597622400 297
1598227200 176
1598832000 641
1599436800 187
1600041600 48
1600646400 29
1601251200 29
1601856000 22
1602460800 61
1603065600 63
1603670400 53
1604275200 71
1604880000 59
1605484800 34
1606089600 45
1606694400 133
1607299200 45
1607904000 33
1608508800 25
1609113600 14
1609718400 79
1610323200 77
1610928000 31
1611532800 20
1612137600 47
1612742400 28
1613347200 35
1613952000 30
1614556800 27
1615161600 20
1615766400 19
1616371200 16
1616976000 22
1617580800 28
1618185600 22
1618790400 32
1619395200 11
1620000000 35
1620604800 42
1621209600 50
1621814400 38
1622419200 29
1623024000 25
1623628800 86
1624233600 25
1624838400 26
1625443200 27
1626048000 31
1626652800 17
1627257600 40
1627862400 27
1628467200 19
1629072000 32
1629676800 29
1630281600 41
1630886400 32
1631491200 31
1632096000 23
1632700800 15
1633305600 41
1633910400 22
1634515200 19
1635120000 46
1635724800 28
1636329600 35
1636934400 26
1637539200 39
1638144000 35
1638748800 36
1639353600 51
1639958400 52
1640563200 20
1641168000 22
1641772800 71
1642377600 66
1642982400 34
1643587200 19
1644192000 20
1644796800 19
1645401600 41
1646006400 21
1646611200 35
1647216000 25
1647820800 24
1648425600 9
1649030400 17
1649635200 48
1650240000 45
1650844800 42
1651449600 28
1652054400 27
1652659200 9
1653264000 23
1653868800 16
1654473600 17
1655078400 47
1655683200 13
1656288000 45
1656892800 34
1657497600 1469
1658102400 15
1658707200 214
1659312000 28
1659916800 33
1660521600 26
1661126400 77
1661731200 14
1662336000 23
1662940800 35
1663545600 77
1664150400 71
1664755200 64
1665360000 41
1665964800 22
1666569600 39
1667174400 30
1667779200 48
1668384000 28
1668988800 36
1669593600 37
1670198400 70
1670803200 123
1671408000 45
1672012800 28
1672617600 69
1673222400 25
1673827200 41
1674432000 61
1675036800 25
1675641600 6
1676246400 57
1676851200 9
1677456000 51
1678060800 67
1678665600 58
1679270400 30
1679875200 53
1680480000 31
1681084800 13
1681689600 17
1682294400 10
1682899200 21
1683504000 24
1684108800 43
1684713600 37
1685318400 58
1685923200 18
1686528000 18
1687132800 40
1687737600 26
1688342400 52
1688947200 29
1689552000 21
1690156800 16
1690761600 25
1691366400 77
1691971200 46
1692576000 21
1693180800 30
1693785600 19
1694390400 20
1694995200 27
1695600000 24
1696204800 34
1696809600 24
1697414400 16
1698019200 24
1698624000 26
1699228800 27
1699833600 46
1700438400 43
1701043200 34
1701648000 28
1702252800 16
1702857600 8
1703462400 14
1704067200 7
1704672000 25
1705276800 24
1705881600 13
1706486400 20
1707091200 79
1707696000 26
1708300800 20
1708905600 38
1709510400 13
1710115200 10
1710720000 29
1711324800 49
1711929600 9
1712534400 18
1713139200 16
1713744000 17
1714348800 26
1714953600 41
1715558400 12
1716163200 13
1716768000 28
1717372800 16
1717977600 9
1718582400 15
1719187200 17
1719792000 6
1720396800 2
1721001600 21
1721606400 77
1722211200 119
1722816000 21
1723420800 32
1724025600 23
1724630400 18
1725235200 17
1725840000 15
1726444800 8
1727049600 7
1727654400 1
1728259200 17
1728864000 6
1729468800 15
1730073600 18
1730678400 21
1731283200 24
1731888000 7
1732492800 21
1733097600 15
1733702400 7
1734307200 21
1734912000 6
1735516800 19
1736121600 31
1736726400 29
