1193875200 3230
1196467200 7342
1199145600 1937
1201824000 1738
1204329600 502
1207008000 195
1209600000 127
1212278400 148
1214870400 151
1217548800 97
1220227200 165
1222819200 335
1225497600 123
1228089600 110
1230768000 137
1233446400 257
1235865600 174
1238544000 251
1241136000 415
1243814400 274
1246406400 858
1249084800 637
1251763200 464
1254355200 482
1257033600 450
1259625600 408
1262304000 322
1264982400 329
1267401600 401
1270080000 409
1272672000 416
1275350400 428
1277942400 323
1280620800 471
1283299200 302
1285891200 383
1288569600 328
1291161600 372
1293840000 311
1296518400 447
1298937600 420
1301616000 1070
1304208000 501
1306886400 488
1309478400 349
1312156800 307
1314835200 217
1317427200 292
1320105600 253
1322697600 244
1325376000 380
1328054400 221
1330560000 209
1333238400 290
1335830400 253
1338508800 281
1341100800 349
1343779200 276
1346457600 288
1349049600 241
1351728000 423
1354320000 319
1356998400 230
1359676800 498
1362096000 348
1364774400 258
1367366400 317
1370044800 252
1372636800 406
1375315200 299
1377993600 154
1380585600 312
1383264000 239
1385856000 192
1388534400 274
1391212800 234
1393632000 232
1396310400 259
1398902400 146
1401580800 215
1404172800 292
1406851200 218
1409529600 321
1412121600 224
1414800000 234
1417392000 192
1420070400 166
1422748800 180
1425168000 202
1427846400 205
1430438400 155
1433116800 315
1435708800 195
1438387200 206
1441065600 196
1443657600 186
1446336000 180
1448928000 332
1451606400 255
1454284800 217
1456790400 478
1459468800 144
1462060800 252
1464739200 272
1467331200 293
1470009600 336
1472688000 287
1475280000 492
1477958400 292
1480550400 185
1483228800 514
1485907200 323
1488326400 263
1491004800 404
1493596800 301
1496275200 395
1498867200 405
1501545600 324
1504224000 227
1506816000 276
1509494400 373
1512086400 179
1514764800 243
1517443200 699
1519862400 260
1522540800 208
1525132800 158
1527811200 319
1530403200 166
1533081600 323
1535760000 168
1538352000 136
1541030400 168
1543622400 156
1546300800 159
1548979200 173
1551398400 167
1554076800 162
1556668800 117
1559347200 164
1561939200 163
1564617600 158
1567296000 129
1569888000 192
1572566400 122
1575158400 153
1577836800 223
1580515200 134
1583020800 233
1585699200 220
1588291200 172
1590969600 142
1593561600 610
1596240000 1242
1598918400 917
1601510400 208
1604188800 218
1606780800 235
1609459200 220
1612137600 140
1614556800 93
1617235200 101
1619827200 174
1622505600 163
1625097600 124
1627776000 109
1630454400 135
1633046400 129
1635724800 138
1638316800 177
1640995200 195
1643673600 102
1646092800 104
1648771200 148
1651363200 101
1654041600 107
1656633600 1756
1659312000 172
1661990400 204
1664582400 172
1667260800 147
1669852800 294
1672531200 203
1675209600 118
1677628800 215
1680307200 81
1682899200 144
1685577600 134
1688169600 123
1690848000 175
1693526400 97
1696118400 115
1698796800 151
1701388800 85
1704067200 71
1706745600 153
1709251200 120
1711929600 62
1714521600 109
1717200000 60
1719792000 168
1722470400 149
1725148800 49
1727740800 50
1730419200 74
1733011200 55
1735689600 115
1738368000 123
1740787200 56
1743465600 64
1746057600 90
1748736000 63
1751328000 93
1754006400 101
1756684800 128
1759276800 100
1761955200 52
1764547200 73
1767225600 20
