1193875200 3319
1196467200 7780
1199145600 2067
1201824000 2329
1204329600 1948
1207008000 252
1209600000 187
1212278400 260
1214870400 221
1217548800 166
1220227200 274
1222819200 505
1225497600 209
1228089600 155
1230768000 198
1233446400 315
1235865600 245
1238544000 347
1241136000 473
1243814400 506
1246406400 2276
1249084800 1735
1251763200 1220
1254355200 1250
1257033600 1121
1259625600 976
1262304000 755
1264982400 1058
1267401600 1119
1270080000 938
1272672000 1044
1275350400 1122
1277942400 831
1280620800 1118
1283299200 642
1285891200 1162
1288569600 805
1291161600 1097
1293840000 836
1296518400 1275
1298937600 1202
1301616000 1820
1304208000 1177
1306886400 1206
1309478400 807
1312156800 845
1314835200 625
1317427200 814
1320105600 674
1322697600 590
1325376000 868
1328054400 567
1330560000 635
1333238400 728
1335830400 674
1338508800 749
1341100800 906
1343779200 660
1346457600 779
1349049600 609
1351728000 1107
1354320000 793
1356998400 650
1359676800 1086
1362096000 836
1364774400 765
1367366400 746
1370044800 638
1372636800 859
1375315200 812
1377993600 550
1380585600 631
1383264000 673
1385856000 486
1388534400 651
1391212800 587
1393632000 554
1396310400 697
1398902400 471
1401580800 469
1404172800 680
1406851200 465
1409529600 903
1412121600 606
1414800000 560
1417392000 511
1420070400 496
1422748800 639
1425168000 577
1427846400 616
1430438400 510
1433116800 632
1435708800 562
1438387200 677
1441065600 573
1443657600 475
1446336000 787
1448928000 951
1451606400 711
1454284800 517
1456790400 795
1459468800 391
1462060800 730
1464739200 726
1467331200 828
1470009600 771
1472688000 1007
1475280000 1441
1477958400 819
1480550400 527
1483228800 1123
1485907200 1038
1488326400 847
1491004800 933
1493596800 1351
1496275200 2084
1498867200 2017
1501545600 1711
1504224000 1077
1506816000 1324
1509494400 1987
1512086400 1202
1514764800 1101
1517443200 2222
1519862400 1138
1522540800 945
1525132800 782
1527811200 1677
1530403200 970
1533081600 1712
1535760000 823
1538352000 763
1541030400 765
1543622400 920
1546300800 674
1548979200 758
1551398400 545
1554076800 683
1556668800 678
1559347200 913
1561939200 706
1564617600 669
1567296000 684
1569888000 789
1572566400 819
1575158400 760
1577836800 817
1580515200 792
1583020800 1398
1585699200 947
1588291200 649
1590969600 532
1593561600 1092
1596240000 1649
1598918400 1271
1601510400 783
1604188800 934
1606780800 594
1609459200 675
1612137600 667
1614556800 447
1617235200 566
1619827200 584
