1193875200 3319
1196467200 7779
1199145600 2067
1201824000 2329
1204329600 1946
1207008000 252
1209600000 187
1212278400 260
1214870400 221
1217548800 166
1220227200 274
1222819200 505
1225497600 209
1228089600 153
1230768000 197
1233446400 315
1235865600 245
1238544000 347
1241136000 473
1243814400 506
1246406400 2274
1249084800 1709
1251763200 1214
1254355200 1250
1257033600 1120
1259625600 974
1262304000 754
1264982400 1057
1267401600 1117
1270080000 928
1272672000 1043
1275350400 1122
1277942400 823
1280620800 1117
1283299200 642
1285891200 1161
1288569600 805
1291161600 1096
1293840000 836
1296518400 1275
1298937600 1202
1301616000 1820
1304208000 1175
1306886400 1203
1309478400 805
1312156800 844
1314835200 618
1317427200 811
1320105600 674
1322697600 589
1325376000 868
1328054400 549
1330560000 635
1333238400 728
1335830400 668
1338508800 749
1341100800 894
1343779200 660
1346457600 774
1349049600 591
1351728000 1106
1354320000 787
1356998400 648
1359676800 1078
1362096000 829
1364774400 756
1367366400 741
1370044800 623
1372636800 857
1375315200 787
1377993600 485
1380585600 624
1383264000 673
1385856000 475
1388534400 644
1391212800 584
1393632000 543
1396310400 696
1398902400 467
1401580800 460
1404172800 678
1406851200 465
1409529600 889
1412121600 605
1414800000 560
1417392000 511
1420070400 496
1422748800 588
1425168000 576
1427846400 616
1430438400 510
1433116800 632
1435708800 559
1438387200 669
1441065600 572
1443657600 475
1446336000 784
1448928000 947
1451606400 705
1454284800 517
1456790400 795
1459468800 391
1462060800 728
1464739200 723
1467331200 818
1470009600 767
1472688000 1006
1475280000 1441
1477958400 819
1480550400 527
1483228800 1114
1485907200 1038
1488326400 847
1491004800 933
1493596800 1330
1496275200 2038
1498867200 2016
1501545600 1704
1504224000 1076
1506816000 1324
1509494400 1987
1512086400 1201
1514764800 1097
1517443200 2222
1519862400 1121
1522540800 945
1525132800 782
1527811200 1677
1530403200 969
1533081600 1710
1535760000 823
1538352000 747
1541030400 765
1543622400 920
1546300800 659
1548979200 732
1551398400 544
1554076800 680
1556668800 678
1559347200 913
1561939200 706
1564617600 669
1567296000 680
1569888000 781
1572566400 808
1575158400 731
1577836800 812
1580515200 753
1583020800 1351
1585699200 935
1588291200 649
1590969600 530
1593561600 1090
1596240000 1638
1598918400 1271
1601510400 783
1604188800 926
1606780800 592
1609459200 664
1612137600 653
1614556800 430
1617235200 545
1619827200 747
1622505600 697
1625097600 485
1627776000 723
1630454400 503
1633046400 517
1635724800 653
1638316800 1097
1640995200 851
1643673600 577
1646092800 633
1648771200 739
1651363200 637
1654041600 468
1656633600 100
