1193875200 3267
1196467200 7411
1199145600 1953
1201824000 2180
1204329600 524
1207008000 210
1209600000 151
1212278400 186
1214870400 175
1217548800 119
1220227200 206
1222819200 392
1225497600 136
1228089600 126
1230768000 147
1233446400 279
1235865600 199
1238544000 268
1241136000 424
1243814400 280
1246406400 902
1249084800 686
1251763200 467
1254355200 491
1257033600 465
1259625600 448
1262304000 334
1264982400 343
1267401600 418
1270080000 419
1272672000 429
1275350400 432
1277942400 326
1280620800 482
1283299200 310
1285891200 383
1288569600 328
1291161600 374
1293840000 313
1296518400 446
1298937600 416
1301616000 1079
1304208000 501
1306886400 487
1309478400 350
1312156800 320
1314835200 216
1317427200 296
1320105600 253
1322697600 244
1325376000 381
1328054400 222
1330560000 207
1333238400 293
1335830400 255
1338508800 283
1341100800 351
1343779200 280
1346457600 351
1349049600 243
1351728000 419
1354320000 323
1356998400 239
1359676800 503
1362096000 349
1364774400 262
1367366400 327
1370044800 257
1372636800 403
1375315200 304
1377993600 155
1380585600 318
1383264000 237
1385856000 193
1388534400 276
1391212800 245
1393632000 234
1396310400 262
1398902400 149
1401580800 219
1404172800 292
1406851200 219
1409529600 319
1412121600 226
1414800000 239
1417392000 194
1420070400 170
1422748800 191
1425168000 207
1427846400 208
1430438400 157
1433116800 315
1435708800 196
1438387200 205
1441065600 195
1443657600 187
1446336000 187
1448928000 333
1451606400 255
1454284800 217
1456790400 478
1459468800 144
1462060800 254
1464739200 272
1467331200 294
1470009600 336
1472688000 291
1475280000 491
1477958400 294
1480550400 184
1483228800 513
1485907200 323
1488326400 262
1491004800 405
1493596800 301
1496275200 399
1498867200 404
1501545600 323
1504224000 227
1506816000 278
1509494400 373
1512086400 179
1514764800 243
1517443200 700
1519862400 259
1522540800 208
1525132800 159
1527811200 319
1530403200 168
1533081600 324
1535760000 169
1538352000 136
1541030400 168
1543622400 156
1546300800 158
1548979200 173
1551398400 167
1554076800 163
1556668800 117
1559347200 164
1561939200 164
1564617600 159
1567296000 135
1569888000 192
1572566400 122
1575158400 152
1577836800 222
1580515200 134
1583020800 232
1585699200 220
1588291200 172
1590969600 142
1593561600 610
1596240000 1242
1598918400 916
1601510400 209
1604188800 218
1606780800 235
1609459200 220
1612137600 140
1614556800 93
1617235200 102
1619827200 174
1622505600 168
1625097600 126
1627776000 114
1630454400 137
1633046400 131
1635724800 138
1638316800 180
1640995200 198
1643673600 103
1646092800 105
1648771200 148
1651363200 101
1654041600 108
1656633600 1756
1659312000 173
1661990400 204
1664582400 173
1667260800 150
1669852800 295
1672531200 203
1675209600 118
1677628800 215
1680307200 87
1682899200 144
1685577600 135
1688169600 124
1690848000 175
1693526400 99
1696118400 118
1698796800 152
1701388800 85
1704067200 71
1706745600 153
1709251200 129
1711929600 62
1714521600 114
1717200000 61
1719792000 168
1722470400 149
1725148800 49
1727740800 50
1730419200 74
1733011200 55
1735689600 79
