1196035200 9371
1196640000 3918
1197244800 6469
1197849600 3106
1198454400 437
1199059200 257
1199664000 888
1200268800 153
1200873600 2228
1201478400 1533
1202083200 1350
1202688000 180
1203292800 478
1203897600 174
1204502400 74
1205107200 153
1205712000 78
1206316800 66
1206921600 98
1207526400 119
1208131200 69
1208736000 89
1209340800 113
1209945600 74
1210550400 41
1211155200 36
1211760000 65
1212364800 27
1212969600 135
1213574400 83
1214179200 97
1214784000 100
1215388800 152
1215993600 130
1216598400 132
1217203200 217
1217808000 79
1218412800 27
1219017600 29
1219622400 178
1220227200 57
1220832000 121
1221436800 22
1222041600 86
1222646400 708
1223251200 312
1223856000 151
1224460800 309
1225065600 321
1225670400 161
1226275200 99
1226880000 161
1227484800 56
1228089600 87
1228694400 79
1229299200 129
1229904000 69
1230508800 39
1231113600 46
1231718400 53
1232323200 197
1232928000 141
1233532800 160
1234137600 288
1234742400 87
1235347200 148
1235952000 117
1236556800 196
1237161600 71
1237766400 59
1238371200 116
1238976000 200
1239580800 278
1240185600 217
1240790400 283
1241395200 392
1242000000 142
1242604800 104
1243209600 627
1243814400 290
1244419200 269
1245024000 316
1245628800 99
1246233600 216
1246838400 528
1247443200 1266
1248048000 1216
1248652800 718
1249257600 710
1249862400 409
1250467200 330
1251072000 423
1251676800 689
1252281600 442
1252886400 395
1253491200 475
1254096000 269
1254700800 778
1255305600 496
1255910400 469
1256515200 510
1257120000 349
1257724800 287
1258329600 589
1258934400 473
1259539200 527
1260144000 332
1260748800 187
1261353600 238
1261958400 255
1262563200 466
1263168000 218
1263772800 264
1264377600 286
1264982400 408
1265587200 448
1266192000 170
1266796800 384
1267401600 227
1268006400 260
1268611200 368
1269216000 420
1269820800 360
1270425600 235
1271030400 244
1271635200 473
1272240000 778
1272844800 414
1273449600 320
1274054400 518
1274659200 460
1275264000 277
1275868800 283
1276473600 516
1277078400 458
1277683200 376
1278288000 332
1278892800 524
1279497600 192
1280102400 191
1280707200 217
1281312000 376
1281916800 791
1282521600 -315
1283126400 310
1283731200 285
1284336000 580
1284940800 243
1285545600 278
1286150400 522
1286755200 459
1287360000 212
1287964800 366
1288569600 337
1289174400 475
1289779200 301
1290384000 265
1290988800 344
1291593600 261
1292198400 290
1292803200 362
1293408000 386
1294012800 208
1294617600 177
1295222400 225
1295827200 390
1296432000 211
1297036800 218
1297641600 211
1298246400 111
1298851200 439
1299456000 207
1300060800 534
1300665600 454
1301270400 -2533
1301875200 57
1302480000 511
1303084800 729
1303689600 617
1304294400 331
1304899200 301
1305504000 443
1306108800 201
1306713600 450
1307318400 763
1307923200 405
1308528000 585
1309132800 306
1309737600 313
1310342400 313
1310947200 342
1311552000 347
1312156800 -72
1312761600 180
1313366400 201
1313971200 206
1314576000 302
1315180800 283
1315785600 243
1316390400 153
1316995200 312
1317600000 273
1318204800 278
1318809600 283
1319414400 229
1320019200 219
1320624000 122
1321228800 195
1321833600 208
1322438400 360
1323043200 310
1323648000 240
1324252800 156
1324857600 102
1325462400 1617
1326067200 424
1326672000 318
1327276800 225
1327881600 307
1328486400 295
1329091200 289
1329696000 323
1330300800 319
1330905600 379
1331510400 290
1332115200 124
1332720000 324
1333324800 577
1333929600 247
1334534400 296
1335139200 334
1335744000 269
1336348800 304
1336953600 124
1337558400 299
1338163200 503
1338768000 129
1339372800 171
1339977600 268
1340582400 310
1341187200 626
1341792000 196
1342396800 240
1343001600 288
1343606400 276
1344211200 261
1344816000 190
1345420800 168
1346025600 342
1346630400 31
1347235200 492
1347840000 342
1348444800 218
1349049600 373
1349654400 248
1350259200 101
1350864000 243
1351468800 244
1352073600 199
1352678400 514
1353283200 454
1353888000 538
1354492800 385
1355097600 357
1355702400 177
1356307200 242
1356912000 150
1357516800 138
1358121600 254
1358726400 164
1359331200 340
1359936000 290
1360540800 561
1361145600 566
1361750400 421
1362355200 145
1362960000 366
1363564800 314
1364169600 209
1364774400 246
1365379200 137
1365984000 207
1366588800 263
1367193600 205
1367798400 352
1368403200 172
1369008000 191
1369612800 233
1370217600 246
1370822400 337
1371427200 238
1372032000 229
1372636800 233
1373241600 315
1373846400 240
1374451200 287
1375056000 240
1375660800 254
1376265600 249
1376870400 453
1377475200 252
1378080000 256
1378684800 191
1379289600 85
1379894400 147
1380499200 65
1381104000 107
1381708800 476
1382313600 171
1382918400 295
1383523200 1065
1384128000 226
1384732800 297
1385337600 201
1385942400 198
1386547200 171
1387152000 173
1387756800 101
1388361600 436
1388966400 262
1389571200 290
1390176000 169
1390780800 207
1391385600 208
1391990400 297
1392595200 123
1393200000 209
1393804800 191
1394409600 182
1395014400 407
1395619200 114
1396224000 518
1396828800 308
1397433600 356
1398038400 344
1398643200 121
1399248000 225
1399852800 75
1400457600 87
1401062400 192
1401667200 86
1402272000 185
1402876800 313
1403481600 77
1404086400 319
1404691200 98
1405296000 177
1405900800 64
1406505600 212
1407110400 181
1407715200 133
1408320000 158
1408924800 40
1409529600 149
1410134400 145
1410739200 544
1411344000 254
1411948800 316
1412553600 229
1413158400 285
1413763200 187
1414368000 248
1414972800 164
1415577600 126
1416182400 129
1416787200 268
1417392000 161
1417996800 291
1418601600 177
1419206400 129
1419811200 149
1420416000 129
1421020800 144
1421625600 91
1422230400 267
1422835200 126
1423440000 214
1424044800 102
1424649600 175
1425254400 114
1425859200 324
1426464000 100
1427068800 184
1427673600 144
1428278400 131
1428883200 235
1429488000 385
1430092800 152
1430697600 115
1431302400 155
1431907200 94
1432512000 43
1433116800 568
1433721600 150
1434326400 397
1434931200 103
1435536000 213
1436140800 345
1436745600 229
1437350400 183
1437955200 246
1438560000 80
1439164800 182
1439769600 232
1440374400 177
1440979200 144
1441584000 167
1442188800 214
1442793600 147
1443398400 249
1444003200 189
1444608000 50
1445212800 222
1445817600 183
1446422400 139
1447027200 164
1447632000 333
1448236800 193
1448841600 225
1449446400 577
1450051200 757
1450656000 201
1451260800 78
1451865600 200
1452470400 292
1453075200 270
1453680000 340
1454284800 325
1454889600 219
1455494400 550
1456099200 180
1456704000 344
1457308800 370
1457913600 142
1458518400 76
1459123200 192
1459728000 83
1460332800 184
1460937600 159
1461542400 202
1462147200 234
1462752000 315
1463356800 313
1463961600 374
1464566400 386
1465171200 445
1465776000 274
1466380800 205
1466985600 297
1467590400 278
1468195200 200
1468800000 303
1469404800 321
1470009600 292
1470614400 203
1471219200 319
1471824000 315
1472428800 216
1473033600 225
1473638400 468
1474243200 323
1474848000 339
1475452800 943
1476057600 534
1476662400 749
1477267200 760
1477872000 125
1478476800 412
1479081600 300
1479686400 368
1480291200 233
1480896000 248
1481500800 180
1482105600 148
1482710400 122
1483315200 732
1483920000 207
1484524800 405
1485129600 228
1485734400 373
1486339200 503
1486944000 202
1487548800 568
1488153600 571
1488758400 374
1489363200 577
1489968000 213
1490572800 212
1491177600 238
1491782400 185
1492387200 425
1492992000 1290
1493596800 258
1494201600 290
1494806400 467
1495411200 204
1496016000 340
1496620800 474
1497225600 586
1497830400 488
1498435200 633
1499040000 314
1499644800 418
1500249600 251
1500854400 269
1501459200 348
1502064000 620
1502668800 449
1503273600 377
1503878400 209
1504483200 244
1505088000 97
1505692800 399
1506297600 463
1506902400 439
1507507200 221
1508112000 165
1508716800 309
1509321600 381
1509926400 526
1510531200 190
1511136000 265
1511740800 196
1512345600 207
1512950400 91
1513555200 226
1514160000 59
1514764800 382
1515369600 195
1515974400 323
1516579200 185
1517184000 303
1517788800 750
1518393600 2298
1518998400 327
1519603200 425
1520208000 303
1520812800 224
1521417600 319
1522022400 170
1522627200 274
1523232000 253
1523836800 173
1524441600 218
1525046400 364
1525651200 134
1526256000 101
1526860800 116
1527465600 169
1528070400 226
1528675200 712
1529280000 175
1529884800 242
1530489600 313
1531094400 146
1531699200 127
1532304000 92
1532908800 131
1533513600 174
1534118400 570
1534723200 380
1535328000 367
1535932800 256
1536537600 157
1537142400 154
1537747200 56
1538352000 270
1538956800 106
1539561600 149
1540166400 295
1540771200 65
1541376000 149
1541980800 184
1542585600 182
1543190400 152
1543795200 357
1544400000 78
1545004800 192
1545609600 40
1546214400 98
1546819200 224
1547424000 101
1548028800 95
1548633600 285
1549238400 206
1549843200 198
1550448000 45
1551052800 38
1551657600 78
1552262400 160
1552867200 248
1553472000 84
1554076800 179
1554681600 127
1555286400 21
1555891200 178
1556496000 69
1557100800 103
1557705600 188
1558310400 68
1558915200 90
1559520000 141
1560124800 140
1560729600 150
1561334400 394
1561939200 140
1562544000 161
1563148800 195
1563753600 94
1564358400 50
1564963200 78
1565568000 241
1566172800 69
1566777600 222
1567382400 115
1567987200 305
1568592000 52
1569196800 135
1569801600 84
1570406400 79
1571011200 616
1571616000 203
1572220800 78
1572825600 33
1573430400 94
1574035200 90
1574640000 26
1575244800 30
1575849600 480
1576454400 230
1577059200 21
1577664000 32
1578268800 446
1578873600 64
1579478400 437
1580083200 664
1580688000 15
1581292800 171
1581897600 41
1582502400 89
1583107200 415
1583712000 236
1584316800 252
1584921600 238
1585526400 217
1586131200 126
1586736000 231
1587340800 171
1587945600 435
1588550400 97
1589155200 309
1589760000 106
1590364800 383
1590969600 214
1591574400 101
1592179200 70
1592784000 -63
1593388800 53
1593993600 132
1594598400 122
1595203200 1123
1595808000 210
1596412800 106
1597017600 2080
1597622400 1012
1598227200 261
1598832000 1417
1599436800 550
1600041600 203
1600646400 80
1601251200 119
1601856000 80
1602460800 248
1603065600 193
1603670400 376
1604275200 259
1604880000 150
1605484800 126
1606089600 136
1606694400 382
1607299200 251
1607904000 160
1608508800 98
1609113600 28
1609718400 84
1610323200 307
1610928000 146
1611532800 102
1612137600 310
1612742400 135
1613347200 132
1613952000 106
1614556800 110
1615161600 70
1615766400 109
1616371200 95
1616976000 63
1617580800 164
1618185600 118
1618790400 95
1619395200 44
1620000000 131
1620604800 150
1621209600 186
1621814400 101
1622419200 105
1623024000 137
1623628800 183
1624233600 113
1624838400 7
1625443200 82
1626048000 115
1626652800 174
1627257600 95
1627862400 92
1628467200 132
1629072000 166
1629676800 161
1630281600 176
1630886400 99
1631491200 179
1632096000 80
1632700800 53
1633305600 118
1633910400 52
1634515200 67
1635120000 56
1635724800 110
1636329600 126
1636934400 169
1637539200 179
1638144000 103
1638748800 127
1639353600 315
1639958400 224
1640563200 158
1641168000 95
1641772800 182
1642377600 130
1642982400 100
1643587200 68
1644192000 58
1644796800 75
1645401600 162
1646006400 161
1646611200 157
1647216000 120
1647820800 128
1648425600 22
1649030400 39
1649635200 0
1650240000 261
1650844800 146
1651449600 97
1652054400 124
1652659200 18
1653264000 97
1653868800 56
1654473600 60
1655078400 170
1655683200 26
1656288000 66
1656892800 195
1657497600 6952
1658102400 61
1658707200 1994
1659312000 69
1659916800 68
1660521600 109
1661126400 162
1661731200 45
1662336000 66
1662940800 122
1663545600 246
1664150400 243
1664755200 218
1665360000 149
1665964800 107
1666569600 172
1667174400 102
1667779200 147
1668384000 149
1668988800 102
1669593600 138
1670198400 344
1670803200 309
1671408000 186
1672012800 99
1672617600 198
1673222400 99
1673827200 173
1674432000 160
1675036800 97
1675641600 17
1676246400 182
1676851200 51
1677456000 208
1678060800 233
1678665600 104
1679270400 117
1679875200 188
1680480000 139
1681084800 35
1681689600 44
1682294400 20
1682899200 44
1683504000 53
1684108800 253
1684713600 191
1685318400 348
1685923200 79
1686528000 85
1687132800 86
1687737600 63
1688342400 234
1688947200 55
1689552000 93
1690156800 73
1690761600 92
1691366400 281
1691971200 150
1692576000 167
1693180800 97
1693785600 92
1694390400 69
1694995200 157
1695600000 75
1696204800 103
1696809600 78
1697414400 80
1698019200 97
1698624000 113
1699228800 144
1699833600 109
1700438400 116
1701043200 132
1701648000 124
1702252800 46
1702857600 29
1703462400 79
1704067200 32
1704672000 103
1705276800 119
1705881600 63
1706486400 102
1707091200 209
1707696000 55
1708300800 80
1708905600 134
1709510400 54
1710115200 41
1710720000 40
1711324800 142
1711929600 35
1712534400 41
1713139200 76
1713744000 58
1714348800 63
1714953600 150
1715558400 51
1716163200 58
1716768000 134
1717372800 53
1717977600 20
1718582400 62
1719187200 122
1719792000 22
1720396800 4
1721001600 70
1721606400 278
1722211200 419
1722816000 72
1723420800 97
1724025600 82
1724630400 54
1725235200 65
1725840000 42
1726444800 12
1727049600 31
1727654400 2
1728259200 12
1728864000 29
1729468800 29
1730073600 65
1730678400 61
1731283200 60
1731888000 42
1732492800 71
1733097600 62
1733702400 45
1734307200 81
1734912000 36
1735516800 54
1736121600 58
1736726400 87
