1193875200 3319
1196467200 7779
1199145600 2067
1201824000 2328
1204329600 1946
1207008000 251
1209600000 187
1212278400 259
1214870400 221
1217548800 166
1220227200 274
1222819200 504
1225497600 209
1228089600 153
1230768000 197
1233446400 314
1235865600 245
1238544000 343
1241136000 469
1243814400 498
1246406400 2273
1249084800 1706
1251763200 1209
1254355200 1231
1257033600 1104
1259625600 963
1262304000 742
1264982400 1033
1267401600 1089
1270080000 928
1272672000 1036
1275350400 1112
1277942400 823
1280620800 1116
1283299200 642
1285891200 1157
1288569600 796
1291161600 1076
1293840000 836
1296518400 1273
1298937600 1186
1301616000 1809
1304208000 1175
1306886400 1199
1309478400 803
1312156800 843
1314835200 617
1317427200 811
1320105600 668
1322697600 588
1325376000 868
1328054400 547
1330560000 635
1333238400 722
1335830400 661
1338508800 739
1341100800 869
1343779200 660
1346457600 767
1349049600 591
1351728000 1106
1354320000 786
1356998400 642
1359676800 1078
1362096000 824
1364774400 755
1367366400 736
1370044800 623
1372636800 857
1375315200 782
1377993600 485
1380585600 623
1383264000 673
1385856000 474
1388534400 642
1391212800 584
1393632000 530
1396310400 696
1398902400 466
1401580800 460
1404172800 666
1406851200 464
1409529600 888
1412121600 603
1414800000 549
1417392000 510
1420070400 487
1422748800 585
1425168000 576
1427846400 610
1430438400 510
1433116800 632
1435708800 559
1438387200 669
1441065600 572
1443657600 475
1446336000 784
1448928000 944
1451606400 689
1454284800 514
1456790400 793
1459468800 391
1462060800 728
1464739200 722
1467331200 795
1470009600 764
1472688000 1004
1475280000 1435
1477958400 819
1480550400 525
1483228800 1111
1485907200 1031
1488326400 841
1491004800 933
1493596800 1330
1496275200 2032
1498867200 2016
1501545600 1641
1504224000 1069
1506816000 1320
1509494400 1980
1512086400 1176
1514764800 1085
1517443200 2189
1519862400 1082
1522540800 928
1525132800 772
1527811200 1669
1530403200 969
1533081600 1710
1535760000 819
1538352000 746
1541030400 752
1543622400 877
1546300800 641
1548979200 679
1551398400 544
1554076800 622
1556668800 677
1559347200 908
1561939200 697
1564617600 665
1567296000 680
1569888000 772
1572566400 722
1575158400 721
1577836800 800
1580515200 747
1583020800 1350
1585699200 932
1588291200 642
1590969600 525
1593561600 1085
1596240000 1627
1598918400 1271
1601510400 782
1604188800 924
1606780800 590
1609459200 662
1612137600 653
1614556800 420
1617235200 536
1619827200 736
1622505600 693
1625097600 480
1627776000 676
1630454400 500
1633046400 517
1635724800 653
1638316800 1092
1640995200 840
1643673600 570
1646092800 613
1648771200 732
1651363200 606
1654041600 448
1656633600 2258
1659312000 520
1661990400 779
1664582400 814
1667260800 708
1669852800 1121
1672531200 724
1675209600 563
1677628800 860
1680307200 358
1682899200 765
1685577600 694
1688169600 547
1690848000 905
1693526400 449
1696118400 443
1698796800 638
1701388800 453
1704067200 38
