1196035200 3551
1196640000 2130
1197244800 3255
1197849600 1581
1198454400 162
1199059200 106
1199664000 392
1200268800 78
1200873600 1185
1201478400 779
1202083200 728
1202688000 570
1203292800 236
1203897600 66
1204502400 41
1205107200 349
1205712000 91
1206316800 37
1206921600 50
1207526400 34
1208131200 31
1208736000 40
1209340800 104
1209945600 27
1210550400 25
1211155200 24
1211760000 44
1212364800 30
1212969600 50
1213574400 66
1214179200 27
1214784000 35
1215388800 37
1215993600 36
1216598400 30
1217203200 47
1217808000 26
1218412800 9
1219017600 12
1219622400 63
1220227200 27
1220832000 65
1221436800 18
1222041600 31
1222646400 188
1223251200 71
1223856000 52
1224460800 72
1225065600 82
1225670400 34
1226275200 30
1226880000 40
1227484800 25
1228089600 26
1228694400 24
1229299200 52
1229904000 17
1230508800 17
1231113600 27
1231718400 18
1232323200 55
1232928000 41
1233532800 94
1234137600 98
1234742400 46
1235347200 49
1235952000 35
1236556800 70
1237161600 31
1237766400 43
1238371200 43
1238976000 54
1239580800 75
1240185600 66
1240790400 64
1241395200 105
1242000000 42
1242604800 33
1243209600 231
1243814400 77
1244419200 51
1245024000 90
1245628800 48
1246233600 62
1246838400 129
1247443200 318
1248048000 271
1248652800 203
1249257600 160
1249862400 129
1250467200 103
1251072000 221
1251676800 167
1252281600 104
1252886400 100
1253491200 113
1254096000 87
1254700800 132
1255305600 92
1255910400 108
1256515200 126
1257120000 88
1257724800 75
1258329600 161
1258934400 125
1259539200 161
1260144000 97
1260748800 76
1261353600 75
1261958400 87
1262563200 103
1263168000 62
1263772800 87
1264377600 69
1264982400 69
1265587200 86
1266192000 63
1266796800 135
1267401600 87
1268006400 93
1268611200 109
1269216000 98
1269820800 82
1270425600 67
1271030400 62
1271635200 100
1272240000 187
1272844800 104
1273449600 82
1274054400 131
1274659200 86
1275264000 59
1275868800 101
1276473600 109
1277078400 108
1277683200 106
1278288000 61
1278892800 107
1279497600 58
1280102400 80
1280707200 60
1281312000 94
1281916800 164
1282521600 127
1283126400 56
1283731200 78
1284336000 119
1284940800 54
1285545600 64
1286150400 110
1286755200 105
1287360000 63
1287964800 69
1288569600 95
1289174400 106
1289779200 66
1290384000 46
1290988800 105
1291593600 99
1292198400 78
1292803200 88
1293408000 70
1294012800 75
1294617600 47
1295222400 55
1295827200 99
1296432000 82
1297036800 63
1297641600 136
1298246400 147
1298851200 106
1299456000 70
1300060800 102
1300665600 127
1301270400 587
1301875200 114
1302480000 129
1303084800 182
1303689600 141
1304294400 78
1304899200 89
1305504000 119
1306108800 178
1306713600 101
1307318400 148
1307923200 98
1308528000 121
1309132800 84
1309737600 74
1310342400 84
1310947200 96
1311552000 77
1312156800 148
1312761600 40
1313366400 37
1313971200 59
1314576000 65
1315180800 48
1315785600 51
1316390400 47
1316995200 72
1317600000 75
1318204800 85
1318809600 47
1319414400 66
1320019200 55
1320624000 30
1321228800 59
1321833600 78
1322438400 74
1323043200 66
1323648000 72
1324252800 43
1324857600 47
1325462400 170
1326067200 68
1326672000 55
1327276800 52
1327881600 46
1328486400 51
1329091200 50
1329696000 62
1330300800 70
1330905600 48
1331510400 47
1332115200 33
1332720000 48
1333324800 70
1333929600 51
1334534400 92
1335139200 73
1335744000 68
1336348800 84
1336953600 34
1337558400 51
1338163200 69
1338768000 60
1339372800 43
1339977600 58
1340582400 92
1341187200 158
1341792000 45
1342396800 68
1343001600 67
1343606400 73
1344211200 59
1344816000 59
1345420800 50
1346025600 100
1346630400 115
1347235200 93
1347840000 75
1348444800 57
1349049600 66
1349654400 50
1350259200 33
1350864000 70
1351468800 55
1352073600 31
1352678400 98
1353283200 147
1353888000 163
1354492800 111
1355097600 82
1355702400 41
1356307200 59
1356912000 56
1357516800 35
1358121600 70
1358726400 45
1359331200 75
1359936000 78
1360540800 248
1361145600 115
1361750400 84
1362355200 52
1362960000 91
1363564800 113
1364169600 56
1364774400 75
1365379200 73
1365984000 61
1366588800 41
1367193600 76
1367798400 104
1368403200 55
1369008000 64
1369612800 76
1370217600 49
1370822400 86
1371427200 63
1372032000 51
1372636800 53
1373241600 123
1373846400 68
1374451200 112
1375056000 86
1375660800 52
1376265600 75
1376870400 86
1377475200 63
1378080000 57
1378684800 39
1379289600 30
1379894400 25
1380499200 22
1381104000 25
1381708800 208
1382313600 39
1382918400 56
1383523200 83
1384128000 34
1384732800 63
1385337600 39
1385942400 44
1386547200 51
1387152000 61
1387756800 28
1388361600 44
1388966400 71
1389571200 78
1390176000 60
1390780800 52
1391385600 57
1391990400 62
1392595200 52
1393200000 61
1393804800 52
1394409600 52
1395014400 88
1395619200 33
1396224000 67
1396828800 66
1397433600 52
1398038400 74
1398643200 30
1399248000 44
1399852800 23
1400457600 31
1401062400 57
1401667200 25
1402272000 62
1402876800 62
1403481600 49
1404086400 98
1404691200 64
1405296000 61
1405900800 76
1406505600 44
1407110400 44
1407715200 30
1408320000 55
1408924800 68
1409529600 39
1410134400 88
1410739200 91
1411344000 68
1411948800 71
1412553600 48
1413158400 66
1413763200 41
1414368000 51
1414972800 57
1415577600 36
1416182400 69
1416787200 67
1417392000 41
1417996800 47
1418601600 46
1419206400 40
1419811200 43
1420416000 23
1421020800 30
1421625600 65
1422230400 50
1422835200 58
1423440000 44
1424044800 40
1424649600 59
1425254400 40
1425859200 75
1426464000 33
1427068800 39
1427673600 31
1428278400 13
1428883200 42
1429488000 90
1430092800 57
1430697600 21
1431302400 25
1431907200 45
1432512000 53
1433116800 80
1433721600 33
1434326400 164
1434931200 32
1435536000 39
1436140800 36
1436745600 58
1437350400 39
1437955200 55
1438560000 37
1439164800 52
1439769600 35
1440374400 66
1440979200 39
1441584000 41
1442188800 66
1442793600 40
1443398400 58
1444003200 38
1444608000 23
1445212800 47
1445817600 40
1446422400 37
1447027200 29
1447632000 67
1448236800 47
1448841600 42
1449446400 108
1450051200 95
1450656000 78
1451260800 36
1451865600 35
1452470400 55
1453075200 86
1453680000 76
1454284800 42
1454889600 57
1455494400 65
1456099200 50
1456704000 328
1457308800 67
1457913600 41
1458518400 16
1459123200 47
1459728000 32
1460332800 39
1460937600 36
1461542400 44
1462147200 58
1462752000 71
1463356800 51
1463961600 48
1464566400 66
1465171200 69
1465776000 47
1466380800 66
1466985600 54
1467590400 51
1468195200 95
1468800000 89
1469404800 57
1470009600 99
1470614400 47
1471219200 101
1471824000 67
1472428800 55
1473033600 58
1473638400 81
1474243200 81
1474848000 54
1475452800 131
1476057600 86
1476662400 142
1477267200 127
1477872000 34
1478476800 95
1479081600 67
1479686400 66
1480291200 58
1480896000 60
1481500800 37
1482105600 48
1482710400 32
1483315200 244
1483920000 45
1484524800 76
1485129600 98
1485734400 87
1486339200 94
1486944000 53
1487548800 90
1488153600 102
1488758400 68
1489363200 60
1489968000 36
1490572800 48
1491177600 39
1491782400 27
1492387200 208
1492992000 125
1493596800 58
1494201600 66
1494806400 79
1495411200 62
1496016000 71
1496620800 129
1497225600 99
1497830400 87
1498435200 118
1499040000 57
1499644800 120
1500249600 69
1500854400 85
1501459200 77
1502064000 99
1502668800 90
1503273600 70
1503878400 51
1504483200 41
1505088000 27
1505692800 71
1506297600 81
1506902400 89
1507507200 48
1508112000 49
1508716800 62
1509321600 114
1509926400 129
1510531200 63
1511136000 57
1511740800 67
1512345600 56
1512950400 41
1513555200 51
1514160000 21
1514764800 66
1515369600 46
1515974400 62
1516579200 55
1517184000 56
1517788800 143
1518393600 368
1518998400 81
1519603200 122
1520208000 62
1520812800 55
1521417600 92
1522022400 39
1522627200 53
1523232000 49
1523836800 52
1524441600 41
1525046400 68
1525651200 25
1526256000 34
1526860800 29
1527465600 37
1528070400 77
1528675200 132
1529280000 44
1529884800 56
1530489600 59
1531094400 22
1531699200 42
1532304000 29
1532908800 32
1533513600 49
1534118400 90
1534723200 63
1535328000 120
1535932800 53
1536537600 51
1537142400 49
1537747200 18
1538352000 41
1538956800 22
1539561600 27
1540166400 37
1540771200 27
1541376000 42
1541980800 59
1542585600 32
1543190400 36
1543795200 65
1544400000 40
1545004800 29
1545609600 12
1546214400 37
1546819200 40
1547424000 29
1548028800 25
1548633600 73
1549238400 58
1549843200 55
1550448000 11
1551052800 56
1551657600 27
1552262400 31
1552867200 51
1553472000 17
1554076800 43
1554681600 51
1555286400 10
1555891200 43
1556496000 37
1557100800 28
1557705600 47
1558310400 18
1558915200 27
1559520000 39
1560124800 35
1560729600 30
1561334400 50
1561939200 50
1562544000 42
1563148800 38
1563753600 21
1564358400 31
1564963200 33
1565568000 73
1566172800 18
1566777600 44
1567382400 27
1567987200 31
1568592000 14
1569196800 42
1569801600 39
1570406400 18
1571011200 91
1571616000 41
1572220800 20
1572825600 61
1573430400 32
1574035200 20
1574640000 8
1575244800 15
1575849600 75
1576454400 55
1577059200 10
1577664000 17
1578268800 62
1578873600 19
1579478400 80
1580083200 68
1580688000 14
1581292800 63
1581897600 30
1582502400 31
1583107200 79
1583712000 42
1584316800 62
1584921600 74
1585526400 43
1586131200 35
1586736000 45
1587340800 45
1587945600 79
1588550400 31
1589155200 54
1589760000 19
1590364800 61
1590969600 23
1591574400 19
1592179200 19
1592784000 85
1593388800 23
1593993600 22
1594598400 35
1595203200 438
1595808000 104
1596412800 42
1597017600 725
1597622400 299
1598227200 177
1598832000 646
1599436800 191
1600041600 49
1600646400 29
1601251200 29
1601856000 25
1602460800 75
1603065600 64
1603670400 52
