1196035200 2922
1196640000 680
1197244800 675
1197849600 613
1198454400 62
1199059200 43
1199664000 127
1200268800 24
1200873600 526
1201478400 319
1202083200 180
1202688000 105
1203292800 47
1203897600 24
1204502400 15
1205107200 73
1205712000 48
1206316800 15
1206921600 22
1207526400 13
1208131200 8
1208736000 22
1209340800 29
1209945600 16
1210550400 7
1211155200 9
1211760000 9
1212364800 9
1212969600 25
1213574400 18
1214179200 12
1214784000 17
1215388800 19
1215993600 22
1216598400 14
1217203200 23
1217808000 13
1218412800 10
1219017600 9
1219622400 29
1220227200 10
1220832000 25
1221436800 8
1222041600 12
1222646400 68
1223251200 28
1223856000 22
1224460800 37
1225065600 19
1225670400 19
1226275200 14
1226880000 20
1227484800 7
1228089600 8
1228694400 11
1229299200 11
1229904000 7
1230508800 9
1231113600 5
1231718400 7
1232323200 20
1232928000 18
1233532800 18
1234137600 18
1234742400 16
1235347200 19
1235952000 16
1236556800 19
1237161600 6
1237766400 15
1238371200 14
1238976000 24
1239580800 26
1240185600 24
1240790400 32
1241395200 25
1242000000 18
1242604800 18
1243209600 85
1243814400 31
1244419200 30
1245024000 42
1245628800 10
1246233600 19
1246838400 57
1247443200 186
1248048000 163
1248652800 117
1249257600 94
1249862400 55
1250467200 68
1251072000 111
1251676800 104
1252281600 69
1252886400 49
1253491200 50
1254096000 38
1254700800 90
1255305600 63
1255910400 63
1256515200 68
1257120000 48
1257724800 39
1258329600 82
1258934400 59
1259539200 58
1260144000 47
1260748800 29
1261353600 34
1261958400 36
1262563200 52
1263168000 27
1263772800 47
1264377600 41
1264982400 37
1265587200 56
1266192000 37
1266796800 76
1267401600 41
1268006400 47
1268611200 53
1269216000 61
1269820800 54
1270425600 36
1271030400 35
1271635200 52
1272240000 77
1272844800 50
1273449600 46
1274054400 62
1274659200 50
1275264000 40
1275868800 50
1276473600 63
1277078400 64
1277683200 63
1278288000 36
1278892800 61
1279497600 30
1280102400 35
1280707200 40
1281312000 33
1281916800 79
1282521600 43
1283126400 33
1283731200 43
1284336000 45
1284940800 30
1285545600 40
1286150400 55
1286755200 59
1287360000 29
1287964800 49
1288569600 39
1289174400 53
1289779200 35
1290384000 28
1290988800 56
1291593600 48
1292198400 53
1292803200 52
1293408000 27
1294012800 28
1294617600 28
1295222400 31
1295827200 46
1296432000 18
1297036800 31
1297641600 28
1298246400 34
1298851200 47
1299456000 33
1300060800 56
1300665600 49
1301270400 89
1301875200 23
1302480000 64
1303084800 56
1303689600 51
1304294400 35
1304899200 33
1305504000 39
1306108800 47
1306713600 52
1307318400 66
1307923200 36
1308528000 54
1309132800 49
1309737600 34
1310342400 35
1310947200 42
1311552000 35
1312156800 20
1312761600 19
1313366400 24
1313971200 39
1314576000 46
1315180800 30
1315785600 30
1316390400 30
1316995200 43
1317600000 42
1318204800 42
1318809600 34
1319414400 39
1320019200 27
1320624000 20
1321228800 32
1321833600 23
1322438400 43
1323043200 43
1323648000 25
1324252800 25
1324857600 22
1325462400 122
1326067200 42
1326672000 44
1327276800 36
1327881600 36
1328486400 38
1329091200 40
1329696000 33
1330300800 26
1330905600 37
1331510400 36
1332115200 23
1332720000 32
1333324800 48
1333929600 28
1334534400 36
1335139200 50
1335744000 32
1336348800 30
1336953600 24
1337558400 28
1338163200 41
1338768000 22
1339372800 18
1339977600 38
1340582400 41
1341187200 84
1341792000 31
1342396800 17
1343001600 44
1343606400 43
1344211200 35
1344816000 22
1345420800 29
1346025600 53
1346630400 43
1347235200 29
1347840000 40
1348444800 26
1349049600 42
1349654400 27
1350259200 25
1350864000 26
1351468800 31
1352073600 19
1352678400 69
1353283200 80
1353888000 61
1354492800 45
1355097600 41
1355702400 27
1356307200 21
1356912000 17
1357516800 20
1358121600 40
1358726400 22
1359331200 51
1359936000 43
1360540800 56
1361145600 68
1361750400 49
1362355200 20
1362960000 47
1363564800 33
1364169600 25
1364774400 34
1365379200 40
1365984000 25
1366588800 25
1367193600 35
1367798400 25
1368403200 30
1369008000 26
1369612800 27
1370217600 22
1370822400 36
1371427200 33
1372032000 31
1372636800 32
1373241600 23
1373846400 35
1374451200 24
1375056000 31
1375660800 38
1376265600 45
1376870400 43
1377475200 32
1378080000 31
1378684800 28
1379289600 16
1379894400 16
1380499200 12
1381104000 12
1381708800 37
1382313600 24
1382918400 30
1383523200 25
1384128000 16
1384732800 35
1385337600 22
1385942400 24
1386547200 25
1387152000 16
1387756800 12
1388361600 19
1388966400 24
1389571200 30
1390176000 36
1390780800 21
1391385600 31
1391990400 32
1392595200 26
1393200000 19
1393804800 28
1394409600 23
1395014400 38
1395619200 19
1396224000 37
1396828800 35
1397433600 35
1398038400 39
1398643200 16
1399248000 22
1399852800 10
1400457600 12
1401062400 22
1401667200 11
1402272000 28
1402876800 35
1403481600 15
1404086400 33
1404691200 20
1405296000 25
1405900800 20
1406505600 24
1407110400 23
1407715200 21
1408320000 21
1408924800 16
1409529600 17
1410134400 36
1410739200 51
1411344000 24
1411948800 30
1412553600 27
1413158400 28
1413763200 22
1414368000 22
1414972800 20
1415577600 16
1416182400 22
1416787200 30
1417392000 17
1417996800 29
1418601600 19
1419206400 16
1419811200 11
1420416000 14
1421020800 13
1421625600 17
1422230400 25
1422835200 26
1423440000 26
1424044800 15
1424649600 12
1425254400 19
1425859200 37
1426464000 12
1427068800 19
1427673600 13
1428278400 19
1428883200 17
1429488000 23
1430092800 26
1430697600 12
1431302400 11
1431907200 16
1432512000 26
1433116800 34
1433721600 22
1434326400 34
1434931200 18
1435536000 22
1436140800 25
1436745600 21
1437350400 28
1437955200 27
1438560000 13
1439164800 34
1439769600 19
1440374400 28
1440979200 21
1441584000 23
1442188800 33
1442793600 22
1443398400 35
1444003200 24
1444608000 14
1445212800 30
1445817600 20
1446422400 25
1447027200 13
1447632000 35
1448236800 24
1448841600 24
1449446400 60
1450051200 50
1450656000 12
1451260800 14
1451865600 23
1452470400 20
1453075200 28
1453680000 18
1454284800 27
1454889600 30
1455494400 44
1456099200 24
1456704000 17
1457308800 39
1457913600 17
1458518400 12
1459123200 30
1459728000 15
1460332800 25
1460937600 23
1461542400 21
1462147200 28
1462752000 40
1463356800 18
1463961600 30
1464566400 39
1465171200 31
1465776000 21
1466380800 24
1466985600 29
1467590400 30
1468195200 29
1468800000 36
1469404800 30
1470009600 26
1470614400 28
1471219200 44
1471824000 36
1472428800 26
1473033600 35
1473638400 44
1474243200 52
1474848000 28
1475452800 81
1476057600 56
1476662400 91
1477267200 81
1477872000 15
1478476800 56
1479081600 43
1479686400 41
1480291200 32
1480896000 28
1481500800 24
1482105600 26
1482710400 23
1483315200 34
1483920000 27
1484524800 51
1485129600 44
1485734400 45
1486339200 68
1486944000 24
1487548800 61
1488153600 72
1488758400 43
1489363200 38
1489968000 27
1490572800 27
1491177600 32
1491782400 20
1492387200 39
1492992000 87
1493596800 31
1494201600 39
1494806400 50
1495411200 37
1496016000 46
1496620800 82
1497225600 64
1497830400 65
1498435200 57
1499040000 35
1499644800 58
1500249600 36
1500854400 35
1501459200 54
1502064000 57
1502668800 47
1503273600 48
1503878400 21
1504483200 26
1505088000 8
1505692800 41
1506297600 47
1506902400 49
1507507200 31
1508112000 21
1508716800 53
1509321600 62
1509926400 80
1510531200 30
1511136000 31
1511740800 29
1512345600 27
1512950400 18
1513555200 26
1514160000 13
1514764800 44
1515369600 24
1515974400 36
1516579200 27
1517184000 33
1517788800 84
1518393600 122
1518998400 48
1519603200 46
1520208000 28
1520812800 30
1521417600 64
1522022400 28
1522627200 39
1523232000 31
1523836800 20
1524441600 28
1525046400 39
1525651200 15
1526256000 19
1526860800 13
1527465600 27
1528070400 48
1528675200 83
1529280000 28
1529884800 46
1530489600 38
1531094400 13
1531699200 20
1532304000 20
1532908800 22
1533513600 32
1534118400 58
1534723200 45
1535328000 54
1535932800 30
1536537600 29
1537142400 27
1537747200 9
1538352000 32
1538956800 15
1539561600 14
1540166400 15
1540771200 16
1541376000 28
1541980800 40
1542585600 17
1543190400 31
1543795200 47
1544400000 18
1545004800 19
1545609600 7
1546214400 10
1546819200 11
1547424000 12
1548028800 26
1548633600 37
1549238400 32
1549843200 24
1550448000 6
1551052800 8
1551657600 12
1552262400 16
1552867200 23
1553472000 9
1554076800 28
1554681600 30
1555286400 2
1555891200 19
1556496000 9
1557100800 13
1557705600 28
1558310400 8
1558915200 20
1559520000 19
1560124800 30
1560729600 20
1561334400 27
1561939200 31
1562544000 23
1563148800 23
1563753600 14
1564358400 11
1564963200 15
1565568000 34
1566172800 6
1566777600 33
1567382400 13
1567987200 23
1568592000 7
1569196800 28
1569801600 12
1570406400 10
1571011200 48
1571616000 27
1572220800 12
1572825600 22
1573430400 11
1574035200 12
1574640000 4
1575244800 9
1575849600 41
1576454400 32
1577059200 4
1577664000 4
1578268800 32
1578873600 9
1579478400 26
1580083200 48
1580688000 14
1581292800 40
1581897600 15
1582502400 15
1583107200 47
1583712000 34
1584316800 28
1584921600 36
1585526400 25
1586131200 18
1586736000 27
1587340800 23
1587945600 42
1588550400 19
1589155200 28
1589760000 11
1590364800 35
1590969600 17
1591574400 12
1592179200 9
1592784000 8
1593388800 13
1593993600 17
1594598400 14
1595203200 44
1595808000 24
1596412800 28
1597017600 97
1597622400 26
1598227200 22
1598832000 48
1599436800 43
1600041600 24
1600646400 12
1601251200 19
1601856000 3
1602460800 37
1603065600 51
1603670400 25
1604275200 40
1604880000 32
1605484800 25
1606089600 23
1606694400 23
1607299200 17
1607904000 14
1608508800 15
1609113600 10
1609718400 12
1610323200 37
1610928000 22
1611532800 16
1612137600 36
1612742400 15
1613347200 16
1613952000 17
1614556800 16
1615161600 9
1615766400 11
1616371200 14
1616976000 16
1617580800 21
1618185600 16
1618790400 21
1619395200 6
1620000000 20
1620604800 32
1621209600 32
1621814400 16
1622419200 19
1623024000 10
1623628800 33
1624233600 13
1624838400 11
1625443200 16
1626048000 12
1626652800 13
1627257600 5
1627862400 13
1628467200 12
1629072000 26
1629676800 17
1630281600 32
1630886400 18
1631491200 24
1632096000 14
1632700800 7
1633305600 15
1633910400 15
1634515200 9
1635120000 12
1635724800 22
1636329600 10
1636934400 21
1637539200 29
1638144000 9
1638748800 27
1639353600 30
1639958400 26
1640563200 23
1641168000 16
1641772800 21
1642377600 24
1642982400 18
1643587200 12
1644192000 16
1644796800 14
1645401600 22
1646006400 14
1646611200 25
1647216000 18
1647820800 15
1648425600 9
1649030400 9
1649635200 33
1650240000 16
1650844800 27
1651449600 20
1652054400 14
1652659200 5
1653264000 18
1653868800 10
1654473600 6
1655078400 22
1655683200 8
1656288000 15
1656892800 14
1657497600 21
1658102400 12
1658707200 25
1659312000 5
1659916800 10
1660521600 22
1661126400 10
1661731200 8
1662336000 11
1662940800 18
1663545600 28
1664150400 27
1664755200 29
1665360000 30
1665964800 9
1666569600 29
1667174400 19
1667779200 9
1668384000 18
1668988800 20
1669593600 14
1670198400 40
1670803200 42
1671408000 26
1672012800 18
1672617600 22
1673222400 15
1673827200 24
1674432000 31
1675036800 13
1675641600 1
1676246400 21
1676851200 6
1677456000 28
1678060800 25
1678665600 30
1679270400 18
1679875200 23
1680480000 17
1681084800 5
1681689600 10
1682294400 8
1682899200 11
1683504000 5
1684108800 26
1684713600 24
1685318400 48
1685923200 7
1686528000 10
1687132800 9
1687737600 16
1688342400 26
1688947200 9
1689552000 20
1690156800 7
1690761600 20
1691366400 59
1691971200 29
1692576000 13
1693180800 20
1693785600 11
1694390400 10
1694995200 16
1695600000 15
1696204800 23
1696809600 9
1697414400 14
1698019200 12
1698624000 15
1699228800 19
1699833600 13
1700438400 27
1701043200 19
1701648000 16
1702252800 4
1702857600 8
1703462400 11
1704067200 5
