1388737602 256
1389202594 257
1389635044 258
1389861806 259
1390230781 260
1390404790 261
1390830987 262
1391073001 263
1391507336 264
1391679671 265
1392026829 266
1392214445 267
1392387681 268
1392728717 269
1392826436 270
1392994734 271
1393407059 272
1393840800 273
1394035028 274
1394447969 275
1394699852 276
1395051019 277
1395226824 278
1395328149 279
1395657565 280
1395760406 281
1396024801 282
1396447843 283
1396877284 284
1397116904 285
1397555157 286
1397735172 287
1398246206 288
1398423792 289
1398844577 290
1399468075 291
1400074273 292
1400482964 293
1400750885 294
1401195088 295
1401714131 296
1401873672 297
1402067907 298
1402576890 299
1402935286 300
1403104275 301
1403596631 302
1403779327 303
1404214980 304
1404467743 305
1404892462 306
1405070950 307
1405590623 308
1406039602 309
1406626954 310
1406819171 311
1407321527 312
1407828622 313
1408372816 314
1408616698 315
1408973846 316
1409213902 317
1409660126 318
1410187178 319
1410790229 320
1411377756 321
1411550771 322
1411985562 323
1412238219 324
1412772019 325
1413278301 326
1413466887 327
1413817814 328
1414071625 329
1414493449 330
1414674621 331
1415019020 332
1415183414 333
1415352127 334
1415886523 335
1416302846 336
1416566578 337
1416990888 338
1417426564 339
1417702332 340
1418223200 341
1418810040 342
1419441426 343
