2000 13098 \N 13098 0 13098
2001 21993 \N 35091 0 35091
2002 22673 35432 57764 35432 22332
2003 16959 11664 74723 47096 27627
2004 56199 35218 130922 82314 48608
2005 68955 48104 199877 130418 69459
2006 64752 56421 264629 186839 77790
2007 65813 64009 330442 250848 79594
2008 59278 62177 389720 313025 76695
2009 42828 48103 432548 361128 71420
2010 35239 39355 467787 400483 67304
2011 35204 38537 502991 439020 63971
2012 34339 37044 537330 476064 61266
2013 33303 37659 570633 513723 56910
2014 25525 30939 596158 544662 51496
2015 20346 27069 616504 571731 44773
2016 14959 21983 631463 593714 37749
2017 14202 23027 645665 616741 28924
2018 11497 25144 657162 641885 15277
2019 2884 \N 660046 641885 18161
