\N 8182
0 10
1 3
2 2
4 3
5 1
6 8
7 3
8 4
9 3
10 2
11 2
12 6
13 1
14 6
15 11
16 37
17 59
18 129
19 136
20 143
21 162
22 203
23 211
24 233
25 248
26 245
27 293
28 378
29 404
30 394
31 449
32 441
33 479
34 468
35 442
36 449
37 408
38 441
39 402
40 325
41 282
42 228
43 185
44 183
45 157
46 139
47 133
48 116
49 96
50 75
51 66
52 63
53 59
54 36
55 30
56 27
57 29
58 30
59 17
60 28
61 21
62 19
63 24
64 7
65 22
66 22
67 12
68 21
69 13
70 18
71 10
72 14
73 8
74 10
75 13
76 5
77 1
78 1
79 3
81 3
82 2
84 1
85 2
86 1
87 1
88 2
89 3
90 3
92 3
93 5
94 1
95 2
96 1
97 3
98 5
99 7
100 9
101 14
102 6
103 6
104 6
105 7
106 5
107 4
108 5
109 3
110 2
