2000 14013 33674 13091 13098
2001 27646 27646 21993 21993
2002 30462 30462 22673 22673
2003 27541 27541 16959 16959
2004 116051 116051 56199 56199
2005 146014 146014 68955 68955
2006 139554 139554 64752 64752
2007 99893 99893 65813 65813
2008 95998 95998 59278 59278
2009 68861 68861 42828 42828
2010 58767 58767 35239 35239
2011 54399 54399 35204 35204
2012 74274 74274 34339 34339
2013 55486 55486 33303 33303
2014 37390 37390 25525 25525
2015 30418 30418 20346 20346
2016 22111 22111 14959 14959
2017 22139 22139 14202 14202
2018 17984 17984 11497 11497
2019 4539 4539 2884 2884
