0 5 150 862 572 319 131 72 35 2 4 2152
1 1 26 181 139 58 25 12 3 2 1 448
2 2 11 140 144 69 26 14 3 0 1 410
3 0 11 125 143 47 18 12 6 0 1 363
4 3 10 138 156 77 19 12 4 0 1 420
5 3 9 165 183 66 22 8 4 0 1 461
6 2 3 172 197 86 23 12 7 0 2 504
7 3 2 183 272 102 22 4 6 1 4 599
8 6 1 149 253 97 29 8 5 0 0 548
9 1 1 103 294 116 26 11 5 1 0 558
10 2 4 72 260 105 23 11 6 0 3 486
11 1 1 56 259 128 29 8 3 1 2 488
12 0 2 37 203 78 24 5 6 0 1 356
13 1 2 22 240 99 19 8 4 1 2 398
14 2 3 14 304 162 30 9 9 2 1 536
15 0 3 14 442 252 54 17 16 1 1 800
16 1 0 4 336 215 39 7 5 1 0 608
17 0 0 1 199 130 26 2 2 0 1 361
18 0 0 1 152 148 23 4 3 0 0 331
19 0 4 0 129 175 26 8 2 0 0 344
20 0 1 0 46 112 15 2 0 1 0 177
