0 0.60 6
1 0.80 8
2 0.00 0
3 0.10 1
4 0.30 3
5 0.50 5
6 0.30 3
7 0.40 4
8 0.70 7
9 0.50 5
10 0.10 1
11 0.70 7
12 0.30 3
13 0.40 4
14 0.20 2
15 0.10 1
16 0.40 4
17 0.50 5
18 0.20 2
19 0.20 2
20 0.20 2
21 0.00 0
22 0.40 4
23 0.10 1
24 0.50 5
25 0.30 3
26 0.80 8
27 0.10 1
28 0.10 1
29 0.20 2
30 0.40 4
31 0.40 4
32 0.50 5
33 0.20 2
34 0.20 2
35 0.30 3
36 0.70 7
37 0.70 7
38 0.40 4
39 0.20 2
40 0.30 3
41 0.20 2
42 0.50 5
43 0.00 0
44 0.40 4
45 0.40 4
46 0.10 1
47 0.10 1
48 0.70 7
49 0.30 3
50 0.20 2
51 0.40 4
52 0.30 3
53 0.30 3
54 0.00 0
55 0.00 0
56 0.00 0
57 0.10 1
58 0.10 1
59 0.20 2
60 0.40 4
61 0.60 6
62 0.30 3
63 0.40 4
64 0.20 2
65 0.40 4
66 0.60 6
67 0.40 4
68 0.50 5
69 1.00 10
70 0.70 7
71 0.20 2
72 0.30 3
73 0.40 4
74 0.30 3
75 0.40 4
76 0.30 3
77 0.40 4
78 0.30 3
79 0.30 3
80 0.20 2
81 0.30 3
82 0.20 2
83 0.40 4
84 0.10 1
85 0.10 1
86 0.30 3
87 0.30 3
88 0.50 5
89 0.40 4
90 0.70 7
91 0.30 3
92 0.10 1
93 0.40 4
94 0.50 5
95 0.50 5
96 0.50 5
97 0.30 3
98 0.30 3
99 0.20 2
100 0.20 2
101 0.50 5
102 0.60 6
103 0.20 2
104 0.20 2
105 0.40 4
106 0.60 6
107 0.30 3
108 0.20 2
109 0.10 1
110 0.30 3
111 0.60 6
112 0.20 2
113 0.00 0
114 0.40 4
115 0.20 2
116 0.60 6
117 0.10 1
118 0.70 7
119 0.30 3
120 0.30 3
121 0.70 7
122 0.50 5
123 0.20 2
124 0.30 3
125 0.60 6
126 0.50 5
127 0.40 4
128 0.30 3
129 0.30 3
130 0.30 3
131 0.30 3
132 0.50 5
133 0.30 3
134 0.10 1
135 0.70 7
136 0.50 5
137 0.00 0
138 0.20 2
139 0.10 1
140 0.10 1
141 0.50 5
142 0.50 5
143 0.30 3
144 0.70 7
145 0.40 4
146 0.40 4
147 0.50 5
148 0.30 3
149 0.30 3
150 0.10 1
151 0.20 2
152 0.00 0
153 0.30 3
154 0.40 4
155 0.90 9
156 0.40 4
157 0.30 3
158 0.20 2
159 0.30 3
160 0.10 1
161 0.50 5
162 0.30 3
163 0.20 2
164 0.20 2
165 0.40 4
166 0.80 8
167 0.30 3
168 0.60 6
169 0.20 2
170 0.40 4
171 0.50 5
172 0.40 4
173 0.10 1
174 0.20 2
175 0.20 2
176 0.60 6
177 0.90 9
178 0.50 5
179 0.50 5
180 0.40 4
181 0.60 6
182 0.10 1
183 0.20 2
184 0.40 4
185 0.70 7
186 0.20 2
187 0.30 3
188 0.30 3
189 0.50 5
190 0.10 1
191 0.50 5
192 0.10 1
193 0.40 4
194 0.30 3
195 0.50 5
196 0.40 4
197 0.40 4
198 0.00 0
199 0.00 0
200 0.50 5
201 0.40 4
202 0.10 1
203 0.50 5
204 0.50 5
205 0.30 3
206 0.50 5
207 0.10 1
208 0.40 4
209 0.30 3
210 0.30 3
211 0.60 6
212 0.60 6
213 0.20 2
214 0.20 2
215 0.00 0
216 0.30 3
217 0.10 1
218 0.00 0
219 0.00 0
220 0.50 5
221 0.10 1
222 0.50 5
223 0.70 7
224 0.40 4
225 0.20 2
226 0.30 3
227 0.50 5
228 0.30 3
229 0.50 5
230 0.50 5
231 0.20 2
232 0.30 3
233 0.40 4
234 0.40 4
235 0.50 5
236 0.00 0
237 0.10 1
238 0.20 2
239 0.00 0
240 0.10 1
241 0.40 4
242 1.00 10
243 0.80 8
244 0.60 6
245 0.10 1
246 0.60 6
247 0.70 7
248 0.70 7
249 0.40 4
250 0.20 2
251 0.50 5
252 0.50 5
253 0.00 0
254 0.20 2
255 0.30 3
256 0.50 5
257 0.20 2
258 0.30 3
259 0.00 0
260 0.30 3
261 0.10 1
262 0.40 4
263 1.10 11
264 0.30 3
265 0.50 5
266 0.40 4
267 0.90 9
268 0.10 1
269 0.20 2
270 0.30 3
271 0.00 0
272 0.20 2
273 0.10 1
274 0.10 1
275 0.20 2
276 0.20 2
277 0.50 5
278 0.20 2
279 0.30 3
280 0.20 2
281 0.00 0
282 0.10 1
283 0.20 2
284 0.00 0
285 0.00 0
286 0.30 3
287 0.10 1
288 0.50 5
289 0.20 2
290 0.50 5
291 0.70 7
292 0.10 1
293 0.70 7
294 0.20 2
295 0.60 6
296 0.60 6
297 0.30 3
298 0.20 2
299 0.50 5
300 0.20 2
301 0.30 3
302 0.40 4
303 0.30 3
304 0.50 5
305 0.60 6
306 0.10 1
307 0.10 1
308 0.30 3
309 0.20 2
310 0.30 3
311 0.40 4
312 0.40 4
313 0.50 5
314 0.60 6
315 0.10 1
316 0.30 3
317 0.10 1
318 0.20 2
319 0.20 2
320 0.00 0
321 0.70 7
322 0.30 3
323 0.40 4
324 0.20 2
325 0.40 4
326 0.40 4
327 0.40 4
328 0.00 0
329 0.40 4
330 0.40 4
331 0.80 8
332 0.30 3
333 0.60 6
334 0.40 4
335 0.20 2
336 0.70 7
337 0.30 3
338 0.30 3
339 0.20 2
340 0.30 3
341 0.20 2
342 0.60 6
343 0.50 5
344 0.30 3
345 0.30 3
346 0.10 1
347 0.10 1
348 0.30 3
349 0.00 0
350 0.40 4
351 0.20 2
352 0.30 3
353 0.30 3
354 0.40 4
355 0.40 4
356 0.80 8
357 0.60 6
358 0.70 7
359 0.40 4
360 0.40 4
361 0.10 1
362 0.10 1
363 0.20 2
364 0.30 3
365 0.10 1
366 0.40 4
367 0.30 3
368 0.30 3
369 0.70 7
370 0.80 8
371 0.10 1
372 0.30 3
373 0.00 0
374 0.30 3
375 0.00 0
376 0.30 3
377 0.10 1
378 0.40 4
379 0.00 0
380 0.70 7
381 0.50 5
382 0.20 2
383 0.20 2
384 0.10 1
385 0.30 3
386 0.00 0
387 0.50 5
388 0.20 2
389 0.60 6
390 0.10 1
391 0.30 3
392 0.80 8
393 0.20 2
394 0.40 4
395 0.70 7
396 0.60 6
397 0.30 3
398 0.10 1
399 0.30 3
400 0.20 2
401 0.60 6
402 0.30 3
403 0.40 4
404 0.00 0
405 0.40 4
406 0.40 4
407 0.30 3
408 0.40 4
409 0.60 6
410 0.40 4
411 0.60 6
412 0.00 0
413 0.10 1
414 0.00 0
415 1.20 12
416 0.80 8
417 0.70 7
418 0.30 3
419 0.50 5
420 0.20 2
421 0.40 4
422 0.50 5
423 0.80 8
424 0.40 4
425 0.10 1
426 0.40 4
427 0.60 6
428 0.60 6
429 0.50 5
430 0.30 3
431 0.50 5
432 0.10 1
433 0.40 4
434 0.20 2
435 0.30 3
436 0.30 3
437 0.30 3
438 0.20 2
439 0.10 1
440 0.20 2
441 0.20 2
442 0.50 5
443 0.40 4
444 0.60 6
445 0.30 3
446 0.40 4
447 0.40 4
448 0.90 9
449 0.40 4
450 0.10 1
451 0.60 6
452 0.00 0
453 0.20 2
454 0.20 2
455 0.20 2
456 0.70 7
457 0.60 6
458 0.70 7
459 0.00 0
460 0.20 2
461 0.60 6
462 0.50 5
463 0.20 2
464 0.60 6
465 0.30 3
466 0.10 1
467 0.00 0
468 0.10 1
469 0.40 4
470 0.10 1
471 0.00 0
472 0.40 4
473 0.50 5
474 0.30 3
475 0.60 6
476 0.20 2
477 0.30 3
478 0.40 4
479 0.50 5
480 0.10 1
481 0.40 4
482 0.30 3
483 0.60 6
484 0.70 7
485 0.50 5
486 0.60 6
487 0.70 7
488 0.40 4
489 1.20 12
490 0.60 6
491 0.60 6
492 0.90 9
493 1.10 11
494 1.20 12
495 0.80 8
496 1.40 14
497 0.80 8
498 0.50 5
499 0.70 7
500 1.10 11
501 0.80 8
502 0.60 6
503 0.50 5
504 0.70 7
505 0.50 5
506 0.60 6
507 1.10 11
508 1.20 12
509 0.50 5
510 0.80 8
511 0.40 4
512 0.70 7
513 1.00 10
514 0.80 8
515 0.60 6
516 0.60 6
517 0.80 8
518 0.50 5
519 0.90 9
520 1.70 17
521 1.80 18
522 0.40 4
523 1.40 14
524 0.80 8
525 1.20 12
526 1.20 12
527 0.60 6
528 0.80 8
529 0.70 7
530 0.60 6
531 0.90 9
532 1.00 10
533 0.90 9
534 0.60 6
535 0.60 6
536 0.80 8
537 0.20 2
538 0.70 7
539 0.60 6
540 0.50 5
541 0.60 6
542 0.70 7
543 0.50 5
544 1.20 12
545 1.40 14
546 0.50 5
547 0.80 8
548 0.90 9
549 0.80 8
550 1.10 11
551 1.30 13
552 0.50 5
553 1.90 19
554 0.90 9
555 0.40 4
556 0.70 7
557 0.40 4
558 0.60 6
559 0.40 4
560 0.50 5
561 0.50 5
562 0.40 4
563 0.50 5
564 0.50 5
565 0.90 9
566 0.60 6
567 0.90 9
568 0.80 8
569 0.50 5
570 1.00 10
571 0.40 4
572 0.80 8
573 0.90 9
574 0.70 7
575 0.80 8
576 0.50 5
577 0.80 8
578 0.60 6
579 0.80 8
580 0.40 4
581 0.90 9
582 0.70 7
583 0.90 9
584 0.50 5
585 0.70 7
586 0.90 9
587 0.60 6
588 1.00 10
589 0.50 5
590 0.40 4
591 0.30 3
592 0.80 8
593 0.60 6
594 0.90 9
595 0.40 4
596 0.70 7
597 0.90 9
598 1.00 10
599 0.50 5
600 0.20 2
601 0.60 6
602 0.20 2
603 0.70 7
604 1.20 12
605 1.00 10
606 1.00 10
607 0.50 5
608 0.50 5
609 0.80 8
610 0.30 3
611 0.90 9
612 0.60 6
613 0.60 6
614 1.00 10
615 1.20 12
616 0.80 8
617 1.20 12
618 1.00 10
619 0.90 9
620 1.10 11
621 0.50 5
622 0.40 4
623 0.80 8
624 0.60 6
625 0.60 6
626 0.20 2
627 1.00 10
628 0.90 9
629 1.20 12
630 1.00 10
631 0.70 7
632 1.60 16
633 0.70 7
634 1.00 10
635 1.10 11
636 0.80 8
637 0.90 9
638 1.00 10
639 1.20 12
640 1.10 11
641 1.60 16
642 0.60 6
643 0.70 7
644 0.80 8
645 0.20 2
646 0.30 3
647 0.50 5
648 0.80 8
649 0.70 7
650 0.90 9
651 0.90 9
652 0.50 5
653 0.60 6
654 0.60 6
655 0.80 8
656 0.80 8
657 1.00 10
658 0.80 8
659 1.10 11
660 1.00 10
661 0.30 3
662 1.00 10
663 1.20 12
664 1.10 11
665 1.10 11
666 1.30 13
667 1.70 17
668 1.90 19
669 0.80 8
670 1.10 11
671 0.90 9
672 1.60 16
673 1.10 11
674 1.40 14
675 0.80 8
676 1.00 10
677 0.80 8
678 1.10 11
679 1.50 15
680 1.40 14
681 1.60 16
682 1.30 13
683 1.80 18
684 1.20 12
685 1.20 12
686 1.20 12
687 0.60 6
688 1.00 10
689 0.70 7
690 1.40 14
691 1.10 11
692 1.20 12
693 1.20 12
694 1.10 11
695 1.40 14
696 1.40 14
697 1.10 11
698 1.60 16
699 1.30 13
700 1.00 10
701 0.80 8
702 1.60 16
703 1.50 15
704 0.70 7
705 1.70 17
706 1.30 13
707 1.20 12
708 1.00 10
709 1.40 14
710 0.90 9
711 0.80 8
712 1.20 12
713 1.20 12
714 0.80 8
715 1.50 15
716 0.60 6
717 1.70 17
718 0.80 8
719 0.90 9
720 1.40 14
721 1.00 10
722 1.60 16
723 1.50 15
724 1.40 14
725 1.10 11
726 1.60 16
727 1.10 11
728 0.90 9
729 2.00 20
730 1.20 12
731 0.60 6
732 1.00 10
733 1.20 12
734 1.20 12
735 1.40 14
736 1.00 10
737 1.00 10
738 1.60 16
739 1.00 10
740 1.20 12
741 1.50 15
742 1.30 13
743 0.80 8
744 1.00 10
745 0.80 8
746 1.20 12
747 1.30 13
748 1.10 11
749 0.70 7
750 1.30 13
751 1.30 13
752 2.00 20
753 1.10 11
754 0.80 8
755 1.10 11
756 1.60 16
757 1.70 17
758 1.00 10
759 1.20 12
760 1.80 18
761 1.60 16
762 1.30 13
763 1.10 11
764 1.50 15
765 2.10 21
766 1.50 15
767 1.00 10
768 1.60 16
769 1.30 13
770 1.70 17
771 1.30 13
772 1.50 15
773 1.20 12
774 1.00 10
775 1.20 12
776 1.40 14
777 1.30 13
778 1.50 15
779 1.60 16
780 1.00 10
781 1.30 13
782 1.40 14
783 2.10 21
784 1.00 10
785 2.00 20
786 1.20 12
787 1.20 12
788 1.70 17
789 1.50 15
790 1.10 11
791 1.10 11
792 0.90 9
793 2.50 25
794 1.70 17
795 1.70 17
796 1.80 18
797 0.80 8
798 1.00 10
799 2.00 20
800 0.90 9
801 2.10 21
802 0.90 9
803 1.20 12
804 1.60 16
805 1.70 17
806 1.40 14
807 1.80 18
808 1.60 16
809 1.50 15
810 1.40 14
811 2.50 25
812 1.30 13
813 1.90 19
814 2.30 23
815 1.80 18
816 1.80 18
817 1.30 13
818 1.60 16
819 2.20 22
820 2.70 27
821 1.40 14
822 2.20 22
823 2.30 23
824 2.40 24
825 1.80 18
826 1.50 15
827 1.80 18
828 2.10 21
829 1.50 15
830 2.40 24
831 1.70 17
832 1.50 15
833 1.40 14
834 1.90 19
835 3.20 32
836 2.10 21
837 2.30 23
838 1.40 14
839 1.60 16
840 2.40 24
841 1.80 18
842 2.00 20
843 2.40 24
844 2.40 24
845 1.80 18
846 2.50 25
847 2.20 22
848 2.30 23
849 2.20 22
850 2.80 28
851 2.30 23
852 3.50 35
853 2.50 25
854 1.40 14
855 1.10 11
856 2.30 23
857 1.80 18
858 1.80 18
859 1.70 17
860 2.70 27
861 1.60 16
862 2.20 22
863 2.30 23
864 2.40 24
865 2.10 21
866 2.70 27
867 2.90 29
868 2.00 20
869 2.40 24
870 2.30 23
871 2.60 26
872 2.60 26
873 3.70 37
874 2.00 20
875 1.70 17
876 3.20 32
877 2.20 22
878 2.10 21
879 2.00 20
880 1.90 19
881 2.80 28
882 2.80 28
883 2.20 22
884 2.60 26
885 3.30 33
886 2.80 28
887 2.20 22
888 3.10 31
889 2.20 22
890 1.40 14
891 2.90 29
892 2.20 22
893 3.20 32
894 2.50 25
895 2.90 29
896 3.30 33
897 2.80 28
898 3.70 37
899 3.40 34
900 2.10 21
901 3.70 37
902 2.70 27
903 2.20 22
904 2.60 26
905 3.10 31
906 2.60 26
907 2.60 26
908 2.30 23
909 2.60 26
910 2.80 28
911 2.40 24
912 2.90 29
913 3.80 38
914 2.70 27
915 3.20 32
916 2.90 29
917 3.30 33
918 2.90 29
919 3.50 35
920 3.70 37
921 3.50 35
922 3.00 30
923 2.50 25
924 2.80 28
925 3.80 38
926 2.20 22
927 4.00 40
928 2.80 28
929 3.30 33
930 3.80 38
931 4.10 41
932 2.60 26
933 2.80 28
934 4.30 43
935 4.50 45
936 2.10 21
937 2.80 28
938 3.10 31
939 3.20 32
940 3.60 36
941 3.40 34
942 4.20 42
943 2.90 29
944 3.60 36
945 3.10 31
946 2.70 27
947 3.70 37
948 3.10 31
949 3.30 33
950 4.20 42
951 3.70 37
952 3.00 30
953 4.20 42
954 3.70 37
955 4.00 40
956 3.00 30
957 4.20 42
958 4.20 42
959 4.40 44
960 5.10 51
961 3.50 35
962 3.80 38
963 4.40 44
964 4.60 46
965 5.00 50
966 4.80 48
967 4.00 40
968 4.40 44
969 3.30 33
970 4.20 42
971 3.40 34
972 4.30 43
973 4.50 45
974 2.90 29
975 4.10 41
976 4.00 40
977 4.40 44
978 4.90 49
979 4.20 42
980 4.20 42
981 3.60 36
982 4.50 45
983 4.30 43
984 4.10 41
985 4.60 46
986 4.50 45
987 5.60 56
988 4.90 49
989 5.20 52
990 4.30 43
991 3.40 34
992 5.50 55
993 4.60 46
994 7.00 70
995 4.60 46
996 4.00 40
997 5.80 58
998 5.60 56
999 5.40 54
1000 5.40 54
1001 5.50 55
1002 6.50 65
1003 4.60 46
1004 5.00 50
1005 4.60 46
1006 5.20 52
1007 5.50 55
1008 5.50 55
1009 4.70 47
1010 5.90 59
1011 5.60 56
1012 5.60 56
1013 6.00 60
1014 6.40 64
1015 5.60 56
1016 5.50 55
1017 6.40 64
1018 6.30 63
1019 6.60 66
1020 8.10 81
1021 7.10 71
1022 6.60 66
1023 7.90 79
1024 5.80 58
1025 7.60 76
1026 6.30 63
1027 6.20 62
1028 6.70 67
1029 7.00 70
1030 7.20 72
1031 6.20 62
1032 9.90 99
1033 8.30 83
1034 9.80 98
1035 8.10 81
1036 6.30 63
1037 7.60 76
1038 7.10 71
1039 8.30 83
1040 8.80 88
1041 7.50 75
1042 8.80 88
1043 8.70 87
1044 8.00 80
1045 7.70 77
1046 10.80 108
1047 7.20 72
1048 9.20 92
1049 9.20 92
1050 8.60 86
1051 8.80 88
1052 10.10 101
1053 10.30 103
1054 9.00 90
1055 9.60 96
1056 8.00 80
1057 8.90 89
1058 10.50 105
1059 10.90 109
1060 8.10 81
1061 9.00 90
1062 9.80 98
1063 12.10 121
1064 11.20 112
1065 10.50 105
1066 11.10 111
1067 11.70 117
1068 10.20 102
1069 12.10 121
1070 11.80 118
1071 13.10 131
1072 10.90 109
1073 12.40 124
1074 13.40 134
1075 12.70 127
1076 10.30 103
1077 14.00 140
1078 11.80 118
1079 14.80 148
1080 12.60 126
1081 11.60 116
1082 12.30 123
1083 14.30 143
1084 16.30 163
1085 14.90 149
1086 13.70 137
1087 16.50 165
1088 15.40 154
1089 16.60 166
1090 15.40 154
1091 15.10 151
1092 18.60 186
1093 16.50 165
1094 16.80 168
1095 18.10 181
1096 18.30 183
1097 18.10 181
1098 19.00 190
1099 19.60 196
1100 18.50 185
1101 21.50 215
1102 20.80 208
1103 21.70 217
1104 23.20 232
1105 21.40 214
1106 22.60 226
1107 22.00 220
1108 24.50 245
1109 24.10 241
1110 22.60 226
1111 24.90 249
1112 25.60 256
1113 25.90 259
1114 27.10 271
1115 29.90 299
1116 27.80 278
1117 32.00 320
1118 33.00 330
1119 30.50 305
1120 31.90 319
1121 33.80 338
1122 33.20 332
1123 34.60 346
1124 36.20 362
1125 38.80 388
1126 41.50 415
1127 39.10 391
1128 41.60 416
1129 42.20 422
1130 45.20 452
1131 48.40 484
1132 50.10 501
1133 50.30 503
1134 55.10 551
1135 54.20 542
1136 61.30 613
1137 59.80 598
1138 66.30 663
1139 68.80 688
1140 75.50 755
1141 77.20 772
1142 84.60 846
1143 89.30 893
1144 95.51 149
