0 5 150 862 572 319 131 72 35 2 4 1256 3408
1 1 26 181 139 58 25 12 3 2 1 360 808
2 2 11 140 144 69 26 14 3 0 1 311 721
3 0 11 125 143 47 18 12 6 0 1 251 614
4 3 10 138 156 77 19 12 4 0 1 275 695
5 3 9 165 183 66 22 8 4 0 1 258 719
6 2 3 172 197 86 23 12 7 0 2 318 822
7 3 2 183 272 102 22 4 6 1 4 361 960
8 6 1 149 253 97 29 8 5 0 0 436 984
9 1 1 103 294 116 26 11 5 1 0 342 900
10 2 4 72 260 105 23 11 6 0 3 335 821
11 1 1 56 259 128 29 8 3 1 2 357 845
12 0 2 37 203 78 24 5 6 0 1 651 1007
13 1 2 22 240 99 19 8 4 1 2 668 1066
14 2 3 14 304 162 30 9 9 2 1 830 1366
15 0 3 14 442 252 54 17 16 1 1 789 1589
16 1 0 4 336 215 39 7 5 1 0 739 1347
17 0 0 1 199 130 26 2 2 0 1 338 699
18 0 0 1 152 148 23 4 3 0 0 384 715
19 0 4 0 129 175 26 8 2 0 0 349 693
20 0 1 0 46 112 15 2 0 1 0 211 388
