1 4 0.03524850193866760663 0.03524850193866760663
2 3 0.02643637645400070497 0.06168487839266831160
3 3 0.02643637645400070497 0.08812125484666901657
4 3 0.02643637645400070497 0.11455763130066972154
5 2 0.01762425096933380331 0.13218188227000352485
6 3 0.02643637645400070497 0.15861825872400422982
7 6 0.05287275290800140994 0.21149101163200563976
8 5 0.04406062742333450828 0.25555163905534014804
9 4 0.03524850193866760663 0.29080014099400775467
10 2 0.01762425096933380331 0.30842439196334155798
11 1 0.00881212548466690166 0.31723651744800845964
12 4 0.03524850193866760663 0.35248501938667606627
13 4 0.03524850193866760663 0.38773352132534367290
14 5 0.04406062742333450828 0.43179414874867818118
15 8 0.07049700387733521325 0.50229115262601339443
16 13 0.11455763130066972154 0.61684878392668311597
17 31 0.27317589002467395136 0.89002467395135706733
18 55 0.48466690165667959112 1.37469157560803665845
19 121 1.06626718364469510046 2.44095875925273175891
20 152 1.33944307366936905182 3.78040183292210081073
21 166 1.46281283045470567501 5.24321466337680648574
22 170 1.49806133239337328164 6.74127599577017976738
23 212 1.8681706027493832 8.60944659851956296738
24 240 2.1149101163200564 10.72435671483961936738
25 250 2.2030313711667254 12.92738808600634476738
26 261 2.2999647514980613 15.22735283750440606738
27 291 2.5643285160380684 17.79168135354247446738
28 335 2.9520620373634121 20.74374339090588656738
29 364 3.2076136764187522 23.95135706732463876738
30 485 4.2738808600634473 28.22523792738808606738
31 431 3.7980260838914346 32.02326401127952066738
32 501 4.4148748678181177 36.43813887909763836738
33 487 4.2915051110327811 40.72964399013041946738
34 543 4.7849841381741276 45.51462812830454706738
35 495 4.3620021149101163 49.87663024321466336738
36 544 4.7937962636587945 54.67042650687345786738
37 479 4.2210081071554459 58.89143461402890376738
38 474 4.1769474797321114 63.06838209376101516738
39 485 4.2738808600634473 67.34226295382446246738
40 508 4.4765597462107860 71.81882270003524846738
41 361 3.1811772999647515 74.99999999999999996738
42 337 2.9696862883327459 77.96968628833274586738
43 284 2.5026436376454001 80.47232992597814596738
44 243 2.1413464927740571 82.61367641875220306738
45 225 1.9827282340500529 84.59640465280225596738
46 197 1.73598872047937962637 86.33239337328163559375
47 170 1.49806133239337328164 87.83045470567500887539
48 160 1.40994007754670426507 89.24039478322171314046
49 153 1.34825519915403595347 90.58864998237574909393
50 131 1.15438843849136411703 91.74303842086711321096
51 98 0.86358829749735636235 92.60662671836446957331
52 81 0.71378216425801903419 93.32040888262248860750
53 81 0.71378216425801903419 94.03419104688050764169
54 59 0.51991540359534719774 94.55410645047585483943
55 55 0.48466690165667959112 95.03877335213253443055
56 42 0.37010927035600986958 95.40888262248854430013
57 33 0.29080014099400775467 95.69968276348255205480
58 41 0.36129714487134296792 96.06097990835389502272
59 28 0.24673951357067324639 96.30771942192456826911
60 34 0.29961226647867465633 96.60733168840324292544
61 28 0.24673951357067324639 96.85407120197391617183
62 33 0.29080014099400775467 97.14487134296792392650
63 21 0.18505463517800493479 97.32992597814592886129
64 33 0.29080014099400775467 97.62072611913993661596
65 21 0.18505463517800493479 97.80578075431794155075
66 24 0.21149101163200563976 98.01727176594994719051
67 23 0.20267888614733873810 98.21995065209728592861
68 16 0.14099400775467042651 98.36094465985195635512
69 13 0.11455763130066972154 98.47550229115262607666
70 20 0.17624250969333803313 98.65174480084596410979
71 17 0.14980613323933732816 98.80155093408530143795
72 18 0.15861825872400422982 98.96016919280930566777
73 13 0.11455763130066972154 99.07472682410997538931
74 18 0.15861825872400422982 99.23334508283397961913
75 8 0.07049700387733521325 99.30384208671131483238
76 14 0.12336975678533662319 99.42721184349665145557
77 14 0.12336975678533662319 99.55058160028198807876
78 6 0.05287275290800140994 99.60345435318998948870
79 6 0.05287275290800140994 99.65632710609799089864
80 2 0.01762425096933380331 99.67395135706732470195
81 2 0.01762425096933380331 99.69157560803665850526
82 2 0.01762425096933380331 99.70919985900599230857
83 0 0 99.70919985900599230857
84 1 0.00881212548466690166 99.71801198449065921023
85 2 0.01762425096933380331 99.73563623545999301354
86 0 0 99.73563623545999301354
87 1 0.00881212548466690166 99.74444836094465991520
88 2 0.01762425096933380331 99.76207261191399371851
89 1 0.00881212548466690166 99.77088473739866062017
90 3 0.02643637645400070497 99.79732111385266132514
91 4 0.03524850193866760663 99.83256961579132893177
92 1 0.00881212548466690166 99.84138174127599583343
93 2 0.01762425096933380331 99.85900599224532963674
94 2 0.01762425096933380331 99.87663024321466344005
95 2 0.01762425096933380331 99.89425449418399724336
96 0 0 99.89425449418399724336
97 3 0.02643637645400070497 99.92069087063799794833
98 3 0.02643637645400070497 99.94712724709199865330
99 6 0.05287275290800140994 100.00000000000000006324
