0 18 582 2580 1676 900 434 227 132 17 10 6576
1 67 613 4006 2650 1390 711 420 162 40 19 10078
2 63 435 4390 3084 1604 813 470 216 25 23 11123
3 71 370 4663 3846 1769 861 450 213 49 26 12318
4 102 446 6128 4930 2434 993 594 264 55 28 15974
5 126 366 7860 6946 3066 1410 769 360 93 44 21040
6 147 227 8838 8788 3931 1781 923 455 73 31 25194
7 178 173 9943 11425 4985 2328 1170 574 105 36 30917
8 164 184 8861 13359 5907 2679 1454 684 116 35 33443
9 151 241 7664 15535 6664 3031 1508 711 154 36 35695
10 34 304 6857 17527 7853 3689 1889 859 179 29 39220
11 19 378 6682 21266 10039 4760 2344 973 201 45 46707
12 87 103 1837 6761 2992 1306 644 281 61 11 14083
13 84 86 1194 7156 3502 1425 641 318 49 13 14468
14 134 121 1391 10251 5559 2287 1019 465 86 23 21336
15 81 208 1251 19992 14577 4907 2052 835 175 55 44133
16 13 103 617 14968 10067 3220 1307 561 140 31 31027
17 6 34 36 4374 3476 803 242 95 30 5 9101
18 4 20 15 2130 2016 354 107 37 10 6 4699
19 0 8 4 685 974 159 33 17 1 1 1882
20 1 1 3 237 514 90 11 4 1 1 863
