1 406 0.09444562049144290111 0.09444562049144290111
2 44 0.01023548596458987106 0.10468110645603277217
3 56 0.01302698213675074498 0.11770808859278351715
4 65 0.01512060426587140042 0.13282869285865491757
5 102 0.02372771746336742836 0.15655641032202234593
6 134 0.03117170725579642549 0.18772811757781877142
7 223 0.05187530386598957376 0.23960342144380834518
8 238 0.05536467408119066617 0.29496809552499901135
9 284 0.06606540940780734954 0.36103350493280636089
10 273 0.06350653791665988178 0.42454004284946624267
11 303 0.07048527834706206659 0.49502532119652830926
12 190 0.04419868939254717047 0.53922401058907547973
13 192 0.04466393875457398279 0.58388794934364946252
14 214 0.04978168173686891832 0.63366963108051838084
15 234 0.05443417535713704153 0.68810380643765542237
16 381 0.08863000346610774710 0.77673380990376316947
17 517 0.12026696008393098491 0.89700076998769415438
18 916 0.21308420780828004290 1.11008497779597419728
19 1796 0.41779392710007746402 1.52787890489605166130
20 2870 0.66763283450847568025 2.19551173940452734155
21 3396 0.78999341672152732061 2.98550515612605466216
22 4619 1.0744934016009231 4.05999855772697776216
23 5573 1.2964173472877125 5.35641590501469026216
24 7309 1.7002537935269856 7.05666969854167586216
25 9051 2.1054859878523392 9.16215568639401506216
26 9786 2.2764651283971927 11.43862081479120776216
27 11547 2.6861171916618009 14.12473800645300866216
28 13993 3.2551171614205924 17.37985516787360106216
29 16765 3.8999527771897543 21.27980794506335536216
30 20394 4.7441477445874052 26.02395568965076056216
31 18139 4.2195790889021743 30.24353477855293486216
32 18899 4.3963738464723630 34.63990862502529786216
33 18615 4.3303084370645557 38.97021706208985356216
34 18836 4.3817184915685184 43.35193555365837196216
35 18093 4.2088783535755577 47.56081390723392966216
36 16892 3.9294961116784569 51.49031001891238656216
37 16067 3.7375807498423968 55.22789076875478336216
38 15790 3.6731437132016833 58.90103448195646666216
39 15816 3.6791919549080318 62.58022643686449846216
40 16174 3.7624715907108312 66.34269802757532966216
41 11628 2.7049597908238868 69.04765781839921646216
42 10655 2.4786159761978426 71.52627379459705906216
43 9803 2.2804197479744206 73.80669354257147966216
44 8649 2.0119708660849499 75.81866440865642956216
45 8555 1.9901041460696897 77.80876855472611926216
46 7735 1.7993519076386967 79.60812046236481596216
47 7456 1.7344496216359563 81.34257008400077226216
48 7013 1.6313968879470174 82.97396697194778966216
49 6515 1.5155497968023411 84.48951676875013076216
50 6472 1.5055469355187647 85.99506370426889546216
51 4790 1.1142722220542155 87.10933592632311096216
52 4268 0.99284213856521749245 88.10217806488832845461
53 3918 0.91142350021052533632 89.01360156509885379093
54 3759 0.87443617592939375682 89.88803774102824754775
55 3563 0.82884173845076614939 90.71687947947901369714
56 3111 0.72369538263270656490 91.44057486211172026204
57 2850 0.66298034088820755705 92.10355520299992781909
58 2643 0.61482703191843248185 92.71838223491836030094
59 2653 0.61715327872856654345 93.33553551364692684439
60 2788 0.64855761066537637510 93.98409312431230321949
61 2309 0.53713038845995482429 94.52122351277225804378
62 1968 0.45780537223438332360 94.97902888500664136738
63 1978 0.46013161904451738521 95.43916050405115875259
64 1844 0.42895991178872095972 95.86812041583987971231
65 1773 0.41244355943676912233 96.28056397527664883464
66 1524 0.35452001386443098840 96.63508398914107982304
67 1391 0.32358093128964796907 96.95866492043072779211
68 1349 0.31381069468708491033 97.27247561511781270244
69 1347 0.31334544532505809801 97.58582106044287080045
70 1468 0.34149303172768024342 97.92731409217055104387
71 1223 0.28449998487939573413 98.21181407704994677800
72 1150 0.26751838316541708442 98.47933246021536386242
73 1025 0.23844029803874131438 98.71777275825410517680
74 874 0.20331397120571698416 98.92108672945982216096
75 683 0.15888265713215640753 99.07996938659197856849
76 614 0.14283155414223138247 99.22280094073420995096
77 475 0.11049672348136792617 99.33329766421557787713
78 388 0.09025837623320159022 99.42355604044877946735
79 313 0.07281152515719612819 99.49636756560597559554
80 342 0.07955764090658490685 99.57592520651256050239
81 221 0.05141005450396276144 99.62733526101652326383
82 159 0.03698732428113157950 99.66432258529765484333
83 206 0.04792068428876166904 99.71224326958641651237
84 161 0.03745257364315839182 99.74969584322957490419
85 140 0.03256745534187686245 99.78226329857145176664
86 130 0.03024120853174280085 99.81250450710319456749
87 120 0.02791496172160873924 99.84041946882480330673
88 101 0.02349509278235402220 99.86391456160715732893
89 77 0.01791210043803227435 99.88182666204518960328
90 86 0.02000572256715292979 99.90183238461234253307
91 67 0.01558585362789821274 99.91741823824024074581
92 44 0.01023548596458987106 99.92765372420483061687
93 52 0.01209648341269712034 99.93975020761752773721
94 38 0.00883973787850943409 99.94858994549603717130
95 44 0.01023548596458987106 99.95882543146062704236
96 38 0.00883973787850943409 99.96766516933913647645
97 47 0.01093336000763008954 99.97859852934676656599
98 44 0.01023548596458987106 99.98883401531135643705
99 48 0.01116598468864349570 99.99999999999999993275
