1 4
2 3
3 1
4 4
5 1
6 6
7 5
8 5
9 4
10 2
11 2
12 6
13 1
14 8
15 10
16 35
17 60
18 141
19 150
20 156
21 176
22 229
23 236
24 268
25 260
26 284
27 306
28 413
29 438
30 412
31 490
32 459
33 506
34 505
35 478
36 466
37 426
38 456
39 427
40 347
41 302
42 253
43 201
44 193
45 166
46 149
47 149
48 131
49 104
50 84
51 72
52 69
53 65
54 37
55 36
56 29
57 31
58 32
59 25
60 28
61 23
62 20
63 25
64 11
65 22
66 20
67 18
68 24
69 12
70 17
71 12
72 14
73 11
74 9
75 15
76 5
77 2
78 1
79 5
80 0
81 3
82 2
83 0
84 1
85 2
86 0
87 2
88 2
89 3
90 3
91 0
92 3
93 5
94 0
95 3
96 1
97 3
98 5
99 7
