1579564800 24 0 16
1579651200 22 0 13
1579737600 134 0 28
1579824000 630 0 81
1579910400 673 2 68
1579996800 607 0 29
1580083200 962 1 34
1580169600 1223 4 33
1580256000 1188 4 23
1580342400 1137 3 22
1580428800 1156 2 18
1580515200 635 3 12
1580601600 510 0 13
1580688000 629 3 13
1580774400 616 2 7
1580860800 480 1 10
1580947200 348 1 3
1581033600 487 0 9
1581120000 542 1 15
1581206400 372 0 0
1581292800 545 0 8
1581379200 514 0 10
1581465600 430 2 4
1581552000 764 0 8
1581638400 221 0 2
1581724800 378 4 3
1581811200 286 2 1
1581897600 239 0 4
1581984000 263 0 1
1582070400 237 2 2
1582156800 241 1 1
1582243200 200 0 4
1582329600 388 1 7
1582416000 689 1 10
1582502400 1008 2 31
1582588800 1074 6 34
1582675200 1732 3 35
1582761600 1878 4 35
1582848000 2356 5 51
1582934400 1992 4 43
1583020800 1992 1 32
1583107200 2531 3 47
1583193600 2695 7 36
1583280000 2470 2 32
1583366400 3487 10 46
1583452800 3799 2 41
1583539200 2836 0 27
1583625600 3287 1 34
1583712000 3459 0 39
1583798400 3511 3 32
1583884800 3666 1 37
1583971200 6587 8 96
1584057600 5924 7 68
1584144000 6990 5 97
1584230400 9274 4 141
1584316800 10353 17 169
1584403200 7445 9 88
1584489600 6207 9 70
1584576000 5657 18 35
1584662400 2213 3 22
