1577836800 7740 16 357 357
1580515200 20025 48 649 364
1583020800 150758 198 2094 1460
1585699200 93632 116 1502 225
1588291200 46272 36 994 65
1590969600 15725 5 603 17
1593561600 16248 13 604 24
1596240000 24690 20 674 45
1598918400 32584 21 744 54
1601510400 56263 28 1093 114
1604188800 35701 25 896 45
1606780800 34383 43 752 36
1609459200 49389 40 890 59
1612137600 30784 22 702 24
1614556800 49068 31 914 49
1617235200 33786 11 787 30
1619827200 26803 18 753 58
1622505600 16121 17 604 27
1625097600 53092 54 1086 127
1627776000 36792 61 900 69
1630454400 15946 36 627 26
1633046400 9274 9 467 4
1635724800 21278 43 698 24
1638316800 40441 121 950 59
1640995200 390 0 128 0
