1579611316 1
1579611555 2
1579611751 3
1579613366 4
1579617811 5
1579621979 6
1579622150 7
1579627499 8
1579629367 9
1579630675 10
1579630765 11
1579631666 12
1579636944 13
1579639995 14
1579640280 15
1579640775 16
1579646008 17
1579678473 18
1579693339 19
1579724250 20
1579727123 21
1579727177 22
1579727975 23
1579730378 24
1579730809 25
1579733220 26
1579734009 27
1579734215 28
1579734792 29
1579735590 30
1579737627 31
1579738363 32
1579742068 33
1579760592 34
1579772175 35
1579775467 36
1579776449 37
1579777951 38
1579778672 39
1579778830 40
1579784057 41
1579784270 42
1579784502 43
1579787783 44
1579791432 45
1579792908 46
1579792912 47
1579793285 48
1579793640 49
1579793677 50
1579802143 51
1579805056 52
1579806529 53
1579811179 54
1579821659 55
1579822944 56
1579823091 57
1579826431 58
1579827367 59
1579840018 60
1579844499 61
1579849146 62
1579849340 63
1579852403 64
1579853947 65
1579854262 66
1579858552 67
1579858590 68
1579858604 69
1579861015 70
1579861671 71
1579863724 72
1579870016 73
1579871363 74
1579872263 75
1579873194 76
1579874713 77
1579875857 78
1579877603 79
1579880211 80
1579880806 81
1579885751 82
1579886544 83
1579886746 84
1579887026 85
1579887245 86
1579888707 87
1579890751 88
1579892037 89
1579897192 90
1579897615 91
1579897628 92
1579898020 93
1579898093 94
1579898104 95
1579898295 96
1579898366 97
1579899120 98
1579899597 99
1579899783 100
1579899824 101
1579900037 102
1579900093 103
1579900136 104
1579900290 105
1579900351 106
1579900500 107
1579900515 108
1579900888 109
1579901083 110
1579901210 111
1579901630 112
1579901787 113
1579901886 114
1579901916 115
1579902344 116
1579903110 117
1579904004 118
1579904013 119
1579904655 120
1579904674 121
1579904963 122
1579905912 123
1579906049 124
1579906055 125
1579906227 126
1579906351 127
1579906556 128
1579906859 129
1579906939 130
1579906979 131
1579907338 132
1579908229 133
1579908293 134
1579908329 135
1579908840 136
1579909219 137
1579911342 138
1579915186 139
1579915723 140
1579916416 141
1579917298 142
1579917630 143
1579919733 144
1579920712 145
1579922026 146
1579934676 147
1579938071 148
1579938750 149
1579939400 150
1579940047 151
1579943548 152
1579943708 153
1579943871 154
1579944323 155
1579944902 156
1579946835 157
1579947236 158
1579947909 159
1579949445 160
1579949468 161
1579949652 162
1579949677 163
1579950448 164
1579950615 165
1579951014 166
1579951945 167
1579953209 168
1579956895 169
1579957886 170
1579957910 171
1579958003 172
1579958330 173
1579961352 174
1579961635 175
1579962300 176
1579962525 177
1579962557 178
1579964705 179
1579966349 180
1579966383 181
1579967323 182
1579967349 183
1579968270 184
1579969765 185
1579972703 186
1579972896 187
1579973982 188
1579975431 189
1579975776 190
1579976055 191
1579976177 192
1579976762 193
1579977121 194
1579978580 195
1579979761 196
1579979940 197
1579982056 198
1579982100 199
1579984623 200
1579986219 201
1579987781 202
1579990366 203
1579995294 204
1579999312 205
1580021099 206
1580023491 207
1580025385 208
1580032617 209
1580032644 210
1580034093 211
1580036233 212
1580036556 213
1580037245 214
1580039617 215
1580039816 216
1580040653 217
1580041049 218
1580041576 219
1580044253 220
1580056459 221
1580063156 222
1580069107 223
1580072563 224
1580073364 225
1580077054 226
1580077921 227
1580078790 228
1580079026 229
1580081552 230
1580082532 231
1580116947 232
1580118638 233
1580119156 234
1580121793 235
1580122138 236
1580129294 237
1580129688 238
1580130647 239
1580133359 240
1580134245 241
1580135310 242
1580135506 243
1580135682 244
1580137293 245
1580139983 246
1580140796 247
1580141917 248
1580142357 249
1580143850 250
1580145999 251
1580147519 252
1580148839 253
1580149825 254
1580149929 255
1580149994 256
1580150937 257
1580152565 258
1580153583 259
1580157337 260
1580157604 261
1580162604 262
1580163235 263
1580163355 264
1580179150 265
1580180392 266
1580186044 267
1580200461 268
1580204608 269
1580205290 270
1580208217 271
1580208891 272
1580209087 273
1580209441 274
1580209664 275
1580209714 276
1580210960 277
1580214064 278
1580214642 279
1580214715 280
1580215430 281
1580218095 282
1580218312 283
1580234905 284
1580237499 285
1580239491 286
1580239614 287
1580239642 288
1580240823 289
1580242009 290
1580242271 291
1580244435 292
1580246007 293
1580250782 294
1580263337 295
1580266899 296
1580281426 297
1580286821 298
1580289227 299
1580291450 300
1580291926 301
1580292256 302
1580293317 303
1580293461 304
1580294692 305
1580295949 306
1580297046 307
1580304197 308
1580305313 309
1580308050 310
1580309486 311
1580314182 312
1580328596 313
1580329136 314
1580333196 315
1580334924 316
1580341579 317
1580352894 318
1580361242 319
1580372528 320
1580378199 321
1580378646 322
1580379102 323
1580380689 324
1580381070 325
1580381504 326
1580383871 327
1580386391 328
1580389339 329
1580390124 330
1580393334 331
1580396988 332
1580397439 333
1580404348 334
1580418110 335
1580418279 336
1580419059 337
1580420960 338
1580425672 339
1580460065 340
1580461280 341
1580464664 342
1580468550 343
1580472399 344
1580473279 345
1580474163 346
1580477055 347
1580478927 348
1580484853 349
1580487904 350
1580494200 351
1580495775 352
1580495851 353
1580497424 354
1580503648 355
1580503712 356
1580505690 357
1580518207 358
1580545588 359
1580546975 360
1580547601 361
1580549272 362
1580554637 363
1580555486 364
1580559931 365
1580571642 366
1580596569 367
1580597746 368
1580602005 369
1580611880 370
1580615662 371
1580641210 372
1580641805 373
1580645299 374
1580647089 375
1580654725 376
1580655562 377
1580659674 378
1580673381 379
1580682687 380
1580684741 381
1580699492 382
1580716630 383
1580721735 384
1580724385 385
1580728884 386
1580740545 387
1580740922 388
1580744082 389
1580748471 390
1580762786 391
1580768440 392
1580772379 393
1580802759 394
1580819234 395
1580825801 396
1580836548 397
1580837864 398
1580843552 399
1580858244 400
1580866186 401
1580889641 402
1580905759 403
1580913537 404
1580916749 405
1580920567 406
1580921681 407
1580921851 408
1580927084 409
1580936329 410
1580978260 411
1580986937 412
1581010663 413
1581061851 414
1581070613 415
1581072844 416
1581074277 417
1581086123 418
1581094415 419
1581098706 420
1581118315 421
1581157548 422
1581158479 423
1581159381 424
1581159953 425
1581161411 426
1581162629 427
1581172511 428
1581176407 429
1581177359 430
1581181207 431
1581183489 432
1581187306 433
1581188385 434
1581193042 435
1581195345 436
1581324821 437
1581331161 438
1581331394 439
1581334312 440
1581339543 441
1581357967 442
1581370515 443
1581412981 444
1581414559 445
1581419656 446
1581428997 447
1581429752 448
1581435264 449
1581442081 450
1581445993 451
1581449554 452
1581450308 453
1581496171 454
1581509957 455
1581513139 456
1581546660 457
1581581725 458
1581582731 459
1581585241 460
1581585824 461
1581594387 462
1581610854 463
1581612353 464
1581635783 465
1581646190 466
1581679386 467
1581770395 468
1581771472 469
1581798034 470
1581884638 471
1581924361 472
1581943066 473
1581953185 474
1581983608 475
1581998295 476
1582141950 477
1582220672 478
1582272984 479
1582282745 480
1582284629 481
1582326576 482
1582377942 483
1582385296 484
1582390772 485
1582391951 486
1582396817 487
1582402425 488
1582410431 489
1582420665 490
1582423902 491
1582456071 492
1582457845 493
1582461884 494
1582463236 495
1582482830 496
1582483015 497
1582497493 498
1582497549 499
1582535958 500
1582537820 501
1582541375 502
1582544318 503
1582546289 504
1582547431 505
1582549050 506
1582549138 507
1582549914 508
1582554319 509
1582555618 510
1582555659 511
1582555762 512
1582558310 513
1582558442 514
1582559505 515
1582561004 516
1582561573 517
1582561978 518
1582562195 519
1582562717 520
1582563983 521
1582565270 522
1582565759 523
1582568627 524
1582571134 525
1582573286 526
1582573993 527
1582575979 528
1582581666 529
1582598944 530
1582614333 531
1582615975 532
1582620595 533
1582622443 534
1582627726 535
1582628613 536
1582629053 537
1582630446 538
1582630853 539
1582631966 540
1582633462 541
1582638628 542
1582638763 543
1582640340 544
1582641162 545
1582642459 546
1582643188 547
1582645706 548
1582646299 549
1582648592 550
1582650461 551
1582651225 552
1582655012 553
1582655306 554
1582655367 555
1582659266 556
1582659301 557
1582662828 558
1582665550 559
1582666546 560
1582668436 561
1582673226 562
1582673343 563
1582702480 564
1582712684 565
1582714369 566
1582715238 567
1582715729 568
1582716039 569
1582717298 570
1582720744 571
1582722355 572
1582724283 573
1582724605 574
1582725429 575
1582728811 576
1582732492 577
1582732619 578
1582732714 579
1582733528 580
1582734922 581
1582735067 582
1582735408 583
1582735601 584
1582736182 585
1582737595 586
1582738899 587
1582739226 588
1582740609 589
1582744299 590
1582745431 591
1582747271 592
1582752458 593
1582753999 594
1582754587 595
1582754765 596
1582755496 597
1582781146 598
1582785858 599
1582786046 600
1582795284 601
1582797060 602
1582797451 603
1582797889 604
1582799164 605
1582801259 606
1582802861 607
1582803516 608
1582805661 609
1582806431 610
1582809112 611
1582809645 612
1582810821 613
1582811578 614
1582811752 615
1582818178 616
1582822971 617
1582826009 618
1582827871 619
1582833326 620
1582836786 621
1582837282 622
1582838314 623
1582838841 624
1582839768 625
1582841199 626
1582841279 627
1582842132 628
1582843507 629
1582843895 630
1582846870 631
1582847664 632
1582849603 633
1582851554 634
1582854281 635
1582870865 636
1582872089 637
1582873197 638
1582876968 639
1582879735 640
1582880484 641
1582880893 642
1582882183 643
1582883645 644
1582883970 645
1582884112 646
1582886279 647
1582886664 648
1582887068 649
1582888323 650
1582888836 651
1582889001 652
1582890578 653
1582891735 654
1582893249 655
1582894109 656
1582897018 657
1582899158 658
1582899172 659
1582900772 660
1582901583 661
1582901972 662
1582902555 663
1582903999 664
1582906321 665
1582909276 666
1582911754 667
1582912062 668
1582913556 669
1582918759 670
1582918892 671
1582919023 672
1582919717 673
1582920244 674
1582922689 675
1582923317 676
1582923575 677
1582923783 678
1582928171 679
1582931983 680
1582933156 681
1582935651 682
1582939292 683
1582957039 684
1582959634 685
1582960509 686
1582962218 687
1582962507 688
1582967196 689
1582973475 690
1582974341 691
1582976265 692
1582976268 693
1582978340 694
1582986017 695
1582986686 696
1582987636 697
1582990379 698
1582990926 699
1582992395 700
1582992628 701
1582993180 702
1582994276 703
1582998494 704
1582999938 705
1583000348 706
1583000756 707
1583002524 708
1583005014 709
1583005185 710
1583005572 711
1583006131 712
1583006155 713
1583006481 714
1583010269 715
1583010636 716
1583010946 717
1583011724 718
1583013290 719
1583013644 720
1583015969 721
1583017232 722
1583018787 723
1583021646 724
1583044078 725
1583049042 726
1583058550 727
1583061724 728
1583062578 729
1583065191 730
1583072042 731
1583074110 732
1583077462 733
1583080027 734
1583082260 735
1583083304 736
1583084335 737
1583085795 738
1583087673 739
1583089711 740
1583090422 741
1583090849 742
1583091164 743
1583091777 744
1583091915 745
1583093498 746
1583093790 747
1583093841 748
1583095000 749
1583100276 750
1583100396 751
1583101696 752
1583102192 753
1583103340 754
1583105552 755
1583108849 756
1583115640 757
1583131695 758
1583132180 759
1583132608 760
1583136924 761
1583142250 762
1583143847 763
1583148676 764
1583148926 765
1583151672 766
1583151695 767
1583151823 768
1583153334 769
1583154010 770
1583155665 771
1583155695 772
1583156047 773
1583157797 774
1583158490 775
1583159875 776
1583160067 777
1583162859 778
1583164380 779
1583165324 780
1583167820 781
1583168212 782
1583168388 783
1583168876 784
1583170301 785
1583170607 786
1583170657 787
1583176121 788
1583176819 789
1583181768 790
1583184677 791
1583184726 792
1583184797 793
1583185240 794
1583186026 795
1583186484 796
1583186961 797
1583187874 798
1583189093 799
1583190945 800
1583193331 801
1583193843 802
1583196207 803
1583198653 804
1583220371 805
1583226444 806
1583228639 807
1583233159 808
1583235269 809
1583238361 810
1583238806 811
1583239491 812
1583239723 813
1583240739 814
1583241226 815
1583244336 816
1583246002 817
1583246336 818
1583247714 819
1583249219 820
1583249276 821
1583254819 822
1583255173 823
1583257851 824
1583260664 825
1583261701 826
1583265172 827
1583265571 828
1583265761 829
1583266056 830
1583266872 831
1583268079 832
1583269982 833
1583271259 834
1583271873 835
1583278055 836
1583279920 837
1583306960 838
1583307812 839
1583312153 840
1583316804 841
1583317287 842
1583317526 843
1583322666 844
1583323546 845
1583324701 846
1583326008 847
1583326796 848
1583326851 849
1583329707 850
1583329766 851
1583332387 852
1583333553 853
1583333785 854
1583335222 855
1583335783 856
1583337199 857
1583337975 858
1583338335 859
1583344069 860
1583346646 861
1583347076 862
1583348858 863
1583350184 864
1583352957 865
1583353853 866
1583359476 867
1583359624 868
1583364588 869
1583372542 870
1583380549 871
1583387023 872
1583390165 873
1583391427 874
1583396050 875
1583397004 876
1583398157 877
1583398264 878
1583399990 879
1583402131 880
1583404628 881
1583404933 882
1583405206 883
1583405779 884
1583407969 885
1583410520 886
1583410746 887
1583411088 888
1583413297 889
1583413520 890
1583415867 891
1583417396 892
1583420357 893
1583421541 894
1583423911 895
1583425391 896
1583426054 897
1583426515 898
1583428076 899
1583431629 900
1583432622 901
1583432997 902
1583434109 903
1583437268 904
1583437934 905
1583438645 906
1583439390 907
1583440606 908
1583442074 909
1583444599 910
1583444894 911
1583446175 912
1583448634 913
1583455362 914
1583456117 915
1583460415 916
1583481795 917
1583482837 918
1583486516 919
1583487723 920
1583487750 921
1583488161 922
1583489104 923
1583489620 924
1583490809 925
1583491793 926
1583493356 927
1583494195 928
1583498447 929
1583500372 930
1583502357 931
1583502776 932
1583502942 933
1583503109 934
1583504046 935
1583504220 936
1583506390 937
1583507778 938
1583507851 939
1583508542 940
1583512801 941
1583516683 942
1583518309 943
1583521633 944
1583523014 945
1583523508 946
1583525044 947
1583525210 948
1583526375 949
1583531166 950
1583533921 951
1583538214 952
1583539557 953
1583543124 954
1583548163 955
1583570868 956
1583572314 957
1583572469 958
1583574314 959
1583580628 960
1583584152 961
1583584677 962
1583587384 963
1583589852 964
1583594211 965
1583596315 966
1583599326 967
1583601605 968
1583604168 969
1583608959 970
1583609464 971
1583611726 972
1583613775 973
1583614769 974
1583614870 975
1583615655 976
1583616071 977
1583619428 978
1583625565 979
1583625739 980
1583633920 981
1583637915 982
1583638146 983
1583646243 984
1583655198 985
1583660557 986
1583662122 987
1583667935 988
1583669007 989
1583670517 990
1583672828 991
1583673059 992
1583673226 993
1583675607 994
1583679377 995
1583680251 996
1583680914 997
1583684085 998
1583685229 999
1583690335 1000
1583692576 1001
1583694339 1002
1583696780 1003
1583699910 1004
1583700177 1005
1583703376 1006
1583706195 1007
1583706383 1008
1583706602 1009
1583709824 1010
1583711113 1011
1583713283 1012
1583715360 1013
1583724944 1014
1583734573 1015
1583737708 1016
1583744677 1017
1583744788 1018
1583745880 1019
1583746584 1020
1583755915 1021
1583757348 1022
1583757420 1023
1583761852 1024
1583762414 1025
1583763398 1026
1583763567 1027
1583767396 1028
1583768343 1029
1583768722 1030
1583770805 1031
1583771803 1032
1583771869 1033
1583772333 1034
1583772465 1035
1583776537 1036
1583778825 1037
1583782810 1038
1583782888 1039
1583784344 1040
1583785090 1041
1583785928 1042
1583786999 1043
1583787396 1044
1583790111 1045
1583790496 1046
1583791485 1047
1583794288 1048
1583795516 1049
1583799918 1050
1583800180 1051
1583800460 1052
1583801264 1053
1583816476 1054
1583826500 1055
1583827615 1056
1583832091 1057
1583832986 1058
1583836407 1059
1583839480 1060
1583839881 1061
1583840635 1062
1583841059 1063
1583842421 1064
1583843509 1065
1583844807 1066
1583844963 1067
1583847478 1068
1583848213 1069
1583849807 1070
1583853754 1071
1583855305 1072
1583855713 1073
1583859888 1074
1583863946 1075
1583865779 1076
1583866945 1077
1583870780 1078
1583871684 1079
1583898259 1080
1583911358 1081
1583912331 1082
1583912883 1083
1583913184 1084
1583916382 1085
1583918962 1086
1583920638 1087
1583922046 1088
1583933197 1089
1583934954 1090
1583937801 1091
1583940791 1092
1583941386 1093
1583945865 1094
1583947908 1095
1583949421 1096
1583949647 1097
1583951652 1098
1583952568 1099
1583953323 1100
1583954390 1101
1583954753 1102
1583957008 1103
1583958576 1104
1583961415 1105
1583961419 1106
1583961950 1107
1583963329 1108
1583963615 1109
1583964215 1110
1583965735 1111
1583968352 1112
1583969483 1113
1583969544 1114
1583970080 1115
1583971804 1116
1583973557 1117
1583974878 1118
1583976073 1119
1583980767 1120
1583980807 1121
1583988858 1122
1583989126 1123
1583992428 1124
1583998732 1125
1584000090 1126
1584000892 1127
1584001484 1128
1584003074 1129
1584003794 1130
1584007557 1131
1584007776 1132
1584008348 1133
1584009266 1134
1584009297 1135
1584009316 1136
1584009865 1137
1584011401 1138
1584012897 1139
1584013359 1140
1584013582 1141
1584014076 1142
1584017842 1143
1584019384 1144
1584020001 1145
1584021612 1146
1584022009 1147
1584022269 1148
1584024031 1149
1584025706 1150
1584025998 1151
1584029582 1152
1584030426 1153
1584030778 1154
1584033341 1155
1584033602 1156
1584035120 1157
1584036545 1158
1584039510 1159
1584039668 1160
1584040451 1161
1584041336 1162
1584042253 1163
1584042361 1164
1584042823 1165
1584043275 1166
1584043316 1167
1584043330 1168
1584043351 1169
1584043367 1170
1584043391 1171
1584043427 1172
1584043476 1173
1584043515 1174
1584043631 1175
1584043646 1176
1584043738 1177
1584043765 1178
1584043816 1179
1584044318 1180
1584044373 1181
1584044405 1182
1584044722 1183
1584044814 1184
1584044872 1185
1584045196 1186
1584045216 1187
1584045454 1188
1584045733 1189
1584047255 1190
1584047733 1191
1584047857 1192
1584047957 1193
1584048272 1194
1584048799 1195
1584048984 1196
1584049489 1197
1584049823 1198
1584050059 1199
1584050165 1200
1584050949 1201
1584051150 1202
1584051350 1203
1584052701 1204
1584052927 1205
1584053131 1206
1584054807 1207
1584055601 1208
1584055645 1209
1584056053 1210
1584057057 1211
1584057757 1212
1584058901 1213
1584059485 1214
1584059849 1215
1584060080 1216
1584071834 1217
1584075439 1218
1584079510 1219
1584079568 1220
1584080401 1221
1584081554 1222
1584082531 1223
1584083341 1224
1584087096 1225
1584088091 1226
1584088150 1227
1584090231 1228
1584091257 1229
1584092550 1230
1584094450 1231
1584095317 1232
1584096938 1233
1584098998 1234
1584100275 1235
1584101767 1236
1584102150 1237
1584102553 1238
1584104796 1239
1584105279 1240
1584106094 1241
1584106438 1242
1584106816 1243
1584107665 1244
1584109653 1245
1584110896 1246
1584111891 1247
1584114441 1248
1584114458 1249
1584114937 1250
1584118451 1251
1584119351 1252
1584120803 1253
1584122433 1254
1584122583 1255
1584125525 1256
1584125721 1257
1584125944 1258
1584126229 1259
1584127174 1260
1584127716 1261
1584128617 1262
1584129430 1263
1584131970 1264
1584132939 1265
1584133610 1266
1584135937 1267
1584136241 1268
1584136491 1269
1584136753 1270
1584137422 1271
1584137585 1272
1584137812 1273
1584137986 1274
1584138104 1275
1584139102 1276
1584140004 1277
1584141095 1278
1584145853 1279
1584147330 1280
1584149891 1281
1584166434 1282
1584176087 1283
1584177771 1284
1584179949 1285
1584181088 1286
1584181360 1287
1584181985 1288
1584183437 1289
1584184029 1290
1584184613 1291
1584186496 1292
1584186875 1293
1584187272 1294
1584189358 1295
1584189688 1296
1584190967 1297
1584192993 1298
1584193804 1299
1584194806 1300
1584196516 1301
1584196519 1302
1584196982 1303
1584197030 1304
1584198538 1305
1584201100 1306
1584201823 1307
1584202937 1308
1584203493 1309
1584207487 1310
1584209232 1311
1584209496 1312
1584209943 1313
1584212096 1314
1584213881 1315
1584214174 1316
1584214618 1317
1584215222 1318
1584215272 1319
1584215574 1320
1584215953 1321
1584216016 1322
1584216111 1323
1584217017 1324
1584217074 1325
1584217468 1326
1584217510 1327
1584217584 1328
1584217661 1329
1584217728 1330
1584217938 1331
1584218130 1332
1584218398 1333
1584218437 1334
1584218609 1335
1584218747 1336
1584218752 1337
1584218757 1338
1584218921 1339
1584218926 1340
1584219054 1341
1584219306 1342
1584219923 1343
1584220291 1344
1584220401 1345
1584220750 1346
1584220857 1347
1584220896 1348
1584221080 1349
1584221491 1350
1584221565 1351
1584221656 1352
1584221664 1353
1584221734 1354
1584222221 1355
1584222342 1356
1584222407 1357
1584223121 1358
1584223446 1359
1584223522 1360
1584223806 1361
1584224552 1362
1584224728 1363
1584225157 1364
1584225463 1365
1584225948 1366
1584226030 1367
1584226730 1368
1584227310 1369
1584228224 1370
1584228448 1371
1584228655 1372
1584228709 1373
1584228762 1374
1584230471 1375
1584230508 1376
1584230633 1377
1584231105 1378
1584231127 1379
1584231836 1380
1584232760 1381
1584233485 1382
1584233602 1383
1584234405 1384
1584235319 1385
1584235329 1386
1584235456 1387
1584235846 1388
1584236160 1389
1584237774 1390
1584252017 1391
1584254250 1392
1584256800 1393
1584258453 1394
1584259587 1395
1584259794 1396
1584259941 1397
1584261510 1398
1584261600 1399
1584261735 1400
1584263044 1401
1584263125 1402
1584263727 1403
1584265334 1404
1584266719 1405
1584267366 1406
1584268067 1407
1584268285 1408
1584268451 1409
1584268453 1410
1584269354 1411
1584271431 1412
1584271621 1413
1584271870 1414
1584271991 1415
1584272080 1416
1584272379 1417
1584272453 1418
1584273427 1419
1584273705 1420
1584273731 1421
1584273797 1422
1584273824 1423
1584274228 1424
1584275060 1425
1584275106 1426
1584275526 1427
1584276423 1428
1584277364 1429
1584279118 1430
1584280143 1431
1584280207 1432
1584280658 1433
1584281015 1434
1584282583 1435
1584282818 1436
1584283191 1437
1584284060 1438
1584284093 1439
1584285493 1440
1584286721 1441
1584287018 1442
1584287107 1443
1584287449 1444
1584287556 1445
1584288969 1446
1584289446 1447
1584290342 1448
1584291410 1449
1584291824 1450
1584292255 1451
1584292483 1452
1584292899 1453
1584292998 1454
1584293260 1455
1584293396 1456
1584293641 1457
1584293788 1458
1584294018 1459
1584294123 1460
1584294397 1461
1584294643 1462
1584294775 1463
1584295196 1464
1584295349 1465
1584295528 1466
1584295551 1467
1584296028 1468
1584296132 1469
1584297020 1470
1584297051 1471
1584297172 1472
1584298096 1473
1584298541 1474
1584299300 1475
1584299330 1476
1584299433 1477
1584300024 1478
1584301560 1479
1584301598 1480
1584302599 1481
1584303481 1482
1584303737 1483
1584304546 1484
1584304546 1485
1584304863 1486
1584304882 1487
1584305241 1488
1584305456 1489
1584305965 1490
1584306014 1491
1584306689 1492
1584307247 1493
1584307335 1494
1584307473 1495
1584308454 1496
1584309219 1497
1584310057 1498
1584310339 1499
1584310654 1500
1584310953 1501
1584311800 1502
1584311899 1503
1584311959 1504
1584312368 1505
1584312433 1506
1584312637 1507
1584313412 1508
1584313855 1509
1584314495 1510
1584314586 1511
1584315039 1512
1584318635 1513
1584320675 1514
1584322907 1515
1584322974 1516
1584324385 1517
1584325782 1518
1584328234 1519
1584328789 1520
1584329646 1521
1584335305 1522
1584339301 1523
1584341464 1524
1584342243 1525
1584342803 1526
1584344641 1527
1584344840 1528
1584345456 1529
1584346635 1530
1584346691 1531
1584346978 1532
1584347593 1533
1584347607 1534
1584347911 1535
1584348544 1536
1584348810 1537
1584349240 1538
1584349615 1539
1584351189 1540
1584351422 1541
1584352274 1542
1584352706 1543
1584352806 1544
1584353819 1545
1584354266 1546
1584354402 1547
1584355192 1548
1584355466 1549
1584355923 1550
1584356336 1551
1584356396 1552
1584356462 1553
1584356723 1554
1584356886 1555
1584357079 1556
1584357590 1557
1584357965 1558
1584358281 1559
1584358295 1560
1584358947 1561
1584359105 1562
1584359423 1563
1584359497 1564
1584359592 1565
1584359750 1566
1584360103 1567
1584360150 1568
1584360428 1569
1584361423 1570
1584362027 1571
1584362632 1572
1584362677 1573
1584362847 1574
1584362882 1575
1584363072 1576
1584363197 1577
1584363815 1578
1584364160 1579
1584364939 1580
1584365561 1581
1584365575 1582
1584366717 1583
1584368013 1584
1584368017 1585
1584368076 1586
1584369862 1587
1584369942 1588
1584370980 1589
1584371232 1590
1584371310 1591
1584372010 1592
1584372211 1593
1584372549 1594
1584373576 1595
1584373765 1596
1584373969 1597
1584373996 1598
1584374822 1599
1584375396 1600
1584375440 1601
1584376089 1602
1584376233 1603
1584376235 1604
1584376760 1605
1584377004 1606
1584377840 1607
1584377924 1608
1584378048 1609
1584378341 1610
1584378406 1611
1584379259 1612
1584379717 1613
1584379972 1614
1584379994 1615
1584380038 1616
1584382435 1617
1584382656 1618
1584382672 1619
1584383414 1620
1584383981 1621
1584384311 1622
1584384715 1623
1584384880 1624
1584385060 1625
1584385111 1626
1584385292 1627
1584385630 1628
1584385633 1629
1584386217 1630
1584386768 1631
1584386977 1632
1584387555 1633
1584388081 1634
1584388104 1635
1584388317 1636
1584388656 1637
1584388677 1638
1584389086 1639
1584389134 1640
1584389164 1641
1584389290 1642
1584389629 1643
1584389802 1644
1584389937 1645
1584391129 1646
1584391646 1647
1584391838 1648
1584392509 1649
1584392570 1650
1584392665 1651
1584393432 1652
1584393686 1653
1584394071 1654
1584394251 1655
1584394351 1656
1584395340 1657
1584395914 1658
1584396782 1659
1584396903 1660
1584397049 1661
1584397135 1662
1584397235 1663
1584397371 1664
1584398021 1665
1584398423 1666
1584398612 1667
1584398618 1668
1584398809 1669
1584399170 1670
1584399325 1671
1584400031 1672
1584400404 1673
1584400427 1674
1584400460 1675
1584400951 1676
1584401321 1677
1584402511 1678
1584402626 1679
1584402814 1680
1584403377 1681
1584403668 1682
1584404183 1683
1584404738 1684
1584404799 1685
1584411037 1686
1584411260 1687
1584425548 1688
1584425562 1689
1584428360 1690
1584430319 1691
1584430471 1692
1584431436 1693
1584431867 1694
1584433247 1695
1584433311 1696
1584434985 1697
1584435525 1698
1584436657 1699
1584436945 1700
1584436958 1701
1584438638 1702
1584439057 1703
1584441130 1704
1584441871 1705
1584442072 1706
1584443285 1707
1584443833 1708
1584443922 1709
1584444322 1710
1584444634 1711
1584445251 1712
1584445633 1713
1584446266 1714
1584446346 1715
1584447511 1716
1584447611 1717
1584447649 1718
1584447698 1719
1584448352 1720
1584448433 1721
1584448666 1722
1584449225 1723
1584450078 1724
1584451094 1725
1584451843 1726
1584453048 1727
1584453828 1728
1584454587 1729
1584456251 1730
1584456762 1731
1584456864 1732
1584457880 1733
1584459051 1734
1584459095 1735
1584459371 1736
1584459663 1737
1584460317 1738
1584460331 1739
1584461187 1740
1584462802 1741
1584462843 1742
1584463038 1743
1584463321 1744
1584463364 1745
1584463592 1746
1584464619 1747
1584465037 1748
1584465561 1749
1584465994 1750
1584466028 1751
1584466305 1752
1584466376 1753
1584466443 1754
1584470849 1755
1584472900 1756
1584473887 1757
1584474056 1758
1584474065 1759
1584474341 1760
1584477179 1761
1584478380 1762
1584482613 1763
1584482734 1764
1584483980 1765
1584485518 1766
1584485997 1767
1584489264 1768
1584489904 1769
1584490264 1770
1584490642 1771
1584491238 1772
1584491596 1773
1584516458 1774
1584518900 1775
1584519736 1776
1584521381 1777
1584522966 1778
1584523173 1779
1584523948 1780
1584524651 1781
1584525126 1782
1584525695 1783
1584526297 1784
1584527151 1785
1584528474 1786
1584530077 1787
1584530421 1788
1584531754 1789
1584531983 1790
1584532310 1791
1584532336 1792
1584534894 1793
1584535086 1794
1584535092 1795
1584535418 1796
1584538648 1797
1584539820 1798
1584540049 1799
1584540882 1800
1584541085 1801
1584543159 1802
1584543688 1803
1584543941 1804
1584544153 1805
1584544402 1806
1584544908 1807
1584547426 1808
1584548330 1809
1584548445 1810
1584548994 1811
1584552256 1812
1584553192 1813
1584554057 1814
1584554826 1815
1584555053 1816
1584555817 1817
1584557544 1818
1584558627 1819
1584558724 1820
1584559186 1821
1584559456 1822
1584559526 1823
1584560624 1824
1584561196 1825
1584562554 1826
1584562987 1827
1584563172 1828
1584563644 1829
1584563691 1830
1584565028 1831
1584565405 1832
1584566371 1833
1584567177 1834
1584568495 1835
1584570380 1836
1584571226 1837
1584578348 1838
1584578845 1839
1584579271 1840
1584603667 1841
1584604036 1842
1584604469 1843
1584607740 1844
1584612873 1845
1584614702 1846
1584616339 1847
1584618923 1848
1584619030 1849
1584620707 1850
1584620996 1851
1584622863 1852
1584625355 1853
1584630607 1854
1584631991 1855
1584632885 1856
1584633994 1857
1584636600 1858
1584636858 1859
1584637159 1860
1584639441 1861
1584640741 1862
1584641040 1863
1584644573 1864
1584645527 1865
1584649964 1866
1584653809 1867
1584656110 1868
1584656499 1869
1584658546 1870
1584660096 1871
1584670147 1872
1584677227 1873
1584687656 1874
1584690136 1875
1584692267 1876
1584693849 1877
1584694018 1878
1584694425 1879
1584696987 1880
1584698314 1881
1584698690 1882
1584699077 1883
1584700442 1884
1584702105 1885
1584702278 1886
1584703510 1887
1584703810 1888
1584704184 1889
1584704650 1890
1584705429 1891
1584706296 1892
1584707866 1893
1584710739 1894
1584712099 1895
1584716945 1896
1584718199 1897
1584720083 1898
1584720838 1899
1584721897 1900
1584722315 1901
1584722978 1902
1584723403 1903
1584723771 1904
1584723799 1905
1584724486 1906
1584725420 1907
1584727860 1908
1584727960 1909
1584732857 1910
1584734243 1911
1584734344 1912
1584734704 1913
1584735101 1914
1584736301 1915
1584736744 1916
1584737966 1917
1584737972 1918
1584738023 1919
1584740330 1920
1584740400 1921
1584740682 1922
1584743929 1923
1584745107 1924
1584746236 1925
1584747353 1926
1584749313 1927
1584749771 1928
1584755096 1929
1584756654 1930
1584756675 1931
1584757668 1932
1584771988 1933
1584776215 1934
1584776360 1935
1584785020 1936
1584786444 1937
1584790755 1938
1584793983 1939
1584794520 1940
1584796003 1941
1584800258 1942
1584800351 1943
1584800485 1944
1584808466 1945
1584810580 1946
1584816006 1947
1584816530 1948
1584816715 1949
1584820419 1950
1584820638 1951
1584822807 1952
1584823233 1953
1584826291 1954
1584826700 1955
1584827001 1956
1584829731 1957
1584829988 1958
1584831484 1959
1584833133 1960
1584833292 1961
1584833711 1962
1584835338 1963
1584836185 1964
1584842394 1965
1584844297 1966
1584848947 1967
1584859364 1968
1584864825 1969
1584864858 1970
1584867378 1971
1584869616 1972
1584870156 1973
1584870476 1974
1584874411 1975
1584876458 1976
1584878907 1977
1584882275 1978
1584883291 1979
1584885004 1980
1584885828 1981
1584887480 1982
1584892537 1983
1584892582 1984
1584894447 1985
1584898106 1986
1584901804 1987
1584902064 1988
1584906437 1989
1584907450 1990
1584907891 1991
1584911090 1992
1584911108 1993
1584912895 1994
1584914530 1995
1584916381 1996
1584916972 1997
1584918155 1998
1584919668 1999
1584920397 2000
1584922415 2001
1584922910 2002
1584927024 2003
1584942277 2004
1584947455 2005
1584947476 2006
1584962174 2007
1584963313 2008
1584965033 2009
1584965227 2010
1584969000 2011
1584969036 2012
1584971706 2013
1584972873 2014
1584974040 2015
1584974126 2016
1584976460 2017
1584976533 2018
1584976807 2019
1584977452 2020
1584978015 2021
1584979589 2022
1584980297 2023
1584980772 2024
1584981484 2025
1584982934 2026
1584984735 2027
1584985383 2028
1584987113 2029
1584987935 2030
1584990539 2031
1584994701 2032
1584995707 2033
1584997043 2034
1584999386 2035
1585000496 2036
1585000939 2037
1585002202 2038
1585003050 2039
1585030438 2040
1585038916 2041
1585042190 2042
1585043303 2043
1585044668 2044
1585044738 2045
1585049243 2046
1585062493 2047
1585065861 2048
1585069332 2049
1585070050 2050
1585073473 2051
1585076131 2052
1585082818 2053
1585087377 2054
1585119539 2055
1585123565 2056
1585123787 2057
1585126202 2058
1585126539 2059
1585132908 2060
1585139712 2061
1585150674 2062
1585151330 2063
1585151754 2064
1585156434 2065
1585156497 2066
1585156664 2067
1585157991 2068
1585159248 2069
1585160325 2070
1585163221 2071
1585164365 2072
1585168749 2073
1585169363 2074
1585169819 2075
1585178033 2076
1585180771 2077
1585184143 2078
1585191549 2079
1585217953 2080
1585218593 2081
1585219537 2082
1585228728 2083
1585229842 2084
1585238066 2085
1585240672 2086
1585243652 2087
1585251319 2088
1585251319 2089
1585261803 2090
1585262332 2091
1585263851 2092
1585268345 2093
1585288515 2094
1585301109 2095
1585304706 2096
1585305658 2097
1585310549 2098
1585311433 2099
1585311899 2100
1585314085 2101
1585316504 2102
1585319094 2103
1585319159 2104
1585322469 2105
1585327192 2106
1585328026 2107
1585328490 2108
1585333771 2109
1585346148 2110
1585350976 2111
1585353990 2112
1585356207 2113
1585356371 2114
1585360524 2115
1585361662 2116
1585369988 2117
1585382707 2118
1585386805 2119
1585387998 2120
1585388193 2121
1585389750 2122
1585392523 2123
1585392618 2124
1585394792 2125
1585394884 2126
1585396836 2127
1585398129 2128
1585398427 2129
1585404098 2130
1585404557 2131
1585412626 2132
1585414574 2133
1585417603 2134
1585419974 2135
1585420272 2136
1585420291 2137
1585421386 2138
1585423320 2139
1585424064 2140
1585430555 2141
1585430645 2142
1585443960 2143
1585445651 2144
1585472433 2145
1585476346 2146
1585479210 2147
1585479263 2148
1585479332 2149
1585483132 2150
1585487616 2151
1585490235 2152
1585490932 2153
1585493515 2154
1585498217 2155
1585499064 2156
1585500286 2157
1585509737 2158
1585514615 2159
1585516106 2160
1585519706 2161
1585524810 2162
1585527163 2163
1585555288 2164
1585556713 2165
1585559913 2166
1585565813 2167
1585570161 2168
1585573744 2169
1585589129 2170
1585596575 2171
1585597177 2172
1585602471 2173
1585602970 2174
1585612585 2175
1585630900 2176
1585648520 2177
1585655891 2178
1585656637 2179
1585657363 2180
1585658180 2181
1585663394 2182
1585663771 2183
1585669104 2184
1585671581 2185
1585673758 2186
1585683070 2187
1585734524 2188
1585747126 2189
1585753528 2190
1585754670 2191
1585771679 2192
1585779285 2193
1585782160 2194
1585784845 2195
1585788319 2196
1585819439 2197
1585824580 2198
1585828269 2199
1585839586 2200
1585845237 2201
1585850566 2202
1585851896 2203
1585863545 2204
1585868544 2205
1585870417 2206
1585896732 2207
1585909362 2208
1585911361 2209
1585922674 2210
1585923276 2211
1585929679 2212
1585930158 2213
1585933597 2214
1585938272 2215
1585956132 2216
1585956148 2217
1585958224 2218
1585958903 2219
1585978559 2220
1585990855 2221
1586018401 2222
1586022561 2223
1586024419 2224
1586033963 2225
1586055536 2226
1586084722 2227
1586094239 2228
1586096921 2229
1586098273 2230
1586106175 2231
1586116282 2232
1586117364 2233
1586124149 2234
1586125852 2235
1586140078 2236
1586166331 2237
1586167324 2238
1586167525 2239
1586173488 2240
1586178654 2241
1586180464 2242
1586180827 2243
1586180969 2244
1586185203 2245
1586196788 2246
1586198448 2247
1586201201 2248
1586204953 2249
1586207756 2250
1586209225 2251
1586209803 2252
1586215370 2253
1586215990 2254
1586217136 2255
1586257436 2256
1586257636 2257
1586257793 2258
1586263293 2259
1586267032 2260
1586273011 2261
1586287352 2262
1586291159 2263
1586296495 2264
1586340034 2265
1586344691 2266
1586352309 2267
1586353198 2268
1586366562 2269
1586369200 2270
1586372256 2271
1586374570 2272
1586380714 2273
1586443351 2274
1586444161 2275
1586469718 2276
1586473546 2277
1586480270 2278
1586483090 2279
1586502196 2280
1586526174 2281
1586546792 2282
1586619429 2283
1586623787 2284
1586623848 2285
1586627751 2286
1586628030 2287
1586653267 2288
1586654915 2289
1586688618 2290
1586688908 2291
1586695295 2292
1586696313 2293
1586707820 2294
1586707993 2295
1586711928 2296
1586720951 2297
1586742804 2298
1586768656 2299
1586774139 2300
1586776882 2301
1586808336 2302
1586808458 2303
1586809248 2304
1586809543 2305
1586810787 2306
1586811360 2307
1586812405 2308
1586813743 2309
1586814080 2310
1586814428 2311
1586815525 2312
1586817822 2313
1586819093 2314
1586820709 2315
1586822306 2316
1586822802 2317
1586827138 2318
1586827865 2319
1586861284 2320
1586869759 2321
1586870050 2322
1586872137 2323
1586886578 2324
1586891379 2325
1586893337 2326
1586904795 2327
1586947331 2328
1586950857 2329
1586958467 2330
1586977822 2331
1586979899 2332
1586987719 2333
1587029238 2334
1587059746 2335
1587073381 2336
1587080119 2337
1587136721 2338
1587138812 2339
1587139400 2340
1587140673 2341
1587140774 2342
1587149305 2343
1587168594 2344
1587175508 2345
1587200619 2346
1587208834 2347
1587210213 2348
1587220757 2349
1587223103 2350
1587235686 2351
1587235704 2352
1587239610 2353
1587254262 2354
1587261679 2355
1587299017 2356
1587306140 2357
1587320496 2358
1587320779 2359
1587324792 2360
1587339383 2361
1587344879 2362
1587397051 2363
1587402510 2364
1587403093 2365
1587461283 2366
1587471890 2367
1587495926 2368
1587498763 2369
1587499959 2370
1587511870 2371
1587539243 2372
1587549267 2373
1587570243 2374
1587592012 2375
1587595194 2376
1587644363 2377
1587645366 2378
1587647615 2379
1587724929 2380
1587726321 2381
1587729615 2382
1587742326 2383
1587762593 2384
1587819968 2385
1587838120 2386
1587846345 2387
1587856384 2388
1587857274 2389
1587859442 2390
1587860616 2391
1587891002 2392
1587913492 2393
1587933119 2394
1587945481 2395
1588015992 2396
1588086561 2397
1588089493 2398
1588090888 2399
1588093201 2400
1588113491 2401
1588149741 2402
1588163866 2403
1588181489 2404
1588196144 2405
1588236411 2406
1588245006 2407
1588245247 2408
1588258162 2409
1588274752 2410
1588281474 2411
1588290785 2412
1588335402 2413
1588348232 2414
1588353601 2415
1588422315 2416
1588443322 2417
1588508906 2418
1588510780 2419
1588553946 2420
1588678574 2421
1588711572 2422
1588714176 2423
1588756707 2424
1588764674 2425
1588765228 2426
1588800382 2427
1588868510 2428
1588868688 2429
1588873336 2430
1588945360 2431
1588960193 2432
1588964238 2433
1589031904 2434
1589046370 2435
1589052771 2436
1589054435 2437
1589122640 2438
1589142107 2439
1589147525 2440
1589151966 2441
1589158220 2442
1589185295 2443
1589196756 2444
1589199978 2445
1589202262 2446
1589240803 2447
1589279565 2448
1589283745 2449
1589289898 2450
1589300676 2451
1589315651 2452
1589466719 2453
1589712998 2454
1589717842 2455
1589797025 2456
1589815205 2457
1589838154 2458
1589888721 2459
1590000499 2460
1590056110 2461
1590060606 2462
1590174302 2463
1590311890 2464
1590317795 2465
1590320194 2466
1590364234 2467
1590392359 2468
1590434559 2469
1590488619 2470
1590528518 2471
1590674666 2472
1590685472 2473
1590687762 2474
1590687933 2475
1590761553 2476
1590782132 2477
1590844281 2478
1590976337 2479
1591042554 2480
1591230086 2481
1591271783 2482
1591966267 2483
1592331989 2484
1592485322 2485
1592837643 2486
1592898386 2487
1593015879 2488
1593017013 2489
1593038373 2490
1593090633 2491
1593128449 2492
1593215394 2493
1593447713 2494
1593459816 2495
1593605710 2496
1594024819 2497
1594144217 2498
1594285384 2499
1594303365 2500
1594632323 2501
1594723510 2502
1594821611 2503
1595090195 2504
1595148222 2505
1595262121 2506
1595513781 2507
1595537065 2508
1595584791 2509
1595638088 2510
1595669522 2511
1595680752 2512
1595843992 2513
1595886709 2514
1595893651 2515
1595943850 2516
1596069774 2517
1596131843 2518
1596145097 2519
1596464543 2520
1596530671 2521
1596598872 2522
1596747183 2523
1596754699 2524
1596912584 2525
1596977015 2526
1597007931 2527
1597020246 2528
1597082767 2529
1597153938 2530
1597170712 2531
1597173858 2532
1597236518 2533
1597434161 2534
1597515885 2535
1597516596 2536
1597571362 2537
1597587812 2538
1597671212 2539
1597685005 2540
1597688266 2541
1597846742 2542
1597876840 2543
1597917450 2544
1598000591 2545
1598121994 2546
1598125472 2547
1598197407 2548
1598216779 2549
1598277714 2550
1598282805 2551
1598348282 2552
1598390567 2553
1598527931 2554
1598535366 2555
1598555073 2556
1598564729 2557
1598620262 2558
1598622164 2559
1598644967 2560
1598746945 2561
1598799027 2562
1598802393 2563
1598807934 2564
1598817549 2565
1598869391 2566
1598870265 2567
1598957261 2568
1598957978 2569
1598963997 2570
1598973812 2571
1598993028 2572
1599002780 2573
1599039249 2574
1599072602 2575
1599177289 2576
1599209826 2577
1599403183 2578
1599431442 2579
1599523296 2580
1599567535 2581
1599567721 2582
1599644533 2583
1599660548 2584
1599738169 2585
1599741671 2586
1599767348 2587
1599820694 2588
1599848698 2589
1599855621 2590
1599946100 2591
1600070298 2592
1600092539 2593
1600102759 2594
1600127038 2595
1600161383 2596
1600390943 2597
1600452959 2598
1600499517 2599
1600547248 2600
1600683145 2601
1600810301 2602
1600858594 2603
1600898846 2604
1600953505 2605
1600979095 2606
1601032705 2607
1601039818 2608
1601051821 2609
1601107230 2610
1601112171 2611
1601116139 2612
1601118883 2613
1601119923 2614
1601192717 2615
1601288127 2616
1601288299 2617
1601329392 2618
1601336806 2619
1601463061 2620
1601482767 2621
1601548466 2622
1601622750 2623
1601833467 2624
1601889740 2625
1601898737 2626
1601919560 2627
1601939179 2628
1602006048 2629
1602105082 2630
1602160645 2631
1602407235 2632
1602439875 2633
1602518523 2634
1602543174 2635
1602576336 2636
1602582762 2637
1602586810 2638
1602629684 2639
1602669909 2640
1602682622 2641
1602706150 2642
1602706473 2643
1602706704 2644
1602709270 2645
1602758110 2646
1602777054 2647
1602781955 2648
1602786163 2649
1602846289 2650
1602851214 2651
1602864258 2652
1602948416 2653
1602968630 2654
1602971213 2655
1603019592 2656
1603020178 2657
1603024307 2658
1603125347 2659
1603194993 2660
1603195410 2661
1603223195 2662
1603232164 2663
1603235787 2664
1603288843 2665
1603291795 2666
1603392641 2667
1603441046 2668
1603458706 2669
1603477602 2670
1603482585 2671
1603494994 2672
1603615667 2673
1603655884 2674
1603658475 2675
1603661126 2676
1603664813 2677
1603672681 2678
1603716410 2679
1603731920 2680
1603735882 2681
1603739185 2682
1603742157 2683
1603790132 2684
1603795782 2685
1603796351 2686
1603798845 2687
1603809948 2688
1603817813 2689
1603819740 2690
1603825136 2691
1603834167 2692
1603834629 2693
1603840470 2694
1603845303 2695
1603876826 2696
1603881887 2697
1603885493 2698
1603895751 2699
1603899756 2700
1603900258 2701
1603914332 2702
1603915990 2703
1603917077 2704
1603917216 2705
1603917505 2706
1603917910 2707
1603918584 2708
1603918717 2709
1603919379 2710
1603928213 2711
1603935241 2712
1603955291 2713
1603968950 2714
1603971522 2715
1603980285 2716
1603980508 2717
1603983029 2718
1603992859 2719
1603995672 2720
1603997559 2721
1604002038 2722
1604021890 2723
1604050231 2724
1604052623 2725
1604054647 2726
1604093153 2727
1604102931 2728
1604122623 2729
1604139937 2730
1604142460 2731
1604164219 2732
1604168501 2733
1604186922 2734
1604188604 2735
1604239245 2736
1604241108 2737
1604268054 2738
1604276005 2739
1604304105 2740
1604338050 2741
1604342677 2742
1604344602 2743
1604349184 2744
1604433116 2745
1604486999 2746
1604593210 2747
1604600833 2748
1604601222 2749
1604677870 2750
1604744820 2751
1604871323 2752
1605036863 2753
1605092315 2754
1605092599 2755
1605123139 2756
1605194372 2757
1605203334 2758
1605221989 2759
1605273318 2760
1605279487 2761
1605318885 2762
1605347688 2763
1605384448 2764
1605397875 2765
1605406033 2766
1605516390 2767
1605568715 2768
1605650061 2769
1605725338 2770
1605727891 2771
1605727985 2772
1605805465 2773
1605823316 2774
1605989645 2775
1606311563 2776
1606514217 2777
1606729292 2778
1606742238 2779
1606754385 2780
1606764805 2781
1606857708 2782
1606915356 2783
1606991375 2784
1606992344 2785
1607070348 2786
1607109632 2787
1607166479 2788
1607340137 2789
1607373717 2790
1607395665 2791
1607432368 2792
1607455806 2793
1607562412 2794
1607612790 2795
1607678627 2796
1607679965 2797
1607853315 2798
1607931346 2799
1607978991 2800
1608032983 2801
1608033312 2802
1608150727 2803
1608234434 2804
1608323258 2805
1608466818 2806
1608471114 2807
1608504240 2808
1608554368 2809
1608768442 2810
1608821161 2811
1608912048 2812
1609062175 2813
1609172427 2814
1609274713 2815
1609422200 2816
1609449216 2817
1609520812 2818
1609530183 2819
1609585492 2820
1609603871 2821
1609607910 2822
1609616820 2823
1609617098 2824
1609619072 2825
1609717855 2826
1609750247 2827
1609760651 2828
1609788707 2829
1609802176 2830
1609840567 2831
1609842508 2832
1609919236 2833
1609935225 2834
1610018327 2835
1610036836 2836
1610180768 2837
1610277207 2838
1610302473 2839
1610362316 2840
1610462249 2841
1610464275 2842
1610485024 2843
1610488952 2844
1610528317 2845
1610531330 2846
1610551950 2847
1610563671 2848
1610619053 2849
1610728170 2850
1610737466 2851
1610820418 2852
1610829879 2853
1611105530 2854
1611143269 2855
1611171025 2856
1611222651 2857
1611272917 2858
1611331601 2859
1611338689 2860
1611399483 2861
1611488032 2862
1611513450 2863
1611523359 2864
1611571435 2865
1611614786 2866
1611672745 2867
1611834217 2868
1611854410 2869
1611910654 2870
1611950414 2871
1612002148 2872
1612036159 2873
1612118644 2874
1612120175 2875
1612127674 2876
1612189481 2877
1612206819 2878
1612457876 2879
1612475920 2880
1612480490 2881
1612556255 2882
1612741922 2883
1612811673 2884
1612818345 2885
1612827603 2886
1612885440 2887
1612888409 2888
1613072801 2889
1613124153 2890
1613133055 2891
1613484054 2892
1613497646 2893
1613599594 2894
1613679114 2895
1613848108 2896
1613933701 2897
1614010415 2898
1614279293 2899
1614349745 2900
1614623478 2901
1614773074 2902
1614786893 2903
1614882768 2904
1614888315 2905
1614934532 2906
1614942840 2907
1615054809 2908
1615203963 2909
1615398354 2910
1615400464 2911
1615402342 2912
1615408810 2913
1615469996 2914
1615486206 2915
1615492064 2916
1615502492 2917
1615574510 2918
1615660347 2919
1615678225 2920
1615853835 2921
1615883116 2922
1615924988 2923
1615935665 2924
1615940896 2925
1615970619 2926
1615977722 2927
1615986671 2928
1616078996 2929
1616095992 2930
1616111992 2931
1616157876 2932
1616246279 2933
1616258050 2934
1616304089 2935
1616340536 2936
1616369686 2937
1616500593 2938
1616517676 2939
1616683512 2940
1616705783 2941
1616745540 2942
1616959214 2943
1617061383 2944
1617063360 2945
1617106438 2946
1617114395 2947
1617209972 2948
1617210519 2949
1617222258 2950
1617270173 2951
1617275139 2952
1617324504 2953
1617359889 2954
1617523024 2955
1617572550 2956
1617693033 2957
1617709049 2958
1617716449 2959
1617779652 2960
1617872757 2961
1617886633 2962
1617903031 2963
1618008131 2964
1618091901 2965
1618135878 2966
1618236687 2967
1618423343 2968
1618480170 2969
1618492024 2970
1618494189 2971
1618570539 2972
1618776350 2973
1619127375 2974
1619137335 2975
1619376102 2976
1619558863 2977
1619621569 2978
1619630354 2979
1619638943 2980
1619874710 2981
1619955397 2982
1619980895 2983
1619986322 2984
1620036392 2985
1620057781 2986
1620065990 2987
1620128031 2988
1620221828 2989
1620243387 2990
1620289853 2991
1620307137 2992
1620315515 2993
1620633403 2994
1620733455 2995
1620756136 2996
1620758657 2997
1620824923 2998
1620835717 2999
1620838378 3000
1620903424 3001
1620912417 3002
1620992538 3003
1621002130 3004
1621008803 3005
1621016936 3006
1621031082 3007
1621068048 3008
1621073351 3009
1621079260 3010
1621081041 3011
1621116340 3012
1621156586 3013
1621169083 3014
1621189454 3015
1621260840 3016
1621291843 3017
1621323714 3018
1621329551 3019
1621336687 3020
1621338111 3021
1621343813 3022
1621356092 3023
1621373642 3024
1621422249 3025
1621435805 3026
1621452906 3027
1621464171 3028
1621477797 3029
1621524779 3030
1621729164 3031
1621848244 3032
1621939643 3033
1622046594 3034
1622118708 3035
1622132613 3036
1622292111 3037
1622409168 3038
1622548500 3039
1622586023 3040
1622730555 3041
1622750693 3042
1622885263 3043
1623001501 3044
1623175058 3045
1623188200 3046
1623230943 3047
1623274291 3048
1623338843 3049
1623582840 3050
1623708414 3051
1623778482 3052
1623780853 3053
1624013017 3054
1624103579 3055
1624294752 3056
1624303047 3057
1624382921 3058
1624467390 3059
1624470518 3060
1624627306 3061
1624704396 3062
1624745774 3063
1624897287 3064
1625062667 3065
1625146262 3066
1625150897 3067
1625168095 3068
1625234372 3069
1625348652 3070
1625402328 3071
1625415719 3072
1625523620 3073
1625656134 3074
1625686482 3075
1625745490 3076
1625756326 3077
1625758040 3078
1625786246 3079
1625837150 3080
1625838152 3081
1625843565 3082
1625863374 3083
1625917454 3084
1625953597 3085
1625954796 3086
1626010423 3087
1626087632 3088
1626088242 3089
1626120514 3090
1626121201 3091
1626123302 3092
1626123484 3093
1626123516 3094
1626124783 3095
1626125190 3096
1626125868 3097
1626126080 3098
1626128467 3099
1626128472 3100
1626132368 3101
1626132579 3102
1626157045 3103
1626163169 3104
1626163920 3105
1626169945 3106
1626174969 3107
1626175792 3108
1626179834 3109
1626185041 3110
1626186961 3111
1626193439 3112
1626194877 3113
1626196186 3114
1626204360 3115
1626204656 3116
1626209536 3117
1626209735 3118
1626266688 3119
1626268493 3120
1626270369 3121
1626273983 3122
1626279785 3123
1626289763 3124
1626299650 3125
1626303701 3126
1626343327 3127
1626346434 3128
1626352562 3129
1626365344 3130
1626381445 3131
1626395423 3132
1626403669 3133
1626431750 3134
1626432208 3135
1626437276 3136
1626438723 3137
1626462317 3138
1626491385 3139
1626521897 3140
1626524532 3141
1626536704 3142
1626540850 3143
1626540906 3144
1626555133 3145
1626556637 3146
1626570271 3147
1626597664 3148
1626599609 3149
1626602239 3150
1626645751 3151
1626649227 3152
1626704611 3153
1626724805 3154
1626776151 3155
1626780450 3156
1626788121 3157
1626790870 3158
1626813317 3159
1626821862 3160
1626828814 3161
1626878670 3162
1626883382 3163
1626893499 3164
1626899343 3165
1626910320 3166
1626964352 3167
1626967483 3168
1626982751 3169
1626983711 3170
1626987741 3171
1627045497 3172
1627053949 3173
1627057602 3174
1627079154 3175
1627082447 3176
1627092268 3177
1627109155 3178
1627142454 3179
1627160961 3180
1627168102 3181
1627298786 3182
1627328396 3183
1627342013 3184
1627382702 3185
1627426094 3186
1627428112 3187
1627473188 3188
1627476138 3189
1627507770 3190
1627570511 3191
1627753372 3192
1627776338 3193
1627801189 3194
1627821225 3195
1627829609 3196
1627839498 3197
1627931779 3198
1627934211 3199
1627943686 3200
1627998586 3201
1628003846 3202
1628016297 3203
1628019356 3204
1628021477 3205
1628033817 3206
1628081982 3207
1628113322 3208
1628257828 3209
1628266193 3210
1628277310 3211
1628290380 3212
1628328511 3213
1628365086 3214
1628423885 3215
1628433248 3216
1628478250 3217
1628501278 3218
1628537950 3219
1628629154 3220
1628640409 3221
1628704999 3222
1628758941 3223
1628760580 3224
1628807379 3225
1628856811 3226
1628862649 3227
1628863051 3228
1628878357 3229
1628881153 3230
1628935418 3231
1628952873 3232
1628985911 3233
1629135849 3234
1629155975 3235
1629295798 3236
1629308707 3237
1629328938 3238
1629471572 3239
1629473372 3240
1629486446 3241
1629557764 3242
1629571235 3243
1629573449 3244
1629823533 3245
1629826552 3246
1629843512 3247
1629849693 3248
1629895787 3249
1629900468 3250
1629966120 3251
1629976446 3252
1629986322 3253
1630072691 3254
1630251002 3255
1630267236 3256
1630319757 3257
1630337380 3258
1630347527 3259
1630414967 3260
1630432087 3261
1630448650 3262
1630695151 3263
1630700804 3264
1630841955 3265
1631019071 3266
1631044269 3267
1631235448 3268
1631355777 3269
1631402536 3270
1631482499 3271
1631542525 3272
1631562559 3273
1631708856 3274
1631716270 3275
1631797773 3276
1631815962 3277
1631832838 3278
1631918994 3279
1631928568 3280
1632128171 3281
1632161039 3282
1632171285 3283
1632217626 3284
1632565604 3285
1632690071 3286
1632700598 3287
1632912759 3288
1633118997 3289
1633336512 3290
1634257052 3291
1634293939 3292
