1579611316 1
1579611555 2
1579611751 3
1579613366 4
1579617811 5
1579621979 6
1579622150 7
1579627499 8
1579629367 9
1579630675 10
1579630765 11
1579631666 12
1579636944 13
1579639995 14
1579640280 15
1579640775 16
1579646008 17
1579678473 18
1579693339 19
1579724250 20
1579727123 21
1579727177 22
1579727975 23
1579730378 24
1579730809 25
1579733220 26
1579734009 27
1579734215 28
1579734792 29
1579735590 30
1579737627 31
1579738363 32
1579742068 33
1579760592 34
1579772175 35
1579775467 36
1579776449 37
1579777951 38
1579778672 39
1579778830 40
1579784057 41
1579784270 42
1579784502 43
1579787783 44
1579791432 45
1579792908 46
1579792912 47
1579793285 48
1579793640 49
1579793677 50
1579802143 51
1579805056 52
1579806529 53
1579811179 54
1579821659 55
1579822944 56
1579823091 57
1579826431 58
1579827367 59
1579840018 60
1579844499 61
1579849146 62
1579849340 63
1579852403 64
1579853947 65
1579854262 66
1579858552 67
1579858590 68
1579858604 69
1579861015 70
1579861671 71
1579863724 72
1579870016 73
1579871363 74
1579872263 75
1579873194 76
1579874713 77
1579875857 78
1579877603 79
1579880211 80
1579880806 81
1579885751 82
1579886544 83
1579886746 84
1579887026 85
1579887245 86
1579888707 87
1579890751 88
1579892037 89
1579897192 90
1579897615 91
1579897628 92
1579898020 93
1579898093 94
1579898104 95
1579898295 96
1579898366 97
1579899120 98
1579899597 99
1579899783 100
1579899824 101
1579900037 102
1579900093 103
1579900136 104
1579900290 105
1579900351 106
1579900500 107
1579900515 108
1579900888 109
1579901083 110
1579901210 111
1579901630 112
1579901787 113
1579901886 114
1579901916 115
1579902344 116
1579903110 117
1579904004 118
1579904013 119
1579904655 120
1579904674 121
1579904963 122
1579905912 123
1579906049 124
1579906055 125
1579906227 126
1579906351 127
1579906556 128
1579906859 129
1579906939 130
1579906979 131
1579907338 132
1579908229 133
1579908293 134
1579908329 135
1579908840 136
1579909219 137
1579911342 138
1579915186 139
1579915723 140
1579916416 141
1579917298 142
1579917630 143
1579919733 144
1579920712 145
1579922026 146
1579934676 147
1579938071 148
1579938750 149
1579939400 150
1579940047 151
1579943548 152
1579943708 153
1579943871 154
1579944323 155
1579944902 156
1579946835 157
1579947236 158
1579947909 159
1579949445 160
1579949468 161
1579949652 162
1579949677 163
1579950448 164
1579950615 165
1579951014 166
1579951945 167
1579953209 168
1579956895 169
1579957886 170
1579957910 171
1579958003 172
1579958330 173
1579961352 174
1579961635 175
1579962300 176
1579962525 177
1579962557 178
1579964705 179
1579966349 180
1579966383 181
1579967323 182
1579967349 183
1579968270 184
1579969765 185
1579972703 186
1579972896 187
1579973982 188
1579975431 189
1579975776 190
1579976055 191
1579976177 192
1579976762 193
1579977121 194
1579978580 195
1579979761 196
1579979940 197
1579982056 198
1579982100 199
1579984623 200
1579986219 201
1579987781 202
1579990366 203
1579995294 204
1579999312 205
1580021099 206
1580023491 207
1580025385 208
1580032617 209
1580032644 210
1580034093 211
1580036233 212
1580036556 213
1580037245 214
1580039617 215
1580039816 216
1580040653 217
1580041049 218
1580041576 219
1580044253 220
1580056459 221
1580063156 222
1580069107 223
1580072563 224
1580073364 225
1580077054 226
1580077921 227
1580078790 228
1580079026 229
1580081552 230
1580082532 231
1580116947 232
1580118638 233
1580119156 234
1580121793 235
1580122138 236
1580129294 237
1580129688 238
1580130647 239
1580133359 240
1580134245 241
1580135310 242
1580135506 243
1580135682 244
1580137293 245
1580139983 246
1580140796 247
1580141917 248
1580142357 249
1580143850 250
1580145999 251
1580147519 252
1580148839 253
1580149825 254
1580149929 255
1580149994 256
1580150937 257
1580152565 258
1580153583 259
1580157337 260
1580157604 261
1580162604 262
1580163235 263
1580163355 264
1580179150 265
1580180392 266
1580186044 267
1580200461 268
1580204608 269
1580205290 270
1580208217 271
1580208891 272
1580209087 273
1580209441 274
1580209664 275
1580209714 276
1580210960 277
1580214064 278
1580214642 279
1580214715 280
1580215430 281
1580218095 282
1580218312 283
1580234905 284
1580237499 285
1580239491 286
1580239614 287
1580239642 288
1580240823 289
1580242009 290
1580242271 291
1580244435 292
1580246007 293
1580250782 294
1580263337 295
1580266899 296
1580281426 297
1580286821 298
1580289227 299
1580291450 300
1580291926 301
1580292256 302
1580293317 303
1580293461 304
1580294692 305
1580295949 306
1580297046 307
1580304197 308
1580305313 309
1580308050 310
1580309486 311
1580314182 312
1580328596 313
1580329136 314
1580333196 315
1580334924 316
1580341579 317
1580352894 318
1580361242 319
1580372528 320
1580378199 321
1580378646 322
1580379102 323
1580380689 324
1580381070 325
1580381504 326
1580383871 327
1580386391 328
1580389339 329
1580390124 330
1580393334 331
1580396988 332
1580397439 333
1580404348 334
1580418110 335
1580418279 336
1580419059 337
1580420960 338
1580425672 339
1580460065 340
1580461280 341
1580464664 342
1580468550 343
1580472399 344
1580473279 345
1580474163 346
1580477055 347
1580478927 348
1580484853 349
1580487904 350
1580494200 351
1580495775 352
1580495851 353
1580497424 354
1580503648 355
1580503712 356
1580505690 357
1580518207 358
1580545588 359
1580546975 360
1580547601 361
1580549272 362
1580554637 363
1580555486 364
1580559931 365
1580571642 366
1580596569 367
1580597746 368
1580602005 369
1580611880 370
1580615662 371
1580641210 372
1580641805 373
1580645299 374
1580647089 375
1580654725 376
1580655562 377
1580659674 378
1580673381 379
1580682687 380
1580684741 381
1580699492 382
1580716630 383
1580721735 384
1580724385 385
1580728884 386
1580740545 387
1580740922 388
1580744082 389
1580748471 390
1580762786 391
1580768440 392
1580772379 393
1580802759 394
1580819234 395
1580825801 396
1580836548 397
1580837864 398
1580843552 399
1580858244 400
1580866186 401
1580889641 402
1580905759 403
1580913537 404
1580916749 405
1580920567 406
1580921681 407
1580921851 408
1580927084 409
1580936329 410
1580978260 411
1580986937 412
1581010663 413
1581061851 414
1581070613 415
1581072844 416
1581074277 417
1581086123 418
1581094415 419
1581098706 420
1581118315 421
1581157548 422
1581158479 423
1581159381 424
1581159953 425
1581161411 426
1581162629 427
1581172511 428
1581176407 429
1581177359 430
1581181207 431
1581183489 432
1581187306 433
1581188385 434
1581193042 435
1581195345 436
1581324821 437
1581331161 438
1581331394 439
1581334312 440
1581339543 441
1581357967 442
1581370515 443
1581412981 444
1581414559 445
1581419656 446
1581428997 447
1581429752 448
1581435264 449
1581442081 450
1581445993 451
1581449554 452
1581450308 453
1581496171 454
1581509957 455
1581513139 456
1581546660 457
1581581725 458
1581582731 459
1581585241 460
1581585824 461
1581594387 462
1581610854 463
1581612353 464
1581635783 465
1581646190 466
1581679386 467
1581770395 468
1581771472 469
1581798034 470
1581884638 471
1581924361 472
1581943066 473
1581953185 474
1581983608 475
1581998295 476
1582141950 477
1582220672 478
1582272984 479
1582282745 480
1582284629 481
1582326576 482
1582377942 483
1582385296 484
1582390772 485
1582391951 486
1582396817 487
1582402425 488
1582410431 489
1582420665 490
1582423902 491
1582456071 492
1582457845 493
1582461884 494
1582463236 495
1582482830 496
1582483015 497
1582497493 498
1582497549 499
1582535958 500
1582537820 501
1582541375 502
1582544318 503
1582546289 504
1582547431 505
1582549050 506
1582549138 507
1582549914 508
1582554319 509
1582555618 510
1582555659 511
1582555762 512
1582558310 513
1582558442 514
1582559505 515
1582561004 516
1582561573 517
1582561978 518
1582562195 519
1582562717 520
1582563983 521
1582565270 522
1582565759 523
1582568627 524
1582571134 525
1582573286 526
1582573993 527
1582575979 528
1582581666 529
1582598944 530
1582614333 531
1582615975 532
1582620595 533
1582622443 534
1582627726 535
1582628613 536
1582629053 537
1582630446 538
1582630853 539
1582631966 540
1582633462 541
1582638628 542
1582638763 543
1582640340 544
1582641162 545
1582642459 546
1582643188 547
1582645706 548
1582646299 549
1582648592 550
1582651225 551
1582655012 552
1582655306 553
1582655367 554
1582659266 555
1582659301 556
1582662828 557
1582665550 558
1582666546 559
1582668436 560
1582673226 561
1582673343 562
1582702480 563
1582712684 564
1582714369 565
1582715238 566
1582715729 567
1582716039 568
1582717298 569
1582720744 570
1582722355 571
1582724283 572
1582724605 573
1582725429 574
1582728811 575
1582732492 576
1582732619 577
1582732714 578
1582733528 579
1582734922 580
1582735067 581
1582735408 582
1582735601 583
1582736182 584
1582737595 585
1582738899 586
1582739226 587
1582740609 588
1582744299 589
1582745431 590
1582747271 591
1582752458 592
1582753999 593
1582754587 594
1582754765 595
1582755496 596
1582781146 597
1582785858 598
1582786046 599
1582795284 600
1582797060 601
1582797451 602
1582797889 603
1582799164 604
1582801259 605
1582802861 606
1582803516 607
1582805661 608
1582809112 609
1582809645 610
1582810821 611
1582811578 612
1582811752 613
1582818178 614
1582822971 615
1582826009 616
1582827871 617
1582833326 618
1582836786 619
1582837282 620
1582838314 621
1582838841 622
1582839768 623
1582841199 624
1582841279 625
1582842132 626
1582843507 627
1582843895 628
1582846870 629
1582847664 630
1582849603 631
1582851554 632
1582854281 633
1582870865 634
1582872089 635
1582873197 636
1582876968 637
1582879735 638
1582880484 639
1582880893 640
1582882183 641
1582883645 642
1582883970 643
1582884112 644
1582886279 645
1582886664 646
1582887068 647
1582888323 648
1582888836 649
1582889001 650
1582890578 651
1582891735 652
1582893249 653
1582894109 654
1582897018 655
1582899158 656
1582899172 657
1582900772 658
1582901583 659
1582901972 660
1582902555 661
1582903999 662
1582906321 663
1582909276 664
1582911754 665
1582912062 666
1582913556 667
1582918759 668
1582918892 669
1582919023 670
1582919717 671
1582920244 672
1582922689 673
1582923317 674
1582923575 675
1582923783 676
1582928171 677
1582931983 678
1582933156 679
1582935651 680
1582939292 681
1582957039 682
1582959634 683
1582960509 684
1582962218 685
1582962507 686
1582967196 687
1582973475 688
1582974341 689
1582976265 690
1582976268 691
1582978340 692
1582986017 693
1582986686 694
1582987636 695
1582990379 696
1582990926 697
1582992395 698
1582992628 699
1582993180 700
1582994276 701
1582998494 702
1582999938 703
1583000348 704
1583000756 705
1583002524 706
1583005014 707
1583005185 708
1583005572 709
1583006131 710
1583006155 711
1583006481 712
1583010269 713
1583010636 714
1583010946 715
1583011724 716
1583013290 717
1583013644 718
1583015969 719
1583017232 720
1583018787 721
1583021646 722
1583044078 723
1583049042 724
1583058550 725
1583061724 726
1583062578 727
1583065191 728
1583072042 729
1583074110 730
1583077462 731
1583080027 732
1583082260 733
1583083304 734
1583084335 735
1583085795 736
1583087673 737
1583089711 738
1583090422 739
1583090849 740
1583091164 741
1583091777 742
1583091915 743
1583093498 744
1583093790 745
1583093841 746
1583095000 747
1583100276 748
1583100396 749
1583101696 750
1583102192 751
1583103340 752
1583105552 753
1583108849 754
1583115640 755
1583132180 756
1583132608 757
1583136924 758
1583142250 759
1583143847 760
1583148926 761
1583151672 762
1583151695 763
1583151823 764
1583153334 765
1583154010 766
1583155665 767
1583155695 768
1583156047 769
1583157797 770
1583158490 771
1583159875 772
1583160067 773
1583162859 774
1583164380 775
1583165324 776
1583167820 777
1583168212 778
1583168388 779
1583168876 780
1583170301 781
1583170607 782
1583170657 783
1583176121 784
1583176819 785
1583181768 786
1583184677 787
1583184726 788
1583184797 789
1583185240 790
1583186026 791
1583186484 792
1583186961 793
1583187874 794
1583189093 795
1583190945 796
1583193331 797
1583193843 798
1583196207 799
1583198653 800
1583220371 801
1583226444 802
1583228639 803
1583233159 804
1583235269 805
1583238361 806
1583238806 807
1583239491 808
1583239723 809
1583240739 810
1583241226 811
1583244336 812
1583246002 813
1583246336 814
1583247714 815
1583249219 816
1583249276 817
1583254819 818
1583255173 819
1583257851 820
1583260664 821
1583261701 822
1583265172 823
1583265571 824
1583265761 825
1583266056 826
1583266872 827
1583268079 828
1583269982 829
1583271259 830
1583271873 831
1583278055 832
1583279920 833
1583306960 834
1583307812 835
1583312153 836
1583316804 837
1583317287 838
1583317526 839
1583322666 840
1583323546 841
1583324701 842
1583326008 843
1583326796 844
1583326851 845
1583329707 846
1583329766 847
1583332387 848
1583333553 849
1583333785 850
1583335222 851
1583335783 852
1583337199 853
1583337975 854
1583338335 855
1583344069 856
1583346646 857
1583347076 858
1583348858 859
1583350184 860
1583352957 861
1583353853 862
1583359476 863
1583359624 864
1583364588 865
1583372542 866
1583380549 867
1583387023 868
1583390165 869
1583391427 870
1583396050 871
1583397004 872
1583398157 873
1583398264 874
1583399990 875
1583402131 876
1583404628 877
1583404933 878
1583405206 879
1583405779 880
1583407969 881
1583410520 882
1583410746 883
1583411088 884
1583413297 885
1583413520 886
1583415867 887
1583417396 888
1583420357 889
1583421541 890
1583423911 891
1583425391 892
1583426054 893
1583426515 894
1583428076 895
1583431629 896
1583432622 897
1583432997 898
1583434109 899
1583437268 900
1583437934 901
1583438645 902
1583439390 903
1583440606 904
1583442074 905
1583444599 906
1583444894 907
1583446175 908
1583448634 909
1583455362 910
1583456117 911
1583460415 912
1583481795 913
1583482837 914
1583486516 915
1583487723 916
1583487750 917
1583488161 918
1583489104 919
1583489620 920
1583490809 921
1583491793 922
1583493356 923
1583494195 924
1583498447 925
1583500372 926
1583502357 927
1583502776 928
1583502942 929
1583503109 930
1583504046 931
1583504220 932
1583506390 933
1583507778 934
1583507851 935
1583508542 936
1583512801 937
1583516683 938
1583518309 939
1583521633 940
1583523014 941
1583523508 942
1583525044 943
1583525210 944
1583526375 945
1583531166 946
1583533921 947
1583538214 948
1583539557 949
1583543124 950
1583548163 951
1583570868 952
1583572314 953
1583572469 954
1583574314 955
1583580628 956
1583584152 957
1583584677 958
1583587384 959
1583589852 960
1583594211 961
1583596315 962
1583599326 963
1583601605 964
1583604168 965
1583608959 966
1583609464 967
1583611726 968
1583613775 969
1583614769 970
1583614870 971
1583615655 972
1583616071 973
1583619428 974
1583625565 975
1583625739 976
1583633920 977
1583637915 978
1583638146 979
1583646243 980
1583655198 981
1583660557 982
1583662122 983
1583667935 984
1583669007 985
1583670517 986
1583672828 987
1583673059 988
1583673226 989
1583675607 990
1583679377 991
1583680251 992
1583680914 993
1583684085 994
1583685229 995
1583690335 996
1583692576 997
1583694339 998
1583696780 999
1583699910 1000
1583700177 1001
1583703376 1002
1583706195 1003
1583706383 1004
1583706602 1005
1583709824 1006
1583711113 1007
1583713283 1008
1583715360 1009
1583724944 1010
1583734573 1011
1583737708 1012
1583744677 1013
1583744788 1014
1583745880 1015
1583746584 1016
1583755915 1017
1583757348 1018
1583757420 1019
1583761852 1020
1583762414 1021
1583763398 1022
1583763567 1023
1583767396 1024
1583768343 1025
1583768722 1026
1583770805 1027
1583771803 1028
1583771869 1029
1583772333 1030
1583772465 1031
1583776537 1032
1583778825 1033
1583782810 1034
1583782888 1035
1583784344 1036
1583785090 1037
1583785928 1038
1583786999 1039
1583787396 1040
1583790111 1041
1583791485 1042
1583794288 1043
1583795516 1044
1583799918 1045
1583800180 1046
1583800460 1047
1583801264 1048
1583816476 1049
1583826500 1050
1583827615 1051
1583832091 1052
1583832986 1053
1583836407 1054
1583839480 1055
1583839881 1056
1583840635 1057
1583841059 1058
1583842421 1059
1583843509 1060
1583844807 1061
1583844963 1062
1583847478 1063
1583848213 1064
1583849807 1065
1583853754 1066
1583855305 1067
1583855713 1068
1583859888 1069
1583863946 1070
1583865779 1071
1583866945 1072
1583870780 1073
1583871684 1074
1583898259 1075
1583911358 1076
1583912331 1077
1583912883 1078
1583913184 1079
1583916382 1080
1583918962 1081
1583920638 1082
1583922046 1083
1583933197 1084
1583934954 1085
1583937801 1086
1583940791 1087
1583941386 1088
1583945865 1089
1583947908 1090
1583949421 1091
1583949647 1092
1583951652 1093
1583952568 1094
1583953323 1095
1583954390 1096
1583954753 1097
1583957008 1098
1583958576 1099
1583961415 1100
1583961419 1101
1583961950 1102
1583963329 1103
1583963615 1104
1583964215 1105
1583965735 1106
1583968352 1107
1583969483 1108
1583969544 1109
1583970080 1110
1583971804 1111
1583973557 1112
1583974878 1113
1583976073 1114
1583980767 1115
1583980807 1116
1583988858 1117
1583989126 1118
1583992428 1119
1583998732 1120
1584000090 1121
1584000892 1122
1584001484 1123
1584003074 1124
1584003794 1125
1584007557 1126
1584007776 1127
1584008348 1128
1584009266 1129
1584009297 1130
1584009316 1131
1584009865 1132
1584011401 1133
1584012897 1134
1584013359 1135
1584013582 1136
1584014076 1137
1584017842 1138
1584019384 1139
1584020001 1140
1584021612 1141
1584022009 1142
1584022269 1143
1584024031 1144
1584025706 1145
1584025998 1146
1584029582 1147
1584030426 1148
1584030778 1149
1584033341 1150
1584033602 1151
1584035120 1152
1584036545 1153
1584039510 1154
1584039668 1155
1584040451 1156
1584041336 1157
1584042253 1158
1584042361 1159
1584042823 1160
1584043275 1161
1584043316 1162
1584043330 1163
1584043351 1164
1584043367 1165
1584043391 1166
1584043427 1167
1584043476 1168
1584043515 1169
1584043631 1170
1584043646 1171
1584043738 1172
1584043765 1173
1584043816 1174
1584044318 1175
1584044373 1176
1584044405 1177
1584044722 1178
1584044814 1179
1584044872 1180
1584045196 1181
1584045216 1182
1584045454 1183
1584045733 1184
1584047255 1185
1584047733 1186
1584047857 1187
1584047957 1188
1584048272 1189
1584048799 1190
1584048984 1191
1584049489 1192
1584049823 1193
1584050059 1194
1584050165 1195
1584050949 1196
1584051150 1197
1584051350 1198
1584052701 1199
1584052927 1200
1584053131 1201
1584054807 1202
1584055601 1203
1584055645 1204
1584056053 1205
1584057057 1206
1584057757 1207
1584058901 1208
1584059485 1209
1584059849 1210
1584060080 1211
1584071834 1212
1584075439 1213
1584079510 1214
1584079568 1215
1584080401 1216
1584081554 1217
1584082531 1218
1584083341 1219
1584087096 1220
1584088091 1221
1584088150 1222
1584090231 1223
1584091257 1224
1584092550 1225
1584094450 1226
1584095317 1227
1584096938 1228
1584098998 1229
1584100275 1230
1584101767 1231
1584102150 1232
1584102553 1233
1584104796 1234
1584105279 1235
1584106094 1236
1584106438 1237
1584106816 1238
1584107665 1239
1584109653 1240
1584110896 1241
1584111891 1242
1584114441 1243
1584114458 1244
1584114937 1245
1584118451 1246
1584119351 1247
1584120803 1248
1584122433 1249
1584122583 1250
1584125525 1251
1584125721 1252
1584125944 1253
1584126229 1254
1584127174 1255
1584127716 1256
1584128617 1257
1584129430 1258
1584131970 1259
1584132939 1260
1584133610 1261
1584135937 1262
1584136241 1263
1584136491 1264
1584136753 1265
1584137422 1266
1584137585 1267
1584137812 1268
1584137986 1269
1584138104 1270
1584139102 1271
1584140004 1272
1584141095 1273
1584145853 1274
1584147330 1275
1584149891 1276
1584166434 1277
1584176087 1278
1584177771 1279
1584179949 1280
1584181088 1281
1584181360 1282
1584181985 1283
1584183437 1284
1584184029 1285
1584184613 1286
1584186496 1287
1584186875 1288
1584187272 1289
1584189358 1290
1584189688 1291
1584190967 1292
1584192993 1293
1584193804 1294
1584194806 1295
1584196516 1296
1584196519 1297
1584196982 1298
1584197030 1299
1584198538 1300
1584201100 1301
1584201823 1302
1584202937 1303
1584203493 1304
1584207487 1305
1584209232 1306
1584209496 1307
1584209943 1308
1584212096 1309
1584213881 1310
1584214174 1311
1584214618 1312
1584215222 1313
1584215272 1314
1584215574 1315
1584215953 1316
1584216016 1317
1584216111 1318
1584217017 1319
1584217074 1320
1584217468 1321
1584217510 1322
1584217584 1323
1584217661 1324
1584217728 1325
1584217938 1326
1584218130 1327
1584218398 1328
1584218437 1329
1584218609 1330
1584218747 1331
1584218752 1332
1584218757 1333
1584218921 1334
1584218926 1335
1584219054 1336
1584219306 1337
1584219923 1338
1584220291 1339
1584220401 1340
1584220750 1341
1584220857 1342
1584220896 1343
1584221080 1344
1584221491 1345
1584221565 1346
1584221656 1347
1584221664 1348
1584221734 1349
1584222221 1350
1584222342 1351
1584222407 1352
1584223121 1353
1584223446 1354
1584223522 1355
1584223806 1356
1584224552 1357
1584224728 1358
1584225157 1359
1584225463 1360
1584225948 1361
1584226030 1362
1584226730 1363
1584227310 1364
1584228224 1365
1584228448 1366
1584228655 1367
1584228709 1368
1584228762 1369
1584230471 1370
1584230508 1371
1584230633 1372
1584231105 1373
1584231127 1374
1584231836 1375
1584232760 1376
1584233485 1377
1584233602 1378
1584234405 1379
1584235319 1380
1584235329 1381
1584235456 1382
1584235846 1383
1584236160 1384
1584237774 1385
1584252017 1386
1584254250 1387
1584256800 1388
1584258453 1389
1584259587 1390
1584259794 1391
1584259941 1392
1584261510 1393
1584261600 1394
1584261735 1395
1584263044 1396
1584263125 1397
1584263727 1398
1584265334 1399
1584266719 1400
1584267366 1401
1584268067 1402
1584268285 1403
1584268451 1404
1584268453 1405
1584269354 1406
1584271431 1407
1584271621 1408
1584271870 1409
1584271991 1410
1584272080 1411
1584272379 1412
1584272453 1413
1584273427 1414
1584273705 1415
1584273731 1416
1584273797 1417
1584273824 1418
1584274228 1419
1584275060 1420
1584275106 1421
1584275526 1422
1584276423 1423
1584277364 1424
1584279118 1425
1584280143 1426
1584280207 1427
1584280658 1428
1584281015 1429
1584282583 1430
1584282818 1431
1584283191 1432
1584284060 1433
1584284093 1434
1584285493 1435
1584286721 1436
1584287018 1437
1584287107 1438
1584287449 1439
1584287556 1440
1584288969 1441
1584289446 1442
1584290342 1443
1584291410 1444
1584291824 1445
1584292255 1446
1584292483 1447
1584292899 1448
1584292998 1449
1584293260 1450
1584293396 1451
1584293641 1452
1584293788 1453
1584294018 1454
1584294123 1455
1584294397 1456
1584294643 1457
1584294775 1458
1584295196 1459
1584295349 1460
1584295528 1461
1584295551 1462
1584296028 1463
1584296132 1464
1584297020 1465
1584297051 1466
1584297172 1467
1584298096 1468
1584298541 1469
1584299300 1470
1584299330 1471
1584299433 1472
1584300024 1473
1584301560 1474
1584301598 1475
1584302599 1476
1584303481 1477
1584303737 1478
1584304546 1479
1584304546 1480
1584304863 1481
1584304882 1482
1584305241 1483
1584305456 1484
1584305965 1485
1584306014 1486
1584306689 1487
1584307247 1488
1584307335 1489
1584307473 1490
1584308454 1491
1584309219 1492
1584310057 1493
1584310339 1494
1584310654 1495
1584310953 1496
1584311800 1497
1584311899 1498
1584311959 1499
1584312368 1500
1584312433 1501
1584312637 1502
1584313412 1503
1584313855 1504
1584314495 1505
1584314586 1506
1584315039 1507
1584318635 1508
1584320675 1509
1584322907 1510
1584322974 1511
1584324385 1512
1584325782 1513
1584328234 1514
1584328789 1515
1584329646 1516
1584335305 1517
1584339301 1518
1584341464 1519
1584342243 1520
1584342803 1521
1584344641 1522
1584344840 1523
1584345456 1524
1584346635 1525
1584346691 1526
1584346978 1527
1584347593 1528
1584347607 1529
1584347911 1530
1584348544 1531
1584348810 1532
1584349240 1533
1584349615 1534
1584351189 1535
1584351422 1536
1584352274 1537
1584352706 1538
1584352806 1539
1584353819 1540
1584354266 1541
1584354402 1542
1584355192 1543
1584355466 1544
1584355923 1545
1584356336 1546
1584356396 1547
1584356462 1548
1584356723 1549
1584356886 1550
1584357079 1551
1584357590 1552
1584357965 1553
1584358281 1554
1584358295 1555
1584358947 1556
1584359105 1557
1584359423 1558
1584359497 1559
1584359592 1560
1584359750 1561
1584360103 1562
1584360150 1563
1584360428 1564
1584361423 1565
1584362027 1566
1584362632 1567
1584362677 1568
1584362847 1569
1584362882 1570
1584363072 1571
1584363197 1572
1584363815 1573
1584364160 1574
1584364939 1575
1584365561 1576
1584365575 1577
1584366717 1578
1584368013 1579
1584368017 1580
1584368076 1581
1584369862 1582
1584369942 1583
1584370980 1584
1584371232 1585
1584371310 1586
1584372010 1587
1584372211 1588
1584372549 1589
1584373576 1590
1584373765 1591
1584373969 1592
1584373996 1593
1584374822 1594
1584375396 1595
1584375440 1596
1584376089 1597
1584376233 1598
1584376235 1599
1584376760 1600
1584377004 1601
1584377840 1602
1584377924 1603
1584378048 1604
1584378341 1605
1584378406 1606
1584379259 1607
1584379717 1608
1584379972 1609
1584379994 1610
1584380038 1611
1584382435 1612
1584382656 1613
1584382672 1614
1584383414 1615
1584383981 1616
1584384311 1617
1584384715 1618
1584384880 1619
1584385060 1620
1584385111 1621
1584385292 1622
1584385630 1623
1584385633 1624
1584386217 1625
1584386768 1626
1584386977 1627
1584387555 1628
1584388081 1629
1584388104 1630
1584388317 1631
1584388656 1632
1584388677 1633
1584389086 1634
1584389134 1635
1584389164 1636
1584389290 1637
1584389629 1638
1584389802 1639
1584389937 1640
1584391129 1641
1584391646 1642
1584391838 1643
1584392509 1644
1584392570 1645
1584392665 1646
1584393432 1647
1584393686 1648
1584394071 1649
1584394251 1650
1584394351 1651
1584395340 1652
1584395914 1653
1584396782 1654
1584396903 1655
1584397049 1656
1584397135 1657
1584397235 1658
1584397371 1659
1584398021 1660
1584398423 1661
1584398612 1662
1584398618 1663
1584398809 1664
1584399170 1665
1584399325 1666
1584400031 1667
1584400404 1668
1584400427 1669
1584400460 1670
1584400951 1671
1584401321 1672
1584402511 1673
1584402626 1674
1584402814 1675
1584403377 1676
1584403668 1677
1584404183 1678
1584404738 1679
1584404799 1680
1584411037 1681
1584411260 1682
1584425548 1683
1584425562 1684
1584428360 1685
1584430319 1686
1584430471 1687
1584431436 1688
1584431867 1689
1584433247 1690
1584433311 1691
1584434985 1692
1584435525 1693
1584436657 1694
1584436945 1695
1584436958 1696
1584438638 1697
1584439057 1698
1584441130 1699
1584441871 1700
1584442072 1701
1584443285 1702
1584443833 1703
1584443922 1704
1584444322 1705
1584444634 1706
1584445251 1707
1584445633 1708
1584446266 1709
1584446346 1710
1584447511 1711
1584447611 1712
1584447649 1713
1584447698 1714
1584448352 1715
1584448433 1716
1584448666 1717
1584449225 1718
1584450078 1719
1584451094 1720
1584451843 1721
1584453048 1722
1584453828 1723
1584454587 1724
1584456251 1725
1584456762 1726
1584456864 1727
1584457880 1728
1584459051 1729
1584459095 1730
1584459371 1731
1584459663 1732
1584460317 1733
1584460331 1734
1584461187 1735
1584462802 1736
1584462843 1737
1584463038 1738
1584463321 1739
1584463364 1740
1584463592 1741
1584464619 1742
1584465037 1743
1584465561 1744
1584465994 1745
1584466028 1746
1584466305 1747
1584466376 1748
1584466443 1749
1584470849 1750
1584472900 1751
1584473887 1752
1584474056 1753
1584474065 1754
1584474341 1755
1584477179 1756
1584478380 1757
1584482613 1758
1584482734 1759
1584483980 1760
1584485518 1761
1584485997 1762
1584489264 1763
1584489904 1764
1584490264 1765
1584490642 1766
1584491238 1767
1584491596 1768
1584516458 1769
1584518900 1770
1584519736 1771
1584521381 1772
1584522966 1773
1584523173 1774
1584523948 1775
1584524651 1776
1584525126 1777
1584525695 1778
1584526297 1779
1584527151 1780
1584528474 1781
1584530077 1782
1584530421 1783
1584531754 1784
1584531983 1785
1584532310 1786
1584532336 1787
1584534894 1788
1584535086 1789
1584535092 1790
1584535418 1791
1584538648 1792
1584539820 1793
1584540049 1794
1584540882 1795
1584541085 1796
1584543159 1797
1584543688 1798
1584543941 1799
1584544153 1800
1584544402 1801
1584544908 1802
1584547426 1803
1584548330 1804
1584548445 1805
1584548994 1806
1584552256 1807
1584553192 1808
1584554057 1809
1584554826 1810
1584555053 1811
1584555817 1812
1584557544 1813
1584558627 1814
1584558724 1815
1584559186 1816
1584559456 1817
1584559526 1818
1584560624 1819
1584561196 1820
1584562554 1821
1584562987 1822
1584563172 1823
1584563644 1824
1584563691 1825
1584565028 1826
1584565405 1827
1584566371 1828
1584567177 1829
1584568495 1830
1584570380 1831
1584571226 1832
1584578348 1833
1584578845 1834
1584579271 1835
1584603667 1836
1584604036 1837
1584604469 1838
1584607740 1839
1584612873 1840
1584614702 1841
1584616339 1842
1584618923 1843
1584619030 1844
1584620707 1845
1584620996 1846
1584622863 1847
1584625355 1848
1584630607 1849
1584631991 1850
1584632885 1851
1584633994 1852
1584636600 1853
1584636858 1854
1584637159 1855
1584639441 1856
1584640741 1857
1584641040 1858
1584644573 1859
1584645527 1860
1584649964 1861
1584653809 1862
1584656110 1863
1584656499 1864
1584658546 1865
1584660096 1866
1584670147 1867
1584677227 1868
1584687656 1869
1584690136 1870
1584692267 1871
1584693849 1872
1584694018 1873
1584694425 1874
1584696987 1875
1584698314 1876
1584698690 1877
1584699077 1878
1584700442 1879
1584702105 1880
1584702278 1881
1584703510 1882
1584703810 1883
1584704184 1884
1584704650 1885
1584705429 1886
1584706296 1887
1584707866 1888
1584710739 1889
1584712099 1890
1584716945 1891
1584718199 1892
1584720083 1893
1584720838 1894
1584721897 1895
1584722315 1896
1584722978 1897
1584723403 1898
1584723771 1899
1584723799 1900
1584724486 1901
1584725420 1902
1584727860 1903
1584727960 1904
1584732857 1905
1584734243 1906
1584734344 1907
1584734704 1908
1584736301 1909
1584736744 1910
1584737966 1911
1584737972 1912
1584738023 1913
1584740330 1914
1584740400 1915
1584740682 1916
1584743929 1917
1584745107 1918
1584746236 1919
1584747353 1920
1584749313 1921
1584749771 1922
1584755096 1923
1584756654 1924
1584756675 1925
1584757668 1926
1584771988 1927
1584776215 1928
1584776360 1929
1584785020 1930
1584786444 1931
1584790755 1932
1584793983 1933
1584794520 1934
1584796003 1935
1584800258 1936
1584800351 1937
1584800485 1938
1584808466 1939
1584810580 1940
1584816006 1941
1584816530 1942
1584816715 1943
1584820419 1944
1584820638 1945
1584822807 1946
1584823233 1947
1584826291 1948
1584826700 1949
1584827001 1950
1584829731 1951
1584829988 1952
1584831484 1953
1584833133 1954
1584833292 1955
1584833711 1956
1584835338 1957
1584836185 1958
1584842394 1959
1584844297 1960
1584848947 1961
1584859364 1962
1584864825 1963
1584864858 1964
1584867378 1965
1584869616 1966
1584870156 1967
1584870476 1968
1584874411 1969
1584876458 1970
1584878907 1971
1584882275 1972
1584883291 1973
1584885004 1974
1584885828 1975
1584887480 1976
1584892537 1977
1584892582 1978
1584894447 1979
1584898106 1980
1584901804 1981
1584902064 1982
1584906437 1983
1584907450 1984
1584907891 1985
1584911090 1986
1584911108 1987
1584912895 1988
1584914530 1989
1584916381 1990
1584916972 1991
1584918155 1992
1584919668 1993
1584920397 1994
1584922415 1995
1584922910 1996
1584927024 1997
1584942277 1998
1584947455 1999
1584947476 2000
1584962174 2001
1584963313 2002
1584965033 2003
1584965227 2004
1584969000 2005
1584969036 2006
1584971706 2007
1584972873 2008
1584974040 2009
1584974126 2010
1584976460 2011
1584976533 2012
1584976807 2013
1584977452 2014
1584978015 2015
1584979589 2016
1584980297 2017
1584980772 2018
1584981484 2019
1584982934 2020
1584984735 2021
1584985383 2022
1584987113 2023
1584987935 2024
1584990539 2025
1584994701 2026
1584995707 2027
1584997043 2028
1584999386 2029
1585000496 2030
1585000939 2031
1585002202 2032
1585003050 2033
1585030438 2034
1585038916 2035
1585042190 2036
1585043303 2037
1585044668 2038
1585044738 2039
1585049243 2040
1585062493 2041
1585065861 2042
1585069332 2043
1585070050 2044
1585073473 2045
1585076131 2046
1585082818 2047
1585087377 2048
1585119539 2049
1585123565 2050
1585123787 2051
1585126202 2052
1585126539 2053
1585132908 2054
1585139712 2055
1585150674 2056
1585151330 2057
1585151754 2058
1585156434 2059
1585156497 2060
1585156664 2061
1585157991 2062
1585159248 2063
1585160325 2064
1585163221 2065
1585164365 2066
1585168749 2067
1585169363 2068
1585169819 2069
1585178033 2070
1585180771 2071
1585184143 2072
1585191549 2073
1585217953 2074
1585218593 2075
1585219537 2076
1585228728 2077
1585229842 2078
1585238066 2079
1585240672 2080
1585243652 2081
1585251319 2082
1585251319 2083
1585261803 2084
1585262332 2085
1585263851 2086
1585268345 2087
1585288515 2088
1585301109 2089
1585304706 2090
1585305658 2091
1585310549 2092
1585311433 2093
1585311899 2094
1585314085 2095
1585316504 2096
1585319094 2097
1585319159 2098
1585322469 2099
1585327192 2100
1585328026 2101
1585328490 2102
1585333771 2103
1585346148 2104
1585350976 2105
1585353990 2106
1585356207 2107
1585356371 2108
1585360524 2109
1585361662 2110
1585369988 2111
1585382707 2112
1585386805 2113
1585387998 2114
1585388193 2115
1585389750 2116
1585392523 2117
1585392618 2118
1585394792 2119
1585394884 2120
1585396836 2121
1585398129 2122
1585398427 2123
1585404098 2124
1585404557 2125
1585412626 2126
1585414574 2127
1585417603 2128
1585419974 2129
1585420272 2130
1585420291 2131
1585421386 2132
1585423320 2133
1585424064 2134
1585430555 2135
1585430645 2136
1585443960 2137
1585445651 2138
1585472433 2139
1585476346 2140
1585479210 2141
1585479263 2142
1585479332 2143
1585483132 2144
1585487616 2145
1585490235 2146
1585490932 2147
1585493515 2148
1585498217 2149
1585499064 2150
1585500286 2151
1585509737 2152
1585514615 2153
1585516106 2154
1585519706 2155
1585524810 2156
1585527163 2157
1585555288 2158
1585556713 2159
1585559913 2160
1585565813 2161
1585570161 2162
1585573744 2163
1585589129 2164
1585596575 2165
1585597177 2166
1585602471 2167
1585602970 2168
1585612585 2169
1585630900 2170
1585648520 2171
1585655891 2172
1585656637 2173
1585657363 2174
1585658180 2175
1585663394 2176
1585663771 2177
1585669104 2178
1585671581 2179
1585673758 2180
1585683070 2181
1585734524 2182
1585747126 2183
1585753528 2184
1585754670 2185
1585771679 2186
1585779285 2187
1585782160 2188
1585784845 2189
1585788319 2190
1585819439 2191
1585824580 2192
1585828269 2193
1585839586 2194
1585845237 2195
1585850566 2196
1585851896 2197
1585863545 2198
1585868544 2199
1585870417 2200
1585896732 2201
1585909362 2202
1585911361 2203
1585922674 2204
1585923276 2205
1585929679 2206
1585930158 2207
1585933597 2208
1585938272 2209
1585956132 2210
1585956148 2211
1585958224 2212
1585958903 2213
1585978559 2214
1585990855 2215
1586018401 2216
1586022561 2217
1586024419 2218
1586033963 2219
1586055536 2220
1586084722 2221
1586094239 2222
1586096921 2223
1586098273 2224
1586106175 2225
1586116282 2226
1586117364 2227
1586124149 2228
1586125852 2229
1586140078 2230
1586166331 2231
1586167324 2232
1586167525 2233
1586173488 2234
1586178654 2235
1586180464 2236
1586180827 2237
1586180969 2238
1586185203 2239
1586196788 2240
1586198448 2241
1586201201 2242
1586204953 2243
1586207756 2244
1586209225 2245
1586209803 2246
1586215370 2247
1586215990 2248
1586217136 2249
1586257436 2250
1586257636 2251
1586257793 2252
1586263293 2253
1586267032 2254
1586273011 2255
1586287352 2256
1586291159 2257
1586296495 2258
1586340034 2259
1586344691 2260
1586352309 2261
1586353198 2262
1586366562 2263
1586369200 2264
1586372256 2265
1586374570 2266
1586380714 2267
1586443351 2268
1586444161 2269
1586469718 2270
1586473546 2271
1586480270 2272
1586483090 2273
1586502196 2274
1586526174 2275
1586546792 2276
1586619429 2277
1586623787 2278
1586623848 2279
1586627751 2280
1586628030 2281
1586653267 2282
1586654915 2283
1586688618 2284
1586688908 2285
1586695295 2286
1586696313 2287
1586707820 2288
1586707993 2289
1586711928 2290
1586720951 2291
1586742804 2292
1586768656 2293
1586774139 2294
1586776882 2295
1586808336 2296
1586808458 2297
1586809248 2298
1586809543 2299
1586810787 2300
1586811360 2301
1586812405 2302
1586813743 2303
1586814080 2304
1586814428 2305
1586815525 2306
1586817822 2307
1586819093 2308
1586820709 2309
1586822306 2310
1586822802 2311
1586827138 2312
1586827865 2313
1586861284 2314
1586869759 2315
1586870050 2316
1586872137 2317
1586886578 2318
1586891379 2319
1586893337 2320
1586904795 2321
1586947331 2322
1586950857 2323
1586958467 2324
1586977822 2325
1586979899 2326
1586987719 2327
1587029238 2328
1587059746 2329
1587073381 2330
1587080119 2331
1587136721 2332
1587138812 2333
1587139400 2334
1587140673 2335
1587140774 2336
1587149305 2337
1587168594 2338
1587175508 2339
1587200619 2340
1587208834 2341
1587210213 2342
1587220757 2343
1587223103 2344
1587235686 2345
1587235704 2346
1587239610 2347
1587254262 2348
1587261679 2349
1587299017 2350
1587306140 2351
1587320496 2352
1587320779 2353
1587324792 2354
1587339383 2355
1587344879 2356
1587397051 2357
1587402510 2358
1587403093 2359
1587461283 2360
1587471890 2361
1587495926 2362
1587498763 2363
1587499959 2364
1587511870 2365
1587539243 2366
1587549267 2367
1587570243 2368
1587592012 2369
1587595194 2370
1587644363 2371
1587645366 2372
1587647615 2373
1587724929 2374
1587726321 2375
1587729615 2376
1587742326 2377
1587762593 2378
1587819968 2379
1587838120 2380
1587846345 2381
1587856384 2382
1587857274 2383
1587859442 2384
1587860616 2385
1587891002 2386
1587913492 2387
1587933119 2388
1587945481 2389
1588015992 2390
1588086561 2391
1588089493 2392
1588090888 2393
1588093201 2394
1588113491 2395
1588149741 2396
1588163866 2397
1588181489 2398
1588196144 2399
1588236411 2400
1588245006 2401
1588245247 2402
1588258162 2403
1588274752 2404
1588281474 2405
1588290785 2406
1588335402 2407
1588348232 2408
1588353601 2409
1588422315 2410
1588443322 2411
1588508906 2412
1588510780 2413
1588553946 2414
1588678574 2415
1588711572 2416
1588714176 2417
1588756707 2418
1588764674 2419
1588765228 2420
1588800382 2421
1588868510 2422
1588868688 2423
1588873336 2424
1588945360 2425
1588960193 2426
1588964238 2427
1589031904 2428
1589046370 2429
1589052771 2430
1589054435 2431
1589122640 2432
1589142107 2433
1589147525 2434
1589151966 2435
1589158220 2436
1589185295 2437
1589196756 2438
1589199978 2439
1589202262 2440
1589240803 2441
1589279565 2442
1589283745 2443
1589289898 2444
1589300676 2445
1589315651 2446
1589466719 2447
1589712998 2448
1589717842 2449
1589797025 2450
1589815205 2451
1589838154 2452
1589888721 2453
1590000499 2454
1590056110 2455
1590060606 2456
1590311890 2457
1590317795 2458
1590320194 2459
1590364234 2460
1590392359 2461
1590434559 2462
1590488619 2463
1590528518 2464
1590674666 2465
1590685472 2466
1590687762 2467
1590687933 2468
1590761553 2469
1590782132 2470
1590844281 2471
1590976337 2472
1591042554 2473
1591230086 2474
1591271783 2475
1591966267 2476
1592331989 2477
1592485322 2478
1592837643 2479
1592898386 2480
1593015879 2481
1593017013 2482
1593038373 2483
1593090633 2484
1593128449 2485
1593215394 2486
1593447713 2487
1593459816 2488
1593605710 2489
1594024819 2490
1594144217 2491
1594285384 2492
1594303365 2493
1594632323 2494
1594723510 2495
1594821611 2496
1595090195 2497
1595148222 2498
1595262121 2499
1595513781 2500
1595537065 2501
1595584791 2502
1595638088 2503
1595669522 2504
1595680752 2505
1595843992 2506
1595886709 2507
1595893651 2508
1595943850 2509
1596069774 2510
1596131843 2511
1596145097 2512
1596464543 2513
1596530671 2514
1596598872 2515
1596747183 2516
1596754699 2517
1596912584 2518
1596977015 2519
1597007931 2520
1597020246 2521
1597082767 2522
1597153938 2523
1597173858 2524
1597236518 2525
1597434161 2526
1597515885 2527
1597516596 2528
1597571362 2529
1597587812 2530
1597671212 2531
1597685005 2532
1597688266 2533
1597846742 2534
1597876840 2535
1597917450 2536
1598000591 2537
1598121994 2538
1598125472 2539
1598197407 2540
1598216779 2541
1598277714 2542
1598282805 2543
1598348282 2544
1598390567 2545
1598527931 2546
1598535366 2547
1598555073 2548
1598564729 2549
1598620262 2550
1598622164 2551
1598644967 2552
1598802393 2553
1598807934 2554
1598817549 2555
1598869391 2556
1598870265 2557
1598957261 2558
1598957978 2559
1598963997 2560
1598973812 2561
1598993028 2562
1599002780 2563
1599039249 2564
1599072602 2565
1599177289 2566
1599209826 2567
1599403183 2568
1599431442 2569
1599523296 2570
1599567535 2571
1599567721 2572
1599644533 2573
1599660548 2574
1599738169 2575
1599741671 2576
1599767348 2577
1599820694 2578
1599848698 2579
1599855621 2580
1599946100 2581
1600070298 2582
1600092539 2583
1600102759 2584
1600127038 2585
1600161383 2586
1600390943 2587
1600452959 2588
1600499517 2589
1600547248 2590
1600683145 2591
1600810301 2592
1600858594 2593
1600898846 2594
1600953505 2595
1600979095 2596
1601032705 2597
1601039818 2598
1601051821 2599
1601107230 2600
1601112171 2601
1601116139 2602
1601118883 2603
1601119923 2604
1601192717 2605
1601288127 2606
1601288299 2607
1601329392 2608
1601336806 2609
1601463061 2610
1601482767 2611
1601548466 2612
1601622750 2613
1601833467 2614
1601889740 2615
1601898737 2616
1601919560 2617
1601939179 2618
1602006048 2619
1602105082 2620
1602160645 2621
1602407235 2622
1602439875 2623
1602518523 2624
1602543174 2625
1602576336 2626
1602582762 2627
1602586810 2628
1602629684 2629
1602669909 2630
1602682622 2631
1602706150 2632
1602706473 2633
1602706704 2634
1602709270 2635
1602758110 2636
1602777054 2637
1602781955 2638
1602786163 2639
1602846289 2640
1602851214 2641
1602864258 2642
1602948416 2643
1602968630 2644
1602971213 2645
1603019592 2646
1603020178 2647
1603024307 2648
1603125347 2649
1603194993 2650
1603195410 2651
1603223195 2652
1603232164 2653
1603235787 2654
1603288843 2655
1603291795 2656
1603392641 2657
1603441046 2658
1603458706 2659
1603477602 2660
1603482585 2661
1603494994 2662
1603615667 2663
1603655884 2664
1603658475 2665
1603661126 2666
1603664813 2667
1603672681 2668
1603716410 2669
1603731920 2670
1603735882 2671
1603739185 2672
1603742157 2673
1603790132 2674
1603795782 2675
1603796351 2676
1603798845 2677
1603809948 2678
1603817813 2679
1603819740 2680
1603825136 2681
1603834167 2682
1603834629 2683
1603840470 2684
1603845303 2685
1603876826 2686
1603881887 2687
1603885493 2688
1603895751 2689
1603899756 2690
1603900258 2691
1603914332 2692
1603915990 2693
1603917077 2694
1603917216 2695
1603917505 2696
1603917910 2697
1603918584 2698
1603918717 2699
1603919379 2700
1603928213 2701
1603935241 2702
1603955291 2703
1603968950 2704
1603971522 2705
1603980285 2706
1603980508 2707
1603983029 2708
1603992859 2709
1603995672 2710
1603997559 2711
1604002038 2712
1604021890 2713
1604050231 2714
1604052623 2715
1604054647 2716
1604093153 2717
1604102931 2718
1604122623 2719
1604139937 2720
1604142460 2721
1604164219 2722
1604168501 2723
1604186922 2724
1604188604 2725
1604239245 2726
1604241108 2727
1604268054 2728
1604276005 2729
1604304105 2730
1604338050 2731
1604342677 2732
1604344602 2733
1604349184 2734
1604433116 2735
1604486999 2736
1604593210 2737
1604600833 2738
1604601222 2739
1604677870 2740
1604744820 2741
1604871323 2742
1605036863 2743
1605092315 2744
1605092599 2745
1605123139 2746
1605194372 2747
1605203334 2748
1605221989 2749
1605273318 2750
1605279487 2751
1605318885 2752
1605347688 2753
1605384448 2754
1605397875 2755
1605406033 2756
1605516390 2757
1605568715 2758
1605650061 2759
1605725338 2760
1605727891 2761
1605727985 2762
1605805465 2763
1605823316 2764
1605989645 2765
1606311563 2766
1606514217 2767
1606729292 2768
1606742238 2769
1606764805 2770
1606857708 2771
1606915356 2772
1606991375 2773
1606992344 2774
1607070348 2775
1607109632 2776
1607166479 2777
1607340137 2778
1607373717 2779
1607395665 2780
1607432368 2781
1607455806 2782
1607562412 2783
1607612790 2784
1607678627 2785
1607679965 2786
1607853315 2787
1607931346 2788
1607978991 2789
1608032983 2790
1608033312 2791
1608150727 2792
1608234434 2793
1608323258 2794
1608466818 2795
1608471114 2796
1608504240 2797
1608554368 2798
1608768442 2799
1608821161 2800
1608912048 2801
1609062175 2802
1609172427 2803
1609274713 2804
1609422200 2805
1609449216 2806
1609520812 2807
1609530183 2808
1609585492 2809
1609603871 2810
1609607910 2811
1609616820 2812
1609617098 2813
1609619072 2814
1609717855 2815
1609750247 2816
1609760651 2817
1609788707 2818
1609802176 2819
1609840567 2820
1609842508 2821
1609919236 2822
1609935225 2823
1610018327 2824
1610036836 2825
1610180768 2826
1610277207 2827
1610302473 2828
1610362316 2829
1610462249 2830
1610464275 2831
1610485024 2832
1610488952 2833
1610528317 2834
1610531330 2835
1610551950 2836
1610563671 2837
1610619053 2838
1610728170 2839
1610737466 2840
1610820418 2841
1610829879 2842
1611105530 2843
1611143269 2844
1611171025 2845
1611222651 2846
1611272917 2847
1611331601 2848
1611338689 2849
1611399483 2850
1611488032 2851
1611513450 2852
1611523359 2853
1611571435 2854
1611614786 2855
1611672745 2856
1611834217 2857
1611854410 2858
1611910654 2859
1611950414 2860
1612002148 2861
1612036159 2862
1612118644 2863
1612120175 2864
1612127674 2865
1612189481 2866
1612206819 2867
1612457876 2868
1612475920 2869
1612480490 2870
1612556255 2871
1612741922 2872
1612811673 2873
1612818345 2874
1612827603 2875
1612885440 2876
1612888409 2877
1613072801 2878
1613124153 2879
1613133055 2880
1613484054 2881
1613497646 2882
1613599594 2883
1613679114 2884
1613848108 2885
1613933701 2886
1614010415 2887
1614279293 2888
1614349745 2889
1614623478 2890
1614773074 2891
1614786893 2892
1614882768 2893
1614888315 2894
1614934532 2895
1614942840 2896
1615054809 2897
1615203963 2898
1615398354 2899
1615400464 2900
1615402342 2901
1615408810 2902
1615469996 2903
1615492064 2904
1615502492 2905
1615574510 2906
1615660347 2907
1615678225 2908
1615853835 2909
1615883116 2910
1615924988 2911
1615935665 2912
1615940896 2913
1615970619 2914
1615977722 2915
1615986671 2916
1616078996 2917
1616095992 2918
1616111992 2919
1616157876 2920
1616246279 2921
1616258050 2922
1616304089 2923
1616340536 2924
1616369686 2925
1616500593 2926
1616517676 2927
1616683512 2928
1616705783 2929
1616745540 2930
1616959214 2931
1617061383 2932
1617063360 2933
1617106438 2934
1617114395 2935
1617209972 2936
1617210519 2937
1617222258 2938
1617270173 2939
1617275139 2940
1617324504 2941
1617359889 2942
1617523024 2943
1617572550 2944
1617693033 2945
1617709049 2946
1617716449 2947
1617779652 2948
1617872757 2949
1617886633 2950
1617903031 2951
1618008131 2952
1618091901 2953
1618135878 2954
1618236687 2955
1618423343 2956
1618480170 2957
1618492024 2958
1618494189 2959
1618570539 2960
1618776350 2961
1619127375 2962
1619137335 2963
1619376102 2964
1619558863 2965
1619621569 2966
1619630354 2967
1619638943 2968
1619874710 2969
1619955397 2970
1619980895 2971
1619986322 2972
1620036392 2973
1620057781 2974
1620065990 2975
1620128031 2976
1620221828 2977
1620243387 2978
1620289853 2979
1620307137 2980
1620315515 2981
1620633403 2982
1620733455 2983
1620756136 2984
1620758657 2985
1620824923 2986
1620835717 2987
1620838378 2988
1620903424 2989
1620912417 2990
1620992538 2991
1621002130 2992
1621008803 2993
1621016936 2994
1621031082 2995
1621068048 2996
1621073351 2997
1621079260 2998
1621081041 2999
1621116340 3000
1621156586 3001
1621169083 3002
1621189454 3003
1621260840 3004
1621291843 3005
1621323714 3006
1621329551 3007
1621336687 3008
1621338111 3009
1621343813 3010
1621356092 3011
1621373642 3012
1621422249 3013
1621435805 3014
1621452906 3015
1621464171 3016
1621477797 3017
1621524779 3018
1621729164 3019
1621848244 3020
1621939643 3021
1622046594 3022
1622118708 3023
1622132613 3024
1622292111 3025
1622409168 3026
1622548500 3027
1622586023 3028
1622730555 3029
1622750693 3030
1622885263 3031
1623001501 3032
1623175058 3033
1623188200 3034
1623230943 3035
1623274291 3036
1623338843 3037
1623582840 3038
1623708414 3039
1623778482 3040
1623780853 3041
1624013017 3042
1624103579 3043
1624294752 3044
1624303047 3045
1624382921 3046
1624467390 3047
1624470518 3048
1624627306 3049
1624704396 3050
1624745774 3051
1624897287 3052
1625062667 3053
1625146262 3054
1625150897 3055
1625168095 3056
1625234372 3057
1625348652 3058
1625402328 3059
1625415719 3060
1625523620 3061
1625656134 3062
1625686482 3063
1625745490 3064
1625756326 3065
1625758040 3066
1625786246 3067
1625837150 3068
1625838152 3069
1625843565 3070
1625863374 3071
1625917454 3072
1625953597 3073
1625954796 3074
1626010423 3075
1626087632 3076
1626088242 3077
1626120514 3078
1626121201 3079
1626123302 3080
1626123484 3081
1626123516 3082
1626124783 3083
1626125190 3084
1626125868 3085
1626126080 3086
1626128467 3087
1626128472 3088
1626132368 3089
1626132579 3090
1626157045 3091
1626163169 3092
1626163920 3093
1626169945 3094
1626174969 3095
1626175792 3096
1626179834 3097
1626185041 3098
1626186961 3099
1626193439 3100
1626194877 3101
1626196186 3102
1626204360 3103
1626204656 3104
1626209536 3105
1626209735 3106
1626266688 3107
1626268493 3108
1626270369 3109
1626273983 3110
1626279785 3111
1626289763 3112
1626299650 3113
1626303701 3114
1626343327 3115
1626346434 3116
1626352562 3117
1626365344 3118
1626381445 3119
1626395423 3120
1626403669 3121
1626431750 3122
1626432208 3123
1626437276 3124
1626438723 3125
1626462317 3126
1626491385 3127
1626521897 3128
1626524532 3129
1626536704 3130
1626540850 3131
1626540906 3132
1626555133 3133
1626556637 3134
1626570271 3135
1626597664 3136
1626599609 3137
1626602239 3138
1626645751 3139
1626649227 3140
1626704611 3141
1626724805 3142
1626776151 3143
1626780450 3144
1626788121 3145
1626790870 3146
1626813317 3147
1626821862 3148
1626828814 3149
1626878670 3150
1626883382 3151
1626893499 3152
1626899343 3153
1626910320 3154
1626964352 3155
1626967483 3156
1626982751 3157
1626983711 3158
1626987741 3159
1627045497 3160
1627053949 3161
1627057602 3162
1627079154 3163
1627082447 3164
1627092268 3165
1627109155 3166
1627142454 3167
1627160961 3168
1627168102 3169
1627298786 3170
1627328396 3171
1627342013 3172
1627382702 3173
1627426094 3174
1627428112 3175
1627473188 3176
1627476138 3177
1627507770 3178
1627570511 3179
1627753372 3180
1627776338 3181
1627801189 3182
1627821225 3183
1627829609 3184
1627839498 3185
1627931779 3186
1627934211 3187
1627943686 3188
1627998586 3189
1628003846 3190
1628016297 3191
1628019356 3192
1628021477 3193
1628033817 3194
1628081982 3195
1628113322 3196
1628257828 3197
1628266193 3198
1628277310 3199
1628290380 3200
1628328511 3201
1628365086 3202
1628423885 3203
1628433248 3204
1628478250 3205
1628501278 3206
1628537950 3207
1628629154 3208
1628640409 3209
1628704999 3210
1628758941 3211
1628760580 3212
1628807379 3213
1628856811 3214
1628862649 3215
1628863051 3216
1628881153 3217
1628935418 3218
1628952873 3219
1628985911 3220
1629135849 3221
1629155975 3222
1629295798 3223
1629308707 3224
1629328938 3225
1629471572 3226
1629473372 3227
1629486446 3228
1629557764 3229
1629571235 3230
1629573449 3231
1629823533 3232
1629826552 3233
1629843512 3234
1629849693 3235
1629895787 3236
1629900468 3237
1629966120 3238
1629976446 3239
1629986322 3240
1630072691 3241
1630251002 3242
1630267236 3243
1630319757 3244
1630337380 3245
1630347527 3246
1630414967 3247
1630432087 3248
1630448650 3249
1630695151 3250
1630700804 3251
1630841955 3252
1631019071 3253
1631044269 3254
1631235448 3255
1631355777 3256
1631402536 3257
1631482499 3258
1631542525 3259
1631562559 3260
1631708856 3261
1631716270 3262
1631797773 3263
1631815962 3264
1631832838 3265
1631918994 3266
1631928568 3267
1632128171 3268
1632161039 3269
1632171285 3270
1632217626 3271
1632565604 3272
1632690071 3273
1632700598 3274
1632912759 3275
1633118997 3276
1633336512 3277
1634257052 3278
1634293939 3279
1635854242 3280
1636042585 3281
1636488127 3282
1636488419 3283
1636533217 3284
1636547569 3285
1636720111 3286
1637160207 3287
1637195797 3288
1637228571 3289
1637318791 3290
1637549116 3291
1637771480 3292
1637845579 3293
1637848458 3294
1637853021 3295
1637853626 3296
1637870185 3297
1637914059 3298
1638020230 3299
1638184236 3300
1638186939 3301
1638219068 3302
1638275746 3303
1638371392 3304
1638381796 3305
1638390014 3306
1638438937 3307
1638546704 3308
1638583247 3309
1638801505 3310
1638814955 3311
1639096033 3312
1639143021 3313
1639264299 3314
1639477854 3315
1639481923 3316
1639511084 3317
1639543508 3318
1639599427 3319
1639611058 3320
1639670397 3321
1639678899 3322
1639753851 3323
1639765647 3324
1639767304 3325
1639853989 3326
1639905321 3327
1639943136 3328
1639945986 3329
1639993268 3330
1640020292 3331
1640025451 3332
1640047823 3333
1640109664 3334
1640180559 3335
1640182571 3336
1640183573 3337
1640191059 3338
1640210805 3339
1640266766 3340
1640302657 3341
1640342505 3342
1640360834 3343
1640364239 3344
1640367473 3345
1640370630 3346
1640374264 3347
1640383105 3348
1640446671 3349
1640538980 3350
1640597711 3351
1640724761 3352
1640782977 3353
1640799311 3354
1640812434 3355
1640845682 3356
1640870093 3357
1640884432 3358
1640943315 3359
1640946744 3360
1640958380 3361
1640966618 3362
