1579564800 24 0 17 17
1579651200 22 0 16 13
1579737600 134 0 38 27
1579824000 629 0 112 80
1579910400 673 2 145 67
1579996800 607 0 110 27
1580083200 962 1 139 33
1580169600 1221 4 146 30
1580256000 1187 4 153 23
1580342400 1136 3 157 22
1580428800 1145 2 141 18
1580515200 633 3 111 11
1580601600 510 0 99 13
1580688000 629 3 119 12
1580774400 616 2 112 7
1580860800 480 1 106 10
1580947200 348 1 108 3
1581033600 487 0 107 8
1581120000 540 1 118 15
1581206400 372 0 86 0
1581292800 545 0 121 7
1581379200 514 0 109 10
1581465600 430 2 106 4
1581552000 763 0 123 8
1581638400 221 0 75 2
1581724800 378 4 83 3
1581811200 285 2 70 1
1581897600 239 0 76 4
1581984000 262 0 77 1
1582070400 237 2 73 1
1582156800 241 1 78 1
1582243200 200 0 70 4
1582329600 374 1 96 7
1582416000 687 1 117 10
1582502400 1008 2 196 30
1582588800 1074 6 209 33
1582675200 1730 3 241 34
1582761600 1878 4 242 34
1582848000 2354 5 289 49
1582934400 1990 4 270 42
1583020800 1991 1 264 32
1583107200 2495 3 346 44
1583193600 2651 7 329 36
1583280000 2456 2 320 32
1583366400 3484 10 380 44
1583452800 3793 2 390 39
1583539200 2819 0 301 27
1583625600 3269 1 351 32
1583712000 3445 0 405 37
1583798400 3492 3 429 30
1583884800 3656 1 438 36
1583971200 6532 8 627 96
1584057600 5869 7 597 67
1584144000 6936 5 609 96
1584230400 9181 4 781 138
1584316800 10097 17 943 168
1584403200 7222 9 785 88
1584489600 6099 9 722 69
1584576000 5543 18 685 34
1584662400 5429 9 666 54
1584748800 5747 6 638 36
1584835200 5849 16 637 38
1584921600 6911 9 656 39
1585008000 5191 7 581 15
1585094400 4787 7 603 23
1585180800 3525 1 522 15
1585267200 4301 5 575 19
1585353600 4761 9 544 31
1585440000 5310 16 563 20
1585526400 4026 4 544 13
1585612800 3891 2 497 12
1585699200 3966 6 537 8
1585785600 3726 1 518 11
1585872000 3948 4 476 12
1585958400 3093 4 426 7
1586044800 3851 4 453 10
1586131200 4222 4 521 20
1586217600 4276 5 505 9
1586304000 3991 5 472 9
1586390400 3668 0 442 4
1586476800 2994 8 406 5
1586563200 2821 3 404 5
1586649600 2614 1 377 10
1586736000 4944 5 532 19
1586822400 3672 22 476 11
1586908800 3132 2 418 6
1586995200 3103 1 386 4
1587081600 2775 5 382 6
1587168000 2525 0 345 11
1587254400 3500 5 362 7
1587340800 2114 2 338 4
1587427200 2451 6 354 6
1587513600 2894 3 358 5
1587600000 2676 2 351 3
1587686400 2054 1 328 5
1587772800 1792 6 303 5
1587859200 2300 4 284 6
1587945600 2219 3 314 1
1588032000 3854 2 417 5
1588118400 2355 1 326 4
1588204800 2102 1 320 7
1588291200 1974 2 292 3
1588377600 1934 1 257 2
1588464000 2289 1 304 2
1588550400 2475 0 318 1
1588636800 1944 1 289 3
1588723200 2010 1 283 4
1588809600 2866 5 339 3
1588896000 1744 4 261 3
1588982400 1969 1 270 4
1589068800 2685 1 310 4
1589155200 2618 1 357 6
1589241600 1665 4 263 5
1589328000 1679 0 225 0
1589414400 1362 4 222 1
1589500800 1205 1 210 0
1589587200 778 0 167 0
1589673600 789 0 181 2
1589760000 1204 2 187 3
1589846400 957 1 178 1
1589932800 905 0 178 1
1590019200 1119 0 164 2
1590105600 868 0 188 0
1590192000 756 1 183 0
1590278400 683 0 160 4
1590364800 1078 3 182 2
1590451200 1133 1 175 2
1590537600 1018 0 156 0
1590624000 1910 1 226 4
1590710400 1173 0 183 2
1590796800 561 0 126 1
1590883200 921 0 111 0
1590969600 499 0 119 2
1591056000 1072 0 143 0
1591142400 1070 0 148 0
1591228800 760 2 157 2
1591315200 1007 1 154 0
1591401600 572 0 115 0
1591488000 398 0 107 0
1591574400 510 0 114 0
1591660800 406 0 108 0
1591747200 387 0 108 0
1591833600 376 0 90 0
1591920000 369 0 105 1
1592006400 337 0 105 0
1592092800 645 0 152 0
1592179200 434 0 114 0
1592265600 488 0 129 1
1592352000 406 0 106 0
1592438400 352 1 106 1
1592524800 499 1 111 0
1592611200 390 0 90 0
1592697600 393 0 118 0
1592784000 560 0 136 1
1592870400 392 0 117 1
1592956800 996 0 151 3
1593043200 608 0 144 2
1593129600 503 0 114 1
1593216000 406 0 94 0
1593302400 250 0 83 0
1593388800 271 0 88 2
1593475200 369 0 85 0
1593561600 298 2 96 1
1593648000 306 0 100 0
1593734400 157 0 75 0
1593820800 260 0 84 0
1593907200 296 0 80 0
1593993600 257 0 95 1
1594080000 511 0 114 1
1594166400 497 0 120 0
1594252800 683 0 126 2
1594339200 443 2 111 0
1594425600 284 1 96 0
1594512000 561 0 118 0
1594598400 473 1 116 1
1594684800 755 2 137 1
1594771200 815 2 136 1
1594857600 678 0 129 0
1594944000 822 0 148 0
1595030400 401 0 102 1
1595116800 678 0 123 1
1595203200 954 0 157 1
1595289600 562 1 132 0
1595376000 492 0 128 0
1595462400 525 1 131 2
1595548800 411 0 120 1
1595635200 473 0 112 3
1595721600 463 0 110 0
1595808000 543 0 147 3
1595894400 761 0 133 1
1595980800 639 1 134 0
1596067200 572 0 125 3
1596153600 678 0 140 0
1596240000 471 0 96 0
1596326400 584 0 128 0
1596412800 995 2 151 1
1596499200 880 1 152 1
1596585600 529 0 135 1
1596672000 726 2 127 2
1596758400 484 0 122 0
1596844800 536 1 119 1
1596931200 680 0 132 2
1597017600 905 2 153 2
1597104000 872 1 148 2
1597190400 697 0 147 1
1597276800 828 0 143 0
1597363200 837 1 141 1
1597449600 565 2 138 2
1597536000 723 0 136 2
1597622400 996 1 153 3
1597708800 967 1 169 0
1597795200 1055 0 174 2
1597881600 965 0 158 1
1597968000 1012 0 151 1
1598054400 573 4 139 2
1598140800 566 0 120 2
1598227200 599 2 134 2
1598313600 619 0 134 2
1598400000 796 0 132 0
1598486400 1509 0 187 4
1598572800 1383 0 191 3
1598659200 787 0 155 0
1598745600 650 0 151 3
1598832000 901 0 155 2
1598918400 1066 0 186 6
1599004800 756 1 138 2
1599091200 498 0 136 1
1599177600 734 1 151 1
1599264000 511 1 123 0
1599350400 566 0 109 2
1599436800 1055 1 169 0
1599523200 1046 1 173 3
1599609600 1240 1 182 2
1599696000 1540 1 207 3
1599782400 1959 0 227 3
1599868800 833 1 158 1
1599955200 708 1 139 0
1600041600 1608 1 200 4
1600128000 1222 0 183 1
1600214400 1255 0 179 0
1600300800 1238 0 167 0
1600387200 1073 2 171 2
1600473600 651 0 133 2
1600560000 680 4 134 0
1600646400 1004 2 176 1
1600732800 745 0 157 1
1600819200 2180 0 222 2
1600905600 2414 0 251 2
1600992000 1541 0 224 3
1601078400 557 0 140 5
1601164800 867 1 177 1
1601251200 1234 1 194 4
1601337600 935 0 174 0
1601424000 868 1 172 2
1601510400 1367 0 181 1
1601596800 778 0 167 1
1601683200 544 2 136 0
1601769600 558 0 121 1
1601856000 1267 0 181 4
1601942400 1170 0 167 1
1602028800 950 0 147 1
1602115200 992 1 163 1
1602201600 1140 2 176 0
1602288000 673 0 134 0
1602374400 862 1 168 2
1602460800 1516 0 200 2
1602547200 1953 1 223 4
1602633600 3187 1 320 6
1602720000 2858 5 277 4
1602806400 1617 0 211 3
1602892800 807 0 157 3
1602979200 857 0 164 3
1603065600 960 0 165 1
1603152000 1222 1 202 5
1603238400 1444 1 199 2
1603324800 1999 0 275 1
1603411200 1832 0 227 5
1603497600 1611 1 207 0
1603584000 1791 1 251 5
1603670400 2674 1 290 6
1603756800 3941 4 394 11
1603843200 6440 2 562 17
1603929600 4095 1 458 11
1604016000 3067 1 376 5
1604102400 2091 2 304 8
1604188800 2237 0 294 3
1604275200 2132 2 332 6
1604361600 1723 2 268 1
1604448000 1030 2 204 1
1604534400 1288 1 229 3
1604620800 1316 0 212 1
1604707200 934 0 190 1
1604793600 1377 2 214 1
1604880000 1749 0 251 0
1604966400 1407 0 229 1
1605052800 1473 1 234 3
1605139200 1633 0 254 3
1605225600 1575 1 227 2
1605312000 1046 0 188 4
1605398400 1395 0 180 1
1605484800 1218 0 226 2
1605571200 1339 3 198 1
1605657600 1160 1 192 3
1605744000 1001 1 174 2
1605830400 751 2 172 0
1605916800 511 2 135 1
1606003200 777 0 143 0
1606089600 826 2 170 0
1606176000 1381 0 243 0
1606262400 1030 2 176 1
1606348800 651 0 154 0
1606435200 688 0 124 1
1606521600 706 0 129 0
1606608000 585 1 121 0
1606694400 762 0 138 3
1606780800 876 1 135 1
1606867200 838 0 158 1
1606953600 768 0 145 2
1607040000 1295 1 171 2
1607126400 867 0 131 1
1607212800 715 0 140 0
1607299200 1838 0 203 2
1607385600 1225 1 180 3
1607472000 916 1 162 0
1607558400 1460 7 208 2
1607644800 992 0 174 2
1607731200 423 0 122 0
1607817600 817 0 140 1
1607904000 902 2 171 2
1607990400 971 0 166 2
1608076800 1041 3 156 1
1608163200 1531 2 203 1
1608249600 867 1 150 1
1608336000 931 3 146 0
1608422400 1301 5 188 3
1608508800 1024 0 187 1
1608595200 1496 5 201 0
1608681600 858 0 170 0
1608768000 633 0 143 2
1608854400 603 0 129 1
1608940800 1223 5 156 0
1609027200 1122 1 166 1
1609113600 1459 2 189 1
1609200000 1794 0 214 1
1609286400 2126 1 224 0
1609372800 1471 2 205 2
1609459200 1231 2 194 2
1609545600 1249 2 216 6
1609632000 1365 1 222 1
1609718400 1748 0 227 4
1609804800 1846 1 250 2
1609891200 1354 3 228 2
1609977600 1432 0 211 2
1610064000 1336 3 206 0
1610150400 989 0 172 1
1610236800 921 0 177 2
1610323200 1479 4 237 1
1610409600 1365 2 225 4
1610496000 1788 0 227 4
1610582400 2227 0 288 1
1610668800 1698 0 245 2
1610755200 1158 1 190 2
1610841600 1226 2 216 0
1610928000 1618 0 236 0
1611014400 1326 1 210 0
1611100800 1383 0 224 3
1611187200 1676 3 227 2
1611273600 1837 1 260 2
1611360000 1123 3 195 1
1611446400 2067 2 245 3
1611532800 2142 1 283 2
1611619200 1796 0 252 1
1611705600 2019 1 258 0
1611792000 2234 6 284 2
1611878400 2858 0 302 2
1611964800 1384 0 219 2
1612051200 1514 1 218 3
1612137600 1312 0 252 2
1612224000 1767 4 232 0
1612310400 920 1 204 0
1612396800 1754 0 225 3
1612483200 1050 1 180 1
1612569600 761 0 148 0
1612656000 896 0 160 1
1612742400 1144 2 191 3
1612828800 1028 0 193 2
1612915200 1103 2 183 0
1613001600 1047 0 182 1
1613088000 981 2 187 2
1613174400 959 0 157 0
1613260800 702 1 148 0
1613347200 921 1 171 0
1613433600 990 0 182 2
1613520000 956 0 165 1
1613606400 687 0 151 1
1613692800 1370 0 176 0
1613779200 686 1 135 1
1613865600 677 2 134 1
1613952000 1495 1 194 1
1614038400 1212 1 176 0
1614124800 1296 0 184 0
1614211200 1715 2 215 1
1614297600 1388 0 183 1
1614384000 807 0 154 0
1614470400 1160 1 147 0
1614556800 1147 2 187 1
1614643200 1416 1 189 0
1614729600 1298 0 197 2
1614816000 1551 3 221 2
1614902400 1264 1 172 2
1614988800 891 1 160 1
1615075200 834 0 146 0
1615161600 949 1 176 1
1615248000 956 2 172 0
1615334400 984 2 183 4
1615420800 1270 0 196 3
1615507200 1366 2 194 1
1615593600 967 0 156 2
1615680000 1006 0 165 0
1615766400 2031 0 254 0
1615852800 1993 1 266 4
1615939200 2025 0 254 4
1616025600 3743 1 374 3
1616112000 2080 2 269 1
1616198400 1641 2 229 2
1616284800 1216 0 210 3
1616371200 1543 2 214 0
1616457600 1520 1 230 2
1616544000 1841 0 250 0
1616630400 1812 1 240 2
1616716800 1586 4 220 1
1616803200 1400 0 206 0
1616889600 1418 1 221 1
1616976000 1337 0 233 1
1617062400 1843 1 289 3
1617148800 4140 0 425 3
1617235200 1690 0 282 2
1617321600 1707 0 245 2
1617408000 946 1 179 0
1617494400 966 0 181 2
1617580800 1223 0 189 0
1617667200 1492 0 217 3
1617753600 1391 0 217 1
1617840000 1015 0 196 3
1617926400 1180 0 197 1
1618012800 911 0 157 1
1618099200 1076 3 166 1
1618185600 1014 0 182 1
1618272000 1438 0 183 0
1618358400 1398 1 188 1
1618444800 1129 0 197 3
1618531200 1065 1 188 1
1618617600 877 0 157 0
1618704000 607 0 140 1
1618790400 907 0 178 0
1618876800 773 0 148 0
1618963200 1267 0 185 0
1619049600 1086 0 191 1
1619136000 783 0 147 1
1619222400 590 0 125 0
1619308800 966 0 161 1
1619395200 1137 0 179 0
1619481600 1470 4 174 1
1619568000 1064 0 186 3
1619654400 1335 0 217 0
1619740800 1283 1 207 0
1619827200 793 2 150 1
1619913600 859 2 165 3
1620000000 1279 1 202 3
1620086400 1536 1 240 1
1620172800 1243 5 199 2
1620259200 1478 1 213 3
1620345600 581 0 154 0
1620432000 628 1 144 0
1620518400 411 0 113 0
1620604800 641 0 175 1
1620691200 1136 1 208 3
1620777600 1578 0 195 3
1620864000 842 0 164 2
1620950400 839 0 169 5
1621036800 952 0 172 5
1621123200 937 1 155 3
1621209600 1006 0 190 2
1621296000 901 0 184 7
1621382400 1552 0 206 4
1621468800 784 0 170 2
1621555200 726 0 161 0
1621641600 567 0 119 0
1621728000 526 0 123 1
1621814400 817 1 142 1
1621900800 788 0 159 1
1621987200 1057 1 158 1
1622073600 653 1 136 2
1622160000 524 0 124 0
1622246400 313 0 99 1
1622332800 320 0 96 1
1622419200 536 0 138 0
1622505600 465 0 142 2
1622592000 504 1 138 0
1622678400 447 0 118 2
1622764800 482 0 122 0
1622851200 271 0 90 1
1622937600 324 0 112 1
1623024000 478 0 118 0
1623110400 579 1 127 2
1623196800 520 0 129 2
1623283200 703 2 131 1
1623369600 508 1 113 0
1623456000 405 2 92 0
1623542400 467 0 105 1
1623628800 568 0 136 1
1623715200 516 0 132 2
1623801600 1156 0 164 0
1623888000 573 0 131 0
1623974400 602 2 127 1
1624060800 288 0 93 1
1624147200 300 1 91 0
1624233600 403 0 110 2
1624320000 433 0 116 1
1624406400 546 0 136 2
1624492800 539 0 126 0
1624579200 515 0 128 1
1624665600 366 0 116 2
1624752000 414 0 120 0
1624838400 880 1 138 1
1624924800 1006 1 143 0
1625011200 863 5 157 1
1625097600 829 2 141 3
1625184000 892 0 164 1
1625270400 728 1 132 1
1625356800 682 0 130 2
1625443200 1376 3 196 1
1625529600 1111 1 182 0
1625616000 1113 2 193 2
1625702400 1249 0 182 4
1625788800 1170 0 191 4
1625875200 785 2 170 3
1625961600 937 0 179 1
1626048000 3275 3 360 15
1626134400 4118 6 420 16
1626220800 2476 6 296 8
1626307200 2150 1 286 5
1626393600 1853 0 264 7
1626480000 1589 0 254 8
1626566400 2181 1 262 6
1626652800 2312 4 279 2
1626739200 1884 3 273 6
1626825600 2267 0 305 6
1626912000 2315 0 289 5
1626998400 1878 4 251 5
1627084800 2019 1 269 5
1627171200 2050 1 245 0
1627257600 1656 3 261 3
1627344000 1895 4 258 3
1627430400 1588 1 250 3
1627516800 2013 2 252 1
1627603200 1589 2 234 0
1627689600 1112 1 191 1
1627776000 1039 1 188 5
1627862400 1269 1 213 3
1627948800 1392 8 233 6
1628035200 1811 2 256 2
1628121600 1624 2 243 0
1628208000 1583 4 244 4
1628294400 1356 0 233 2
1628380800 1112 7 223 2
1628467200 1682 4 238 3
1628553600 1607 4 217 1
1628640000 1309 0 216 2
1628726400 1580 0 227 3
1628812800 1498 3 235 4
1628899200 859 0 172 2
1628985600 744 2 162 1
1629072000 881 0 185 2
1629158400 1308 3 206 0
1629244800 1328 2 220 3
1629331200 1159 0 189 0
1629417600 887 0 184 3
1629504000 1129 1 196 3
1629590400 907 0 175 0
1629676800 1236 2 190 0
1629763200 1473 3 206 3
1629849600 1307 1 194 3
1629936000 853 6 169 3
1630022400 656 0 163 1
1630108800 541 1 143 0
1630195200 774 0 165 2
1630281600 961 3 202 3
1630368000 927 1 181 3
1630454400 579 0 150 0
1630540800 600 0 161 0
1630627200 709 0 160 2
1630713600 524 0 146 0
1630800000 875 1 154 1
1630886400 512 0 145 0
1630972800 576 1 146 2
1631059200 684 3 152 0
1631145600 521 1 132 0
1631232000 929 0 157 1
1631318400 389 2 109 2
1631404800 511 0 128 1
1631491200 677 1 146 2
1631577600 654 6 153 0
1631664000 561 0 150 2
1631750400 555 0 168 3
1631836800 643 3 148 1
1631923200 366 0 117 1
1632009600 362 1 107 0
1632096000 578 2 139 3
1632182400 694 6 128 1
1632268800 549 3 113 0
1632355200 369 0 111 0
1632441600 350 2 102 0
1632528000 236 0 80 1
1632614400 340 1 101 2
1632700800 381 0 116 0
1632787200 503 3 111 0
1632873600 367 0 117 1
1632960000 352 0 96 0
1633046400 202 0 79 1
1633132800 161 2 77 0
1633219200 154 1 66 0
1633305600 335 0 113 1
1633392000 503 0 94 0
1633478400 241 1 91 0
1633564800 189 0 88 0
1633651200 190 1 74 0
1633737600 146 0 69 0
1633824000 219 0 78 0
1633910400 245 0 91 0
1633996800 249 0 97 0
1634083200 315 0 102 0
1634169600 173 0 80 0
1634256000 679 1 114 2
1634342400 451 2 93 0
1634428800 323 0 92 0
1634515200 324 0 100 0
1634601600 292 0 102 0
1634688000 395 0 114 0
1634774400 366 0 94 0
1634860800 379 0 90 0
1634947200 110 0 59 0
1635033600 257 0 74 0
1635120000 259 0 81 0
1635206400 327 0 95 0
1635292800 570 0 107 0
1635379200 280 0 91 0
1635465600 317 0 84 0
1635552000 308 0 82 0
1635638400 315 1 89 0
1635724800 134 0 58 0
1635811200 205 0 58 1
1635897600 404 0 99 0
1635984000 383 0 98 1
1636070400 431 0 101 0
1636156800 296 0 85 0
1636243200 186 0 78 0
1636329600 275 0 96 0
1636416000 1125 2 167 2
1636502400 544 3 113 2
1636588800 297 0 82 0
1636675200 739 7 114 1
1636761600 349 0 90 0
1636848000 324 0 98 0
1636934400 705 1 125 0
1637020800 624 1 133 0
1637107200 620 0 115 1
1637193600 709 0 142 2
1637280000 1083 2 161 1
1637366400 436 2 105 0
1637452800 449 0 105 0
1637539200 719 0 159 1
1637625600 1019 3 165 0
1637712000 1322 5 215 1
1637798400 2120 5 268 5
1637884800 1670 1 256 1
1637971200 1141 2 205 1
1638057600 921 4 188 0
1638144000 910 3 210 3
1638230400 1138 2 204 1
1638316800 1108 5 210 3
1638403200 1329 5 199 1
1638489600 1223 5 210 1
1638576000 617 2 134 1
1638662400 626 1 138 0
1638748800 1339 2 208 2
1638835200 886 2 165 0
1638921600 1192 5 192 0
1639008000 714 3 165 0
1639094400 638 0 160 2
1639180800 572 0 134 1
1639267200 450 1 112 0
1639353600 680 1 174 0
1639440000 1153 7 201 3
1639526400 1462 4 216 3
1639612800 1178 3 207 2
1639699200 1258 13 193 3
1639785600 1236 5 201 1
1639872000 1214 4 207 3
1639958400 1351 4 246 3
1640044800 1695 1 242 2
1640131200 1736 6 258 5
1640217600 1752 5 231 2
1640304000 974 2 197 7
1640390400 771 1 165 1
1640476800 597 1 136 0
