1577836800 7740 16 357 357
1580515200 20025 48 651 366
1583020800 150758 198 2097 1461
1585699200 93632 116 1505 225
1588291200 46272 36 996 65
1590969600 15725 5 604 17
1593561600 16248 13 606 24
1596240000 24690 20 675 45
1598918400 32584 21 746 54
1601510400 56263 28 1095 114
1604188800 35701 25 897 45
1606780800 34383 43 753 36
1609459200 49389 40 891 59
1612137600 30784 22 703 24
1614556800 49068 31 914 50
1617235200 33786 11 788 30
1619827200 26803 18 753 58
1622505600 16121 17 604 27
1625097600 53092 54 1088 127
1627776000 36792 61 900 69
1630454400 15946 36 627 26
1633046400 9274 9 467 4
1635724800 17740 34 635 20
