1580083200 234 11 223
1580688000 387 25 362
1581292800 442 33 409
1581897600 477 40 437
1582502400 506 45 461
1583107200 762 63 699
1583712000 1022 107 915
1584316800 1530 217 1313
1584921600 2019 459 1560
1585526400 2182 601 1581
1586131200 2255 707 1548
1586736000 2318 802 1516
1587340800 2383 889 1494
1587945600 2417 951 1466
1588550400 2441 1018 1423
1589155200 2463 1077 1386
1589760000 2477 1115 1362
1590364800 2489 1137 1352
1590969600 2500 1175 1325
1591574400 2504 1198 1306
1592179200 2505 1210 1295
1592784000 2507 1224 1283
1593388800 2515 1243 1272
1593993600 2518 1250 1268
1594598400 2522 1260 1262
1595203200 2527 1276 1251
1595808000 2534 1294 1240
1596412800 2541 1307 1234
1597017600 2549 1327 1222
1597622400 2560 1352 1208
1598227200 2571 1372 1199
1598832000 2587 1399 1188
1599436800 2601 1420 1181
1600041600 2613 1448 1165
1600646400 2622 1478 1144
1601251200 2638 1516 1122
1601856000 2647 1545 1102
1602460800 2656 1574 1082
1603065600 2681 1641 1040
1603670400 2701 1703 998
1604275200 2763 1998 765
1604880000 2779 2187 592
1605484800 2793 2253 540
