1579611316 1
1579617811 2
1579622150 3
1579629367 4
1579630675 5
1579636944 6
1579678473 7
1579724250 8
1579727177 9
1579727975 10
1579730378 11
1579733220 12
1579734009 13
1579735590 14
1579760592 15
1579772175 16
1579776449 17
1579784057 18
1579784270 19
1579784502 20
1579792912 21
1579806529 22
1579821659 23
1579844499 24
1579849340 25
1579854262 26
1579858590 27
1579861015 28
1579861671 29
1579872263 30
1579880211 31
1579886746 32
1579887245 33
1579890751 34
1579897615 35
1579898104 36
1579898366 37
1579899120 38
1579899597 39
1579899783 40
1579899824 41
1579900290 42
1579900351 43
1579900500 44
1579900888 45
1579901210 46
1579901630 47
1579902344 48
1579904655 49
1579905912 50
1579906049 51
1579906227 52
1579908329 53
1579915186 54
1579915723 55
1579917630 56
1579920712 57
1579946835 58
1579957910 59
1579962525 60
1579966349 61
1579968270 62
1579975776 63
1579979761 64
1579979940 65
1579982056 66
1579990366 67
1579995294 68
1580036556 69
1580039617 70
1580063156 71
1580069107 72
1580072563 73
1580077054 74
1580079026 75
1580082532 76
1580109046 77
1580119156 78
1580130647 79
1580147519 80
1580149994 81
1580150937 82
1580152565 83
1580179150 84
1580205290 85
1580210960 86
1580215430 87
1580218095 88
1580237499 89
1580239491 90
1580281426 91
1580291450 92
1580292256 93
1580297046 94
1580308050 95
1580309486 96
1580314182 97
1580329136 98
1580372528 99
1580380689 100
1580386391 101
1580390124 102
1580393334 103
1580418110 104
1580472399 105
1580477055 106
1580484853 107
1580503648 108
1580545588 109
1580546975 110
1580547601 111
1580559931 112
1580597746 113
1580645299 114
1580724385 115
1580740545 116
1580740922 117
1580762786 118
1581010663 119
1581070613 120
1581159953 121
1581183489 122
1581193042 123
1581331161 124
1581428997 125
1581429752 126
1581435264 127
1581635783 128
1581770395 129
1582116561 130
1582272984 131
1582391951 132
1582420665 133
1582546289 134
1582549138 135
1582549914 136
1582559505 137
1582561004 138
1582563983 139
1582568627 140
1582573286 141
1582573993 142
1582575979 143
1582630853 144
1582638763 145
1582643188 146
1582645706 147
1582651225 148
1582666546 149
1582717298 150
1582720744 151
1582722355 152
1582732714 153
1582753999 154
1582754587 155
1582755496 156
1582809112 157
1582810821 158
1582826009 159
1582836786 160
1582838314 161
1582839768 162
1582849603 163
1582870865 164
1582876968 165
1582888323 166
1582899172 167
1582909276 168
1582913556 169
1582918892 170
1582962218 171
1582976265 172
1582993180 173
1583005014 174
1583006481 175
1583049042 176
1583082260 177
1583115640 178
1583143847 179
1583151672 180
1583155695 181
1583186026 182
1583187874 183
1583238361 184
1583271259 185
1583278055 186
1583307812 187
1583317526 188
1583326851 189
1583329707 190
1583329766 191
1583333553 192
1583337199 193
1583391427 194
1583399990 195
1583410520 196
1583413520 197
1583426515 198
1583437268 199
1583444894 200
1583455362 201
1583489104 202
1583502942 203
1583503109 204
1583518309 205
1583526375 206
1583614769 207
1583625739 208
1583662122 209
1583700177 210
1583703376 211
1583734573 212
1583757348 213
1583763567 214
1583772231 215
1583784344 216
1583832986 217
1583916382 218
1583918962 219
1583941386 220
1583957008 221
1583961419 222
1584009266 223
1584009865 224
1584024031 225
1584036545 226
1584042253 227
1584043330 228
1584050949 229
1584054807 230
1584057057 231
1584102150 232
1584127174 233
1584145853 234
1584147330 235
1584181985 236
1584184029 237
1584186496 238
1584190967 239
1584196519 240
1584197030 241
1584215272 242
1584217074 243
1584218398 244
1584219306 245
1584222407 246
1584256800 247
1584265334 248
1584269354 249
1584271870 250
1584271991 251
1584279118 252
1584284093 253
1584294775 254
1584303737 255
1584309219 256
1584328789 257
1584355923 258
1584359105 259
1584359592 260
1584364939 261
1584368013 262
1584404183 263
1584459663 264
1584532336 265
1584540882 266
1584559456 267
1584563644 268
1584578845 269
1584630607 270
1584745107 271
1584749771 272
1584800258 273
1584800351 274
1584810580 275
1584829731 276
1584870156 277
1584892537 278
1584902064 279
1584912895 280
1584962174 281
1584974040 282
1584976533 283
1584980772 284
1584987113 285
1585327192 286
1585333771 287
1585356371 288
1585421386 289
1585472433 290
1585479263 291
1586024419 292
1586166331 293
1586180464 294
1586207756 295
1586352309 296
1586623848 297
1586707820 298
1586979899 299
1586987719 300
1587168594 301
1587402510 302
1587539243 303
1587549267 304
1588163866 305
1588245006 306
1588335402 307
1590060606 308
1591271783 309
1592837643 310
1592898386 311
1593215394 312
1595148222 313
1595843992 314
1595886709 315
1595943850 316
1596069774 317
1596131843 318
1596145097 319
1596231560 320
1596464543 321
