1579611316 1
1579611555 2
1579617811 3
1579621979 4
1579622150 5
1579629367 6
1579630675 7
1579630765 8
1579631666 9
1579636944 10
1579639995 11
1579640280 12
1579640775 13
1579646008 14
1579678473 15
1579693339 16
1579724250 17
1579727123 18
1579727177 19
1579727975 20
1579730378 21
1579733220 22
1579734009 23
1579734215 24
1579734792 25
1579735590 26
1579737627 27
1579740900 28
1579760592 29
1579778672 30
1579778830 31
1579784057 32
1579784270 33
1579784502 34
1579792908 35
1579792912 36
1579793677 37
1579806529 38
1579811179 39
1579826431 40
1579827367 41
1579840018 42
1579844499 43
1579849340 44
1579852403 45
1579853947 46
1579854262 47
1579858552 48
1579858590 49
1579861015 50
1579861671 51
1579870844 52
1579872263 53
1579875857 54
1579880211 55
1579886746 56
1579887026 57
1579887245 58
1579888707 59
1579890751 60
1579892037 61
1579897192 62
1579897615 63
1579898020 64
1579898093 65
1579898104 66
1579899120 67
1579899597 68
1579899783 69
1579899824 70
1579900093 71
1579900136 72
1579900290 73
1579900351 74
1579900500 75
1579900515 76
1579900888 77
1579901083 78
1579901210 79
1579901630 80
1579901787 81
1579901886 82
1579901916 83
1579902344 84
1579903110 85
1579904655 86
1579904963 87
1579905912 88
1579906049 89
1579906227 90
1579906351 91
1579906859 92
1579906939 93
1579906979 94
1579907338 95
1579908229 96
1579908293 97
1579908329 98
1579908840 99
1579911342 100
1579915186 101
1579915723 102
1579916416 103
1579917630 104
1579919733 105
1579920712 106
1579922026 107
1579934676 108
1579940047 109
1579943708 110
1579943871 111
1579944902 112
1579946835 113
1579949445 114
1579949468 115
1579949677 116
1579950615 117
1579951014 118
1579951945 119
1579956895 120
1579957910 121
1579961635 122
1579962300 123
1579962525 124
1579964705 125
1579966349 126
1579966383 127
1579967349 128
1579968270 129
1579973982 130
1579975431 131
1579975776 132
1579976055 133
1579976177 134
1579978580 135
1579979761 136
1579979940 137
1579982056 138
1579982100 139
1579984623 140
1579986219 141
1579987781 142
1579990366 143
1579995294 144
1579999312 145
1580025385 146
1580032617 147
1580032644 148
1580034093 149
1580036556 150
1580039617 151
1580039816 152
1580040653 153
1580041576 154
1580056459 155
1580063156 156
1580069107 157
1580072563 158
1580073364 159
1580077054 160
1580079026 161
1580081552 162
1580082532 163
1580109046 164
1580116947 165
1580121793 166
1580129294 167
1580129688 168
1580130647 169
1580133359 170
1580134245 171
1580135310 172
1580135506 173
1580141917 174
1580142357 175
1580143850 176
1580145999 177
1580147519 178
1580149929 179
1580149994 180
1580150937 181
1580152565 182
1580153583 183
1580157337 184
1580162604 185
1580163235 186
1580163355 187
1580179150 188
1580180392 189
1580186044 190
1580200461 191
1580205290 192
1580208891 193
1580209087 194
1580209441 195
1580209664 196
1580214642 197
1580215390 198
1580215430 199
1580218095 200
1580237499 201
1580239491 202
1580239614 203
1580239642 204
1580242009 205
1580244435 206
1580246007 207
1580281426 208
1580286821 209
1580291450 210
1580292256 211
1580294692 212
1580297046 213
1580308050 214
1580309486 215
1580329136 216
1580334924 217
1580361242 218
1580372528 219
1580378199 220
1580380689 221
1580381070 222
1580386391 223
1580389339 224
1580390124 225
1580396988 226
1580404348 227
1580418110 228
1580419059 229
1580420960 230
1580468550 231
1580472399 232
1580473279 233
1580477055 234
1580478927 235
1580494200 236
1580495775 237
1580505690 238
1580545588 239
1580546975 240
1580547601 241
1580555486 242
1580559931 243
1580571642 244
1580596569 245
1580611880 246
1580647089 247
1580654725 248
1580659674 249
1580716630 250
1580721735 251
1580724385 252
1580740545 253
1580762786 254
1580763051 255
1580772379 256
1580819234 257
1580836548 258
1580866186 259
1580889641 260
1580920567 261
1580921851 262
1580978260 263
1581010663 264
1581061851 265
1581070613 266
1581072844 267
1581118315 268
1581158479 269
1581159381 270
1581159953 271
1581162629 272
1581177359 273
1581181207 274
1581183489 275
1581187306 276
1581193042 277
1581195345 278
1581331161 279
1581331394 280
1581334312 281
1581339543 282
1581352644 283
1581414559 284
1581419656 285
1581428997 286
1581429752 287
1581435264 288
1581509957 289
1581546660 290
1581610854 291
1581635783 292
1581770395 293
1581771472 294
1581798034 295
1581924361 296
1581943066 297
1582116561 298
1582272984 299
1582377942 300
1582390772 301
1582391951 302
1582396817 303
1582402425 304
1582420665 305
1582423902 306
1582456071 307
1582482830 308
1582483015 309
1582497493 310
1582497549 311
1582535958 312
1582546289 313
1582547431 314
1582549050 315
1582549914 316
1582554319 317
1582555762 318
1582561004 319
1582561978 320
1582563983 321
1582565759 322
1582568627 323
1582571134 324
1582573286 325
1582575979 326
1582614333 327
1582615975 328
1582620595 329
1582627726 330
1582628613 331
1582629053 332
1582631966 333
1582638763 334
1582641162 335
1582642459 336
1582650461 337
1582651225 338
1582655306 339
1582655367 340
1582666546 341
1582673226 342
1582714369 343
1582717298 344
1582720744 345
1582722355 346
1582724605 347
1582725429 348
1582728811 349
1582732492 350
1582732714 351
1582735067 352
1582735601 353
1582736182 354
1582738899 355
1582739226 356
1582740609 357
1582752458 358
1582754587 359
1582755496 360
1582786046 361
1582795284 362
1582797060 363
1582806431 364
1582809112 365
1582809645 366
1582810821 367
1582811752 368
1582826009 369
1582827871 370
1582833326 371
1582836786 372
1582838314 373
1582839768 374
1582841199 375
1582841279 376
1582843507 377
1582847664 378
1582849603 379
1582870865 380
1582876968 381
1582880893 382
1582883645 383
1582883970 384
1582886279 385
1582886664 386
1582887068 387
1582888323 388
1582899158 389
1582899172 390
1582900772 391
1582901583 392
1582909276 393
1582911754 394
1582913556 395
1582918759 396
1582918892 397
1582919023 398
1582919717 399
1582920244 400
1582922689 401
1582923783 402
1582931983 403
1582933156 404
1582939292 405
1582959634 406
1582960509 407
1582962507 408
1582972173 409
1582974341 410
1582986017 411
1582987636 412
1582990379 413
1582992395 414
1582993180 415
1582994276 416
1583002524 417
1583005014 418
1583006481 419
1583010269 420
1583010636 421
1583010946 422
1583011724 423
1583013290 424
1583017232 425
1583018787 426
1583049042 427
1583061724 428
1583062578 429
1583065191 430
1583072042 431
1583074110 432
1583082260 433
1583084335 434
1583085795 435
1583087673 436
1583090422 437
1583091164 438
1583091915 439
1583093841 440
1583095000 441
1583101696 442
1583105552 443
1583108849 444
1583115640 445
1583131695 446
1583136924 447
1583142250 448
1583143847 449
1583148676 450
1583148926 451
1583151672 452
1583151695 453
1583154010 454
1583155695 455
1583156047 456
1583157797 457
1583162859 458
1583165324 459
1583166187 460
1583168212 461
1583168388 462
1583168876 463
1583170301 464
1583176819 465
1583181768 466
1583186026 467
1583186484 468
1583187874 469
1583196207 470
1583198653 471
1583220371 472
1583226444 473
1583235269 474
1583238361 475
1583239723 476
1583246002 477
1583249276 478
1583260664 479
1583265761 480
1583266056 481
1583269982 482
1583271259 483
1583271873 484
1583278055 485
1583279920 486
1583307812 487
1583317526 488
1583324701 489
1583326008 490
1583326796 491
1583326851 492
1583329707 493
1583329766 494
1583333553 495
1583335222 496
1583337199 497
1583344069 498
1583359476 499
1583359624 500
1583364588 501
1583387023 502
1583390165 503
1583391427 504
1583396050 505
1583397004 506
1583398157 507
1583398264 508
1583405779 509
1583410520 510
1583411088 511
1583413520 512
1583426515 513
1583431629 514
1583432997 515
1583434109 516
1583437042 517
1583437268 518
1583438645 519
1583444894 520
1583446175 521
1583448634 522
1583451252 523
1583455362 524
1583460415 525
1583476393 526
1583486516 527
1583488161 528
1583489104 529
1583491793 530
1583493356 531
1583500372 532
1583502357 533
1583502776 534
1583502942 535
1583504046 536
1583506817 537
1583516683 538
1583518309 539
1583523014 540
1583523508 541
1583525210 542
1583526375 543
1583533921 544
1583538214 545
1583539557 546
1583543124 547
1583570868 548
1583572469 549
1583574314 550
1583584152 551
1583587384 552
1583589852 553
1583599326 554
1583604168 555
1583614769 556
1583614870 557
1583615655 558
1583616071 559
1583625739 560
1583638146 561
1583660557 562
1583662122 563
1583663416 564
1583673059 565
1583680251 566
1583680914 567
1583690335 568
1583692576 569
1583696359 570
1583699910 571
1583700177 572
1583703376 573
1583706195 574
1583724944 575
1583734573 576
1583737708 577
1583744677 578
1583744788 579
1583755915 580
1583757348 581
1583761852 582
1583762414 583
1583763398 584
1583763567 585
1583772231 586
1583772333 587
1583776537 588
1583778825 589
1583784344 590
1583790111 591
1583790496 592
1583791485 593
1583799918 594
1583816476 595
1583826500 596
1583827615 597
1583830685 598
1583844963 599
1583848213 600
1583849807 601
1583853754 602
1583855713 603
1583865779 604
1583871684 605
1583912883 606
1583916382 607
1583918962 608
1583931353 609
1583933197 610
1583941386 611
1583949421 612
1583949647 613
1583953323 614
1583958576 615
1583961415 616
1583961419 617
1583964215 618
1583970080 619
1583980767 620
1584000090 621
1584001484 622
1584003074 623
1584008348 624
1584009266 625
1584009297 626
1584009316 627
1584009865 628
1584011401 629
1584013582 630
1584021612 631
1584022269 632
1584024031 633
1584030426 634
1584035120 635
1584036545 636
1584039668 637
1584042253 638
1584043330 639
1584043391 640
1584043427 641
1584043646 642
1584044405 643
1584044722 644
1584045196 645
1584045733 646
1584047733 647
1584047957 648
1584048984 649
1584049489 650
1584049823 651
1584050059 652
1584050165 653
1584050949 654
1584051350 655
1584052701 656
1584052927 657
1584053131 658
1584054807 659
1584055601 660
1584056053 661
1584057057 662
1584059485 663
1584059849 664
1584060080 665
1584083341 666
1584088091 667
1584088150 668
1584091257 669
1584092550 670
1584093655 671
1584095317 672
1584102150 673
1584105279 674
1584106094 675
1584106438 676
1584107665 677
1584114937 678
1584118451 679
1584119351 680
1584122433 681
1584122583 682
1584125525 683
1584127174 684
1584128617 685
1584131970 686
1584135937 687
1584136241 688
1584136753 689
1584137812 690
1584137986 691
1584139102 692
1584145853 693
1584147330 694
1584149891 695
1584166434 696
1584176087 697
1584177771 698
1584179949 699
1584181360 700
1584183437 701
1584184029 702
1584184613 703
1584186496 704
1584186875 705
1584189688 706
1584190967 707
1584196516 708
1584196519 709
1584197030 710
1584201100 711
1584203493 712
1584212096 713
1584215272 714
1584215953 715
1584217074 716
1584217468 717
1584217510 718
1584217584 719
1584217661 720
1584217728 721
1584218398 722
1584218926 723
1584220750 724
1584221734 725
1584222407 726
1584223522 727
1584223806 728
1584227310 729
1584228224 730
1584228448 731
1584230471 732
1584230633 733
1584231105 734
1584231836 735
1584237774 736
1584252017 737
1584258453 738
1584259587 739
1584259794 740
1584261600 741
1584263727 742
1584265334 743
1584267366 744
1584268285 745
1584269354 746
1584271870 747
1584271991 748
1584272080 749
1584272379 750
1584273705 751
1584275526 752
1584277364 753
1584283191 754
1584284060 755
1584288969 756
1584290342 757
1584291410 758
1584293396 759
1584293641 760
1584294018 761
1584294397 762
1584294643 763
1584294775 764
1584296028 765
1584297172 766
1584299330 767
1584301560 768
1584301598 769
1584302599 770
1584303737 771
1584304546 772
1584305241 773
1584305456 774
1584305965 775
1584309219 776
1584310953 777
1584311800 778
1584313412 779
1584318635 780
1584320675 781
1584328789 782
1584335305 783
1584342243 784
1584346691 785
1584348544 786
1584352274 787
1584352806 788
1584354266 789
1584354402 790
1584355923 791
1584356886 792
1584357079 793
1584357965 794
1584358947 795
1584359105 796
1584359592 797
1584360103 798
1584360150 799
1584362632 800
1584363072 801
1584364939 802
1584365561 803
1584368013 804
1584368076 805
1584369942 806
1584370980 807
1584371232 808
1584372010 809
1584373996 810
1584374822 811
1584378048 812
1584378341 813
1584379994 814
1584382435 815
1584382656 816
1584382672 817
1584383414 818
1584383981 819
1584384880 820
1584386768 821
1584387555 822
1584388317 823
1584388656 824
1584389164 825
1584389457 826
1584389629 827
1584391129 828
1584392665 829
1584395340 830
1584397235 831
1584397371 832
1584398021 833
1584398423 834
1584399325 835
1584400031 836
1584400404 837
1584400951 838
1584402626 839
1584404183 840
1584425562 841
1584431436 842
1584435525 843
1584436657 844
1584436958 845
1584438638 846
1584439057 847
1584441871 848
1584442072 849
1584444634 850
1584445633 851
1584446346 852
1584447511 853
1584448352 854
1584451843 855
1584454587 856
1584456762 857
1584456864 858
1584457880 859
1584460331 860
1584461187 861
1584463321 862
1584465037 863
1584466305 864
1584474056 865
1584474341 866
1584477179 867
1584483980 868
1584491082 869
1584491596 870
1584516458 871
1584532336 872
1584535086 873
1584543941 874
1584548445 875
1584548994 876
1584553192 877
1584554826 878
1584555053 879
1584555817 880
1584558627 881
1584560624 882
1584562554 883
1584563172 884
1584563644 885
1584563691 886
1584567177 887
1584578348 888
1584578845 889
1584579271 890
1584607740 891
1584612873 892
1584614702 893
1584625355 894
1584630607 895
1584632885 896
1584633341 897
1584636858 898
1584639441 899
1584653809 900
1584677227 901
1584698690 902
1584700442 903
1584702105 904
1584702278 905
1584703510 906
1584703810 907
1584704184 908
1584705429 909
1584710739 910
1584716945 911
1584718199 912
1584720083 913
1584721897 914
1584722978 915
1584723799 916
1584725420 917
1584727960 918
1584736301 919
1584736744 920
1584745107 921
1584746236 922
1584747353 923
1584749771 924
1584756654 925
1584771988 926
1584776360 927
1584790755 928
1584796003 929
1584800351 930
1584810580 931
1584816530 932
1584820638 933
1584823233 934
1584829731 935
1584829988 936
1584831484 937
1584833133 938
1584844297 939
1584864858 940
1584867378 941
1584870156 942
1584870476 943
1584874411 944
1584883291 945
1584892537 946
1584894447 947
1584902064 948
1584907450 949
1584907891 950
1584912895 951
1584920397 952
1584922910 953
1584927024 954
1584947476 955
1584962174 956
1584963313 957
1584969036 958
1584974040 959
1584976533 960
1584980297 961
1584980375 962
1584980772 963
1584981484 964
1584985383 965
1584987113 966
1584990539 967
1584994701 968
1584995707 969
1585000496 970
1585003050 971
1585076131 972
1585123565 973
1585156664 974
1585157991 975
1585160325 976
1585178033 977
1585228728 978
1585240672 979
1585288515 980
1585310549 981
1585311433 982
1585311899 983
1585316504 984
1585319159 985
1585322469 986
1585327192 987
1585328026 988
1585328490 989
1585333771 990
1585350976 991
1585353990 992
1585356371 993
1585360524 994
1585382707 995
1585388193 996
1585392523 997
1585398427 998
1585404098 999
1585419974 1000
1585472433 1001
1585479263 1002
1585479332 1003
1585490235 1004
1585498217 1005
1585500286 1006
1585509737 1007
1585516106 1008
1585555288 1009
1585559913 1010
1585565813 1011
1585655891 1012
1585658180 1013
1585663394 1014
1585663771 1015
1585669104 1016
1585671581 1017
1585673758 1018
1585683070 1019
1585734524 1020
1585747126 1021
1585753528 1022
1585754670 1023
1585771679 1024
1585779285 1025
1585782160 1026
1585784845 1027
1585788319 1028
1585819439 1029
1585824580 1030
1585828269 1031
1585839586 1032
1585840719 1033
1585845237 1034
1585850566 1035
1585851896 1036
1585863545 1037
1585868544 1038
1585870417 1039
1585896732 1040
1585909362 1041
1585911361 1042
1585922674 1043
1585923276 1044
1585929679 1045
1585930158 1046
1585933597 1047
1585938272 1048
1585956132 1049
1585956148 1050
1585958224 1051
1585958903 1052
1585978559 1053
1585990855 1054
1586018401 1055
1586022561 1056
1586024419 1057
1586033963 1058
1586055536 1059
1586084722 1060
1586094239 1061
1586096921 1062
1586098273 1063
1586106175 1064
1586116282 1065
1586117364 1066
1586124149 1067
1586125852 1068
1586140078 1069
1586166331 1070
1586167324 1071
1586167525 1072
1586173488 1073
1586178654 1074
1586180464 1075
1586180827 1076
1586180969 1077
1586185203 1078
1586196788 1079
1586198448 1080
1586201201 1081
1586204953 1082
1586207756 1083
1586209225 1084
1586209803 1085
1586215370 1086
1586215990 1087
1586217136 1088
1586220876 1089
1586257436 1090
1586257636 1091
1586257793 1092
