1579611316 1
1579611555 2
1579613366 3
1579617811 4
1579621979 5
1579622150 6
1579627499 7
1579629367 8
1579630675 9
1579630765 10
1579631666 11
1579636944 12
1579639995 13
1579640280 14
1579640775 15
1579646008 16
1579678473 17
1579693339 18
1579724250 19
1579727123 20
1579727177 21
1579727975 22
1579730378 23
1579730809 24
1579733220 25
1579734009 26
1579734215 27
1579734792 28
1579735590 29
1579737627 30
1579738363 31
1579740900 32
1579742068 33
1579760592 34
1579772175 35
1579775467 36
1579776449 37
1579777951 38
1579778672 39
1579778830 40
1579784057 41
1579784270 42
1579784502 43
1579787783 44
1579791432 45
1579792908 46
1579792912 47
1579793285 48
1579793640 49
1579793677 50
1579802143 51
1579805056 52
1579806529 53
1579811179 54
1579821659 55
1579822944 56
1579823091 57
1579826431 58
1579827367 59
1579840018 60
1579844499 61
1579849146 62
1579849340 63
1579852403 64
1579853947 65
1579854262 66
1579858552 67
1579858590 68
1579858604 69
1579861015 70
1579861671 71
1579863724 72
1579870016 73
1579870844 74
1579871363 75
1579872263 76
1579873194 77
1579874713 78
1579875857 79
1579877603 80
1579880211 81
1579880806 82
1579885751 83
1579886544 84
1579886746 85
1579887026 86
1579887245 87
1579888707 88
1579890751 89
1579892037 90
1579897192 91
1579897615 92
1579897628 93
1579898020 94
1579898093 95
1579898104 96
1579898295 97
1579898366 98
1579899120 99
1579899597 100
1579899783 101
1579899824 102
1579900037 103
1579900093 104
1579900136 105
1579900290 106
1579900351 107
1579900500 108
1579900515 109
1579900888 110
1579901083 111
1579901210 112
1579901630 113
1579901787 114
1579901886 115
1579901916 116
1579902344 117
1579903110 118
1579904004 119
1579904013 120
1579904655 121
1579904674 122
1579904963 123
1579905912 124
1579906049 125
1579906055 126
1579906227 127
1579906351 128
1579906556 129
1579906859 130
1579906939 131
1579906979 132
1579907338 133
1579908229 134
1579908293 135
1579908329 136
1579908840 137
1579909219 138
1579911342 139
1579915186 140
1579915723 141
1579916416 142
1579917298 143
1579917630 144
1579919733 145
1579920712 146
1579922026 147
1579924938 148
1579934676 149
1579938071 150
1579938750 151
1579939400 152
1579940047 153
1579943548 154
1579943708 155
1579943871 156
1579944323 157
1579944902 158
1579946835 159
1579947236 160
1579947909 161
1579949445 162
1579949468 163
1579949652 164
1579949677 165
1579950448 166
1579950615 167
1579951014 168
1579951945 169
1579953209 170
1579956895 171
1579957886 172
1579957910 173
1579958003 174
1579958330 175
1579961352 176
1579961635 177
1579962300 178
1579962525 179
1579962557 180
1579964705 181
1579966349 182
1579966383 183
1579967323 184
1579967349 185
1579968270 186
1579969765 187
1579972703 188
1579972896 189
1579973982 190
1579975431 191
1579975776 192
1579976055 193
1579976177 194
1579976762 195
1579977121 196
1579978580 197
1579979761 198
1579979940 199
1579982056 200
1579982100 201
1579984623 202
1579986219 203
1579987781 204
1579990366 205
1579995294 206
1579999312 207
1580021099 208
1580023491 209
1580025385 210
1580032617 211
1580032644 212
1580034093 213
1580036233 214
1580036556 215
1580037245 216
1580039617 217
1580039816 218
1580040653 219
1580041049 220
1580041576 221
1580044253 222
1580056459 223
1580057179 224
1580063156 225
1580065990 226
1580069107 227
1580072563 228
1580073364 229
1580077054 230
1580077921 231
1580078790 232
1580079026 233
1580081552 234
1580082532 235
1580109046 236
1580116947 237
1580118638 238
1580119156 239
1580121793 240
1580122138 241
1580129294 242
1580129688 243
1580130647 244
1580133359 245
1580134245 246
1580135310 247
1580135506 248
1580135682 249
1580137293 250
1580139983 251
1580140796 252
1580141917 253
1580142357 254
1580143850 255
1580145999 256
1580147519 257
1580148839 258
1580149825 259
1580149929 260
1580149994 261
1580150937 262
1580152565 263
1580153583 264
1580157337 265
1580157604 266
1580162604 267
1580163235 268
1580163355 269
1580179150 270
1580180392 271
1580186044 272
1580200461 273
1580204608 274
1580205290 275
1580208217 276
1580208891 277
1580209087 278
1580209441 279
1580209664 280
1580209714 281
1580210960 282
1580214064 283
1580214642 284
1580214715 285
1580215390 286
1580215430 287
1580218095 288
1580218312 289
1580233880 290
1580234905 291
1580237499 292
1580239491 293
1580239614 294
1580239642 295
1580240823 296
1580242009 297
1580242271 298
1580244435 299
1580246007 300
1580250782 301
1580252123 302
1580263337 303
1580266899 304
1580281426 305
1580286821 306
1580289227 307
1580291450 308
1580291926 309
1580292256 310
1580293317 311
1580293461 312
1580294692 313
1580295949 314
1580297046 315
1580304197 316
1580305313 317
1580308050 318
1580309486 319
1580314182 320
1580328596 321
1580329136 322
1580333196 323
1580334924 324
1580341579 325
1580352894 326
1580361242 327
1580372528 328
1580378199 329
1580378646 330
1580379102 331
1580380689 332
1580381070 333
1580381504 334
1580383871 335
1580386391 336
1580389339 337
1580390124 338
1580393334 339
1580396988 340
1580397439 341
1580404348 342
1580418110 343
1580418279 344
1580419059 345
1580420960 346
1580425672 347
1580460065 348
1580461280 349
1580464664 350
1580468550 351
1580472399 352
1580473279 353
1580474163 354
1580477055 355
1580478927 356
1580484853 357
1580487904 358
1580494200 359
1580495775 360
1580495851 361
1580497424 362
1580503648 363
1580503712 364
1580505690 365
1580518207 366
1580545588 367
1580546975 368
1580547601 369
1580549272 370
1580554637 371
1580555486 372
1580559931 373
1580563178 374
1580571642 375
1580596569 376
1580597746 377
1580602005 378
1580611880 379
1580615662 380
1580641210 381
1580641805 382
1580645299 383
1580647089 384
1580654725 385
1580655562 386
1580659674 387
1580673381 388
1580682687 389
1580684741 390
1580699492 391
1580716630 392
1580721735 393
1580724385 394
1580728884 395
1580740545 396
1580740922 397
1580744082 398
1580748471 399
1580762786 400
1580763051 401
1580768440 402
1580772379 403
1580802759 404
1580819234 405
1580825801 406
1580836548 407
1580837864 408
1580843552 409
1580858244 410
1580866186 411
1580889641 412
1580905759 413
1580913537 414
1580916749 415
1580920567 416
1580921681 417
1580921851 418
1580927084 419
1580936329 420
1580978260 421
1580986937 422
1581010663 423
1581061851 424
1581070613 425
1581072844 426
1581074277 427
1581086123 428
1581094415 429
1581098706 430
1581118315 431
1581119816 432
1581157548 433
1581158479 434
1581159381 435
1581159953 436
1581161411 437
1581162629 438
1581172511 439
1581176407 440
1581177359 441
1581181207 442
1581183489 443
1581187306 444
1581188385 445
1581193042 446
1581195345 447
1581324821 448
1581331161 449
1581331394 450
1581334312 451
1581339543 452
1581352644 453
1581357967 454
1581370515 455
1581412981 456
1581414559 457
1581419656 458
1581428997 459
1581429752 460
1581435264 461
1581442081 462
1581445993 463
1581449554 464
1581450308 465
1581496171 466
1581509957 467
1581513139 468
1581546660 469
1581581725 470
1581582731 471
1581585241 472
1581585824 473
1581594387 474
1581610854 475
1581612353 476
1581635783 477
1581646190 478
1581679386 479
1581770395 480
1581771472 481
1581798034 482
1581884638 483
1581924361 484
1581943066 485
1581953185 486
1581983608 487
1581998295 488
1582116561 489
1582141950 490
1582220672 491
1582272984 492
1582282745 493
1582284629 494
1582326576 495
1582377942 496
1582385296 497
1582390772 498
1582391951 499
1582396817 500
1582402425 501
1582410431 502
1582420665 503
1582423902 504
1582456071 505
1582457845 506
1582461884 507
1582463236 508
1582482830 509
1582483015 510
1582497493 511
1582497549 512
1582535958 513
1582537820 514
1582541025 515
1582541375 516
1582544318 517
1582546289 518
1582547431 519
1582549050 520
1582549138 521
1582549914 522
1582554319 523
1582555618 524
1582555659 525
1582555762 526
1582558310 527
1582558442 528
1582559505 529
1582561004 530
1582561573 531
1582561978 532
1582562195 533
1582562717 534
1582563983 535
1582565270 536
1582565759 537
1582568627 538
1582571134 539
1582573286 540
1582573993 541
1582575979 542
1582581666 543
1582598944 544
1582614333 545
1582615975 546
1582620595 547
1582622443 548
1582627726 549
1582628613 550
1582629053 551
1582630446 552
1582630853 553
1582631966 554
1582633462 555
1582638628 556
1582638763 557
1582640340 558
1582641162 559
1582642459 560
1582643188 561
1582645706 562
1582646299 563
1582648592 564
1582650461 565
1582651225 566
1582655012 567
1582655306 568
1582655367 569
1582659266 570
1582659301 571
1582662828 572
1582665550 573
1582666546 574
1582668436 575
1582673226 576
1582673343 577
1582702480 578
1582712684 579
1582714369 580
1582715238 581
1582715729 582
1582716039 583
1582717298 584
1582720744 585
1582722355 586
1582724283 587
1582724605 588
1582725429 589
1582728811 590
1582730322 591
1582732492 592
1582732619 593
1582732714 594
1582733528 595
1582734922 596
1582735067 597
1582735408 598
1582735601 599
1582736182 600
1582737595 601
1582738899 602
1582739226 603
1582740609 604
1582744299 605
1582745431 606
1582747271 607
1582752458 608
1582753999 609
1582754587 610
1582754765 611
1582755496 612
1582781146 613
1582785858 614
1582786046 615
1582795284 616
1582797060 617
1582797451 618
1582797889 619
1582799164 620
1582801259 621
1582802861 622
1582803516 623
1582805661 624
1582806431 625
1582809112 626
1582809645 627
1582810821 628
1582811578 629
1582811752 630
1582818178 631
1582822971 632
1582826009 633
1582827871 634
1582833326 635
1582836786 636
1582837282 637
1582838314 638
1582838841 639
1582839768 640
1582841199 641
1582841279 642
1582842132 643
1582843507 644
1582843895 645
1582846870 646
1582847664 647
1582849603 648
1582851554 649
1582854281 650
1582870865 651
1582872089 652
1582873197 653
1582876968 654
1582879735 655
1582880484 656
1582880893 657
1582882183 658
1582882889 659
1582883645 660
1582883970 661
1582884112 662
1582886279 663
1582886664 664
1582887068 665
1582888323 666
1582888836 667
1582889001 668
1582890578 669
1582891735 670
1582893249 671
1582894109 672
1582897018 673
1582899158 674
1582899172 675
1582900772 676
1582901583 677
1582901972 678
1582902555 679
1582903999 680
1582906321 681
1582909276 682
1582911754 683
1582912062 684
1582913556 685
1582918759 686
1582918892 687
1582919023 688
1582919717 689
1582920244 690
1582922689 691
1582923317 692
1582923575 693
1582923783 694
1582928171 695
1582931983 696
1582933156 697
1582935651 698
1582939292 699
1582957039 700
1582959634 701
1582960509 702
1582962218 703
1582962507 704
1582967196 705
1582972173 706
1582973475 707
1582974341 708
1582976265 709
1582976268 710
1582978340 711
1582986017 712
1582986686 713
1582987636 714
1582990379 715
1582990926 716
1582992395 717
1582992628 718
1582993180 719
1582994276 720
1582998494 721
1582999938 722
1583000348 723
1583000756 724
1583002524 725
1583005014 726
1583005185 727
1583005572 728
1583006131 729
1583006155 730
1583006481 731
1583010269 732
1583010636 733
1583010946 734
1583011724 735
1583013290 736
1583013644 737
1583015969 738
1583017232 739
1583018787 740
1583021646 741
1583044078 742
1583049042 743
1583058550 744
1583061724 745
1583062578 746
1583065191 747
1583072042 748
1583074110 749
1583077462 750
1583080027 751
1583082260 752
1583083304 753
1583084335 754
1583085795 755
1583087673 756
1583089711 757
1583090422 758
1583090849 759
1583091164 760
1583091777 761
1583091915 762
1583093498 763
1583093790 764
1583093841 765
1583095000 766
1583100276 767
1583100396 768
1583101696 769
1583102192 770
1583103340 771
1583105552 772
1583108849 773
1583115640 774
1583131695 775
1583132180 776
1583132608 777
1583136924 778
1583142250 779
1583143847 780
1583148676 781
1583148926 782
1583151672 783
1583151695 784
1583151823 785
1583153334 786
1583154010 787
1583155665 788
1583155695 789
1583156047 790
1583157797 791
1583158490 792
1583159875 793
1583160067 794
1583162859 795
1583164380 796
1583165324 797
1583166187 798
1583167820 799
1583168212 800
1583168388 801
1583168876 802
1583170301 803
1583170607 804
1583170657 805
1583176121 806
1583176819 807
1583181768 808
1583184677 809
1583184726 810
1583184797 811
1583185240 812
1583186026 813
1583186484 814
1583186961 815
1583187874 816
1583189093 817
1583190945 818
1583193331 819
1583193843 820
1583196207 821
1583198653 822
1583220371 823
1583226444 824
1583228639 825
1583233159 826
1583235269 827
1583238361 828
1583238806 829
1583239491 830
1583239723 831
1583240739 832
1583241226 833
1583244336 834
1583246002 835
1583246336 836
1583247714 837
1583249219 838
1583249276 839
1583254819 840
1583255173 841
1583257851 842
1583260664 843
1583261701 844
1583265172 845
1583265571 846
1583265761 847
1583266056 848
1583266872 849
1583268079 850
1583269982 851
1583271259 852
1583271873 853
1583278055 854
1583279920 855
1583306960 856
1583307812 857
1583312153 858
1583316804 859
1583317287 860
1583317526 861
1583322666 862
1583323546 863
1583324701 864
1583326008 865
1583326796 866
1583326851 867
1583329707 868
1583329766 869
1583332387 870
1583333553 871
1583333785 872
1583335222 873
1583335783 874
1583337199 875
1583337975 876
1583338335 877
1583344069 878
1583346646 879
1583347076 880
1583348858 881
1583350184 882
1583352957 883
1583353853 884
1583359476 885
1583359624 886
1583364588 887
1583372542 888
1583380549 889
1583387023 890
1583390165 891
1583391427 892
1583396050 893
1583397004 894
1583398157 895
1583398264 896
1583399990 897
1583402131 898
1583404628 899
1583404933 900
1583405206 901
1583405779 902
1583407969 903
1583410520 904
1583410746 905
1583411088 906
1583413297 907
1583413520 908
1583415867 909
1583417396 910
1583420357 911
1583421541 912
1583423911 913
1583425391 914
1583426054 915
1583426515 916
1583428076 917
1583431629 918
1583432622 919
1583432997 920
1583434109 921
1583437042 922
1583437268 923
1583437934 924
1583438645 925
1583439390 926
1583440606 927
1583442074 928
1583444599 929
1583444894 930
1583446175 931
1583448634 932
1583451252 933
1583455362 934
1583456117 935
1583460415 936
1583476393 937
1583481795 938
1583482837 939
1583486516 940
1583487723 941
1583487750 942
1583488161 943
1583489104 944
1583489620 945
1583490809 946
1583491793 947
1583493356 948
1583494195 949
1583498447 950
1583500372 951
1583502357 952
1583502776 953
1583502942 954
1583503109 955
1583504046 956
1583504220 957
1583506390 958
1583506817 959
1583507778 960
1583507851 961
1583508542 962
1583512801 963
1583516683 964
1583518309 965
1583521633 966
1583523014 967
1583523508 968
1583525044 969
1583525210 970
1583526375 971
1583531166 972
1583533921 973
1583538214 974
1583539557 975
1583543124 976
1583548163 977
1583570868 978
1583572314 979
1583572469 980
1583574314 981
1583580628 982
1583584152 983
1583584677 984
1583587384 985
1583589852 986
1583594211 987
1583596315 988
1583599326 989
1583601605 990
1583604168 991
1583608959 992
1583609464 993
1583611726 994
1583613775 995
1583614769 996
1583614870 997
1583615655 998
1583616071 999
1583619428 1000
1583625565 1001
1583625739 1002
1583633920 1003
1583637915 1004
1583638146 1005
1583646243 1006
1583655198 1007
1583660557 1008
1583662122 1009
1583663416 1010
1583667935 1011
1583669007 1012
1583670517 1013
1583672828 1014
1583673059 1015
1583673226 1016
1583675607 1017
1583679377 1018
1583680251 1019
1583680914 1020
1583684085 1021
1583685229 1022
1583690335 1023
1583692576 1024
1583694339 1025
1583696359 1026
1583696780 1027
1583699910 1028
1583700177 1029
1583703376 1030
1583706195 1031
1583706383 1032
1583706602 1033
1583709824 1034
1583711113 1035
1583713283 1036
1583715360 1037
1583724944 1038
1583734573 1039
1583737708 1040
1583744677 1041
1583744788 1042
1583745880 1043
1583746584 1044
1583755915 1045
1583757348 1046
1583757420 1047
1583761852 1048
1583762414 1049
1583763398 1050
1583763567 1051
1583767396 1052
1583768343 1053
1583768722 1054
1583770805 1055
1583771803 1056
1583771869 1057
1583772231 1058
1583772333 1059
1583772465 1060
1583776537 1061
1583778825 1062
1583782810 1063
1583782888 1064
1583784344 1065
1583785090 1066
1583785928 1067
1583786999 1068
1583787396 1069
1583790111 1070
1583790496 1071
1583791485 1072
1583794288 1073
1583795516 1074
1583799918 1075
1583800180 1076
1583800460 1077
1583801264 1078
1583816476 1079
1583826500 1080
1583827615 1081
1583830685 1082
1583832091 1083
1583832986 1084
1583834461 1085
1583836407 1086
1583839480 1087
1583839881 1088
1583840635 1089
1583841059 1090
1583842421 1091
1583843509 1092
1583844807 1093
1583844963 1094
1583847478 1095
1583848213 1096
1583849807 1097
1583853754 1098
1583855305 1099
1583855713 1100
1583859888 1101
1583863946 1102
1583865779 1103
1583866945 1104
1583870780 1105
1583871684 1106
1583898259 1107
1583911358 1108
1583912331 1109
1583912883 1110
1583913184 1111
1583916382 1112
1583918962 1113
1583920638 1114
1583922046 1115
1583931353 1116
1583933197 1117
1583934954 1118
1583937801 1119
1583940791 1120
1583941386 1121
1583945865 1122
1583947908 1123
1583949421 1124
1583949647 1125
1583951652 1126
1583952568 1127
1583953323 1128
1583954390 1129
1583954753 1130
1583957008 1131
1583958576 1132
1583961415 1133
1583961419 1134
1583961950 1135
1583963329 1136
1583963615 1137
1583964215 1138
1583965735 1139
1583968352 1140
1583969483 1141
1583969544 1142
1583970080 1143
1583971804 1144
1583973557 1145
1583974878 1146
1583976073 1147
1583980767 1148
1583980807 1149
1583988858 1150
1583989126 1151
1583992428 1152
1583998732 1153
1584000090 1154
1584000892 1155
1584001484 1156
1584003074 1157
1584003794 1158
1584007557 1159
1584007776 1160
1584008348 1161
1584009266 1162
1584009297 1163
1584009316 1164
1584009865 1165
1584011401 1166
1584012897 1167
1584013359 1168
1584013582 1169
1584014076 1170
1584017842 1171
1584019384 1172
1584020001 1173
1584021612 1174
1584022009 1175
1584022269 1176
1584024031 1177
1584025706 1178
1584025998 1179
1584029582 1180
1584030426 1181
1584030778 1182
1584033341 1183
1584033602 1184
1584035120 1185
1584036545 1186
1584039510 1187
1584039668 1188
1584040451 1189
1584041336 1190
1584042253 1191
1584042361 1192
1584042823 1193
1584043275 1194
1584043316 1195
1584043330 1196
1584043351 1197
1584043367 1198
1584043391 1199
1584043427 1200
1584043476 1201
1584043515 1202
1584043631 1203
1584043646 1204
1584043738 1205
1584043765 1206
1584043816 1207
1584044318 1208
1584044373 1209
1584044405 1210
1584044722 1211
1584044814 1212
1584044872 1213
1584045196 1214
1584045216 1215
1584045454 1216
1584045733 1217
1584047255 1218
1584047733 1219
1584047857 1220
1584047957 1221
1584048272 1222
1584048799 1223
1584048984 1224
1584049489 1225
1584049823 1226
1584050059 1227
1584050165 1228
1584050949 1229
1584051150 1230
1584051350 1231
1584052701 1232
1584052927 1233
1584053131 1234
1584054807 1235
1584055601 1236
1584055645 1237
1584056053 1238
1584057057 1239
1584057757 1240
1584058901 1241
1584059485 1242
1584059849 1243
1584060080 1244
1584071834 1245
1584075439 1246
1584079510 1247
1584079568 1248
1584080401 1249
1584081554 1250
1584082531 1251
1584083341 1252
1584087096 1253
1584088091 1254
1584088150 1255
1584090231 1256
1584091257 1257
1584092550 1258
1584093655 1259
1584094450 1260
1584095317 1261
1584096938 1262
1584098998 1263
1584100275 1264
1584101767 1265
1584102150 1266
1584102553 1267
1584104796 1268
1584105279 1269
1584106094 1270
1584106438 1271
1584106816 1272
1584107665 1273
1584109653 1274
1584110896 1275
1584111891 1276
1584114441 1277
1584114458 1278
1584114937 1279
1584118451 1280
1584119351 1281
1584120803 1282
1584122433 1283
1584122583 1284
1584125525 1285
1584125721 1286
1584125944 1287
1584126229 1288
1584127174 1289
1584127716 1290
1584128617 1291
1584129430 1292
1584131970 1293
1584132939 1294
1584133610 1295
1584135937 1296
1584136241 1297
1584136491 1298
1584136753 1299
1584137422 1300
1584137585 1301
1584137812 1302
1584137986 1303
1584138104 1304
1584139102 1305
1584140004 1306
1584141095 1307
1584145853 1308
1584147330 1309
1584149891 1310
1584166434 1311
1584176087 1312
1584177771 1313
1584179949 1314
1584181088 1315
1584181360 1316
1584181985 1317
1584183437 1318
1584184029 1319
1584184613 1320
1584186496 1321
1584186875 1322
1584187272 1323
1584189358 1324
1584189688 1325
1584190967 1326
1584192993 1327
1584193804 1328
1584194806 1329
1584196516 1330
1584196519 1331
1584196982 1332
1584197030 1333
1584198538 1334
1584201100 1335
1584201823 1336
1584202937 1337
1584203493 1338
1584207487 1339
1584209232 1340
1584209496 1341
1584209943 1342
1584212096 1343
1584213881 1344
1584214174 1345
1584214618 1346
1584215222 1347
1584215272 1348
1584215574 1349
1584215953 1350
1584216016 1351
1584216111 1352
1584217017 1353
1584217074 1354
1584217468 1355
1584217510 1356
1584217584 1357
1584217661 1358
1584217728 1359
1584217938 1360
1584218130 1361
1584218398 1362
1584218437 1363
1584218609 1364
1584218747 1365
1584218752 1366
1584218757 1367
1584218921 1368
1584218926 1369
1584219054 1370
1584219306 1371
1584219923 1372
1584220291 1373
1584220401 1374
1584220750 1375
1584220857 1376
1584220896 1377
1584221080 1378
1584221491 1379
1584221565 1380
1584221656 1381
1584221664 1382
1584221734 1383
1584222221 1384
1584222342 1385
1584222407 1386
1584223121 1387
1584223446 1388
1584223522 1389
1584223806 1390
1584224552 1391
1584224728 1392
1584225157 1393
1584225463 1394
1584225948 1395
1584226030 1396
1584226387 1397
1584226730 1398
1584227310 1399
1584228224 1400
1584228448 1401
1584228655 1402
1584228709 1403
1584228762 1404
1584230471 1405
1584230508 1406
1584230633 1407
1584231105 1408
1584231127 1409
1584231836 1410
1584232760 1411
1584233485 1412
1584233602 1413
1584234405 1414
1584235319 1415
1584235329 1416
1584235456 1417
1584235846 1418
1584236160 1419
1584237774 1420
1584252017 1421
1584254250 1422
1584256800 1423
1584258453 1424
1584259587 1425
1584259794 1426
1584259941 1427
1584261510 1428
1584261600 1429
1584261735 1430
1584263044 1431
1584263125 1432
1584263314 1433
1584263727 1434
1584265334 1435
1584266719 1436
1584267366 1437
1584268067 1438
1584268285 1439
1584268451 1440
1584268453 1441
1584269354 1442
1584271431 1443
1584271621 1444
1584271870 1445
1584271991 1446
1584272080 1447
1584272379 1448
1584272453 1449
1584273427 1450
1584273705 1451
1584273731 1452
1584273797 1453
1584273824 1454
1584274228 1455
1584275060 1456
1584275106 1457
1584275526 1458
1584276423 1459
1584277364 1460
1584279118 1461
1584280143 1462
1584280207 1463
1584280658 1464
1584281015 1465
1584282583 1466
1584282818 1467
1584283191 1468
1584284060 1469
1584284093 1470
1584285493 1471
1584286721 1472
1584287018 1473
1584287107 1474
1584287449 1475
1584287556 1476
1584288969 1477
1584289446 1478
1584290342 1479
1584291410 1480
1584291824 1481
1584292255 1482
1584292483 1483
1584292899 1484
1584292998 1485
1584293260 1486
1584293396 1487
1584293589 1488
1584293641 1489
1584293788 1490
1584294018 1491
1584294123 1492
1584294397 1493
1584294643 1494
1584294775 1495
1584295196 1496
1584295349 1497
1584295528 1498
1584295551 1499
1584296028 1500
1584296132 1501
1584297020 1502
1584297051 1503
1584297172 1504
1584298096 1505
1584298541 1506
1584299300 1507
1584299330 1508
1584299433 1509
1584300024 1510
1584300239 1511
1584301560 1512
1584301598 1513
1584302599 1514
1584303481 1515
1584303737 1516
1584304546 1518
1584304546 1518
1584304863 1519
1584304882 1520
1584305241 1521
1584305456 1522
1584305965 1523
1584306014 1524
1584306689 1525
1584307247 1526
1584307335 1527
1584307473 1528
1584308454 1529
1584309219 1530
1584310057 1531
1584310339 1532
1584310654 1533
1584310953 1534
1584311800 1535
1584311899 1536
1584311959 1537
1584312368 1538
1584312433 1539
1584312637 1540
1584313412 1541
1584313855 1542
1584314495 1543
1584314586 1544
1584315039 1545
1584318635 1546
1584320675 1547
1584322907 1548
1584322974 1549
1584324385 1550
1584325782 1551
1584328234 1552
1584328789 1553
1584329646 1554
1584335305 1555
1584339301 1556
1584341464 1557
1584342243 1558
1584342803 1559
1584344641 1560
1584344840 1561
1584345456 1562
1584346635 1563
1584346691 1564
1584346978 1565
1584347593 1566
1584347607 1567
1584347911 1568
1584348544 1569
1584348810 1570
1584349240 1571
1584349615 1572
1584351189 1573
1584351422 1574
1584352274 1575
1584352706 1576
1584352806 1577
1584353819 1578
1584354266 1579
1584354402 1580
1584355192 1581
1584355466 1582
1584355923 1583
1584356336 1584
1584356396 1585
1584356462 1586
1584356723 1587
1584356886 1588
1584357079 1589
1584357590 1590
1584357965 1591
1584358281 1592
1584358295 1593
1584358947 1594
1584359105 1595
1584359423 1596
1584359497 1597
1584359592 1598
1584359750 1599
1584360103 1600
1584360150 1601
1584360428 1602
1584361423 1603
1584362027 1604
1584362632 1605
1584362677 1606
1584362847 1607
1584362882 1608
1584363072 1609
1584363197 1610
1584363815 1611
1584364160 1612
1584364939 1613
1584365561 1614
1584365575 1615
1584366717 1616
1584368013 1617
1584368017 1618
1584368076 1619
1584369862 1620
1584369942 1621
1584370980 1622
1584371232 1623
1584371310 1624
1584372010 1625
1584372211 1626
1584372549 1627
1584373576 1628
1584373765 1629
1584373969 1630
1584373996 1631
1584374822 1632
1584375396 1633
1584375440 1634
1584376089 1635
1584376233 1636
1584376235 1637
1584376760 1638
1584377004 1639
1584377840 1640
1584377924 1641
1584378048 1642
1584378341 1643
1584378406 1644
1584379259 1645
1584379717 1646
1584379972 1647
1584379994 1648
1584380038 1649
1584382435 1650
1584382656 1651
1584382672 1652
1584383414 1653
1584383981 1654
1584384311 1655
1584384715 1656
1584384880 1657
1584385060 1658
1584385111 1659
1584385292 1660
1584385630 1661
1584385633 1662
1584386217 1663
1584386768 1664
1584386977 1665
1584387555 1666
1584388081 1667
1584388104 1668
1584388317 1669
1584388656 1670
1584388677 1671
1584389086 1672
1584389134 1673
1584389164 1674
1584389290 1675
1584389457 1676
1584389629 1677
1584389802 1678
1584389937 1679
1584391129 1680
1584391646 1681
1584391838 1682
1584392509 1683
1584392570 1684
1584392665 1685
1584393432 1686
1584393686 1687
1584394071 1688
1584394251 1689
1584394351 1690
1584395340 1691
1584395914 1692
1584396782 1693
1584396903 1694
1584397049 1695
1584397135 1696
1584397235 1697
1584397371 1698
1584398021 1699
1584398423 1700
1584398612 1701
1584398618 1702
1584398809 1703
1584399170 1704
1584399325 1705
1584400031 1706
1584400404 1707
1584400427 1708
1584400460 1709
1584400951 1710
1584401321 1711
1584402511 1712
1584402626 1713
1584402814 1714
1584403377 1715
1584403668 1716
1584404183 1717
1584404738 1718
1584404799 1719
1584411037 1720
1584411260 1721
1584425548 1722
1584425562 1723
1584428360 1724
1584430319 1725
1584430471 1726
1584431436 1727
1584431867 1728
1584433247 1729
1584433311 1730
1584434985 1731
1584435525 1732
1584436657 1733
1584436945 1734
1584436958 1735
1584438638 1736
1584439057 1737
1584441130 1738
1584441871 1739
1584442072 1740
1584443285 1741
1584443833 1742
1584443922 1743
1584444322 1744
1584444634 1745
1584445251 1746
1584445633 1747
1584446266 1748
1584446346 1749
1584447511 1750
1584447611 1751
1584447649 1752
1584447698 1753
1584448352 1754
1584448433 1755
1584448666 1756
1584449225 1757
1584450078 1758
1584451094 1759
1584451843 1760
1584453048 1761
1584453828 1762
1584454587 1763
1584456251 1764
1584456762 1765
1584456864 1766
1584457880 1767
1584459051 1768
1584459095 1769
1584459371 1770
1584459663 1771
1584460317 1772
1584460331 1773
1584461187 1774
1584462802 1775
1584462843 1776
1584463038 1777
1584463321 1778
1584463364 1779
1584463592 1780
1584464619 1781
1584465037 1782
1584465561 1783
1584465994 1784
1584466028 1785
1584466305 1786
1584466376 1787
1584466443 1788
1584470849 1789
1584472900 1790
1584473887 1791
1584474056 1792
1584474065 1793
1584474341 1794
1584477179 1795
1584478380 1796
1584482613 1797
1584482734 1798
1584483980 1799
1584485518 1800
1584485997 1801
1584489264 1802
1584489904 1803
1584490264 1804
1584490642 1805
1584491082 1806
1584491238 1807
1584491596 1808
1584516458 1809
1584518900 1810
1584519736 1811
1584521381 1812
1584522966 1813
1584523173 1814
1584523948 1815
1584524651 1816
1584525126 1817
1584525695 1818
1584526297 1819
1584527151 1820
1584528474 1821
1584530077 1822
1584530421 1823
1584531754 1824
1584531983 1825
1584532310 1826
1584532336 1827
1584534894 1828
1584535086 1829
1584535092 1830
1584535418 1831
1584538648 1832
1584539820 1833
1584540049 1834
1584540882 1835
1584541085 1836
1584543159 1837
1584543688 1838
1584543941 1839
1584544153 1840
1584544402 1841
1584544908 1842
1584547426 1843
1584548330 1844
1584548445 1845
1584548994 1846
1584552256 1847
1584553192 1848
1584554057 1849
1584554826 1850
1584555053 1851
1584555817 1852
1584557544 1853
1584558627 1854
1584558724 1855
1584559186 1856
1584559456 1857
1584559526 1858
1584560624 1859
1584561196 1860
1584562554 1861
1584562987 1862
1584563172 1863
1584563644 1864
1584563691 1865
1584565028 1866
1584565405 1867
1584566371 1868
1584567177 1869
1584568495 1870
1584570380 1871
1584571226 1872
1584578348 1873
1584578845 1874
1584579271 1875
1584603667 1876
1584604036 1877
1584604469 1878
1584607740 1879
1584612873 1880
1584614702 1881
1584616339 1882
1584618923 1883
1584619030 1884
1584620707 1885
1584620996 1886
1584622863 1887
1584625355 1888
1584630607 1889
1584631991 1890
1584632885 1891
1584633341 1892
1584633994 1893
1584636600 1894
1584636858 1895
1584637159 1896
1584639441 1897
1584640741 1898
1584641040 1899
1584644573 1900
1584645527 1901
1584649964 1902
1584653809 1903
1584656110 1904
1584656499 1905
1584658546 1906
1584660096 1907
1584670147 1908
1584677227 1909
1584687656 1910
1584690136 1911
1584692267 1912
1584693849 1913
1584694018 1914
1584694425 1915
1584696987 1916
1584698314 1917
1584698690 1918
1584699077 1919
1584700442 1920
1584702105 1921
1584702278 1922
1584703510 1923
1584703810 1924
1584704184 1925
1584704650 1926
1584705429 1927
1584706296 1928
1584707866 1929
1584710739 1930
1584712099 1931
1584716945 1932
1584718199 1933
1584720083 1934
1584720838 1935
1584721897 1936
1584722315 1937
1584722978 1938
1584723403 1939
1584723771 1940
1584723799 1941
1584724486 1942
1584725420 1943
1584727860 1944
1584727960 1945
1584732857 1946
1584734243 1947
1584734344 1948
1584734704 1949
1584735101 1950
1584736301 1951
1584736744 1952
1584737966 1953
1584737972 1954
1584738023 1955
1584740330 1956
1584740400 1957
1584740682 1958
1584743929 1959
1584745107 1960
1584746236 1961
1584747353 1962
1584749313 1963
1584749771 1964
1584755096 1965
1584756654 1966
1584756675 1967
1584757668 1968
1584771988 1969
1584776215 1970
1584776360 1971
1584785020 1972
1584786444 1973
1584790755 1974
1584793983 1975
1584794520 1976
1584796003 1977
1584800258 1978
1584800351 1979
1584800485 1980
1584808466 1981
1584810580 1982
1584816006 1983
1584816530 1984
1584816715 1985
1584820419 1986
1584820638 1987
1584822807 1988
1584823233 1989
1584826291 1990
1584826700 1991
1584827001 1992
1584829731 1993
1584829988 1994
1584831484 1995
1584833133 1996
1584833292 1997
1584833711 1998
1584835338 1999
1584836185 2000
1584842394 2001
1584844297 2002
1584848947 2003
1584859364 2004
1584864825 2005
1584864858 2006
1584867378 2007
1584869616 2008
1584870156 2009
1584870476 2010
1584874411 2011
1584876458 2012
1584878907 2013
1584882275 2014
1584883291 2015
1584885004 2016
1584885828 2017
1584887480 2018
1584892537 2019
1584892582 2020
1584894447 2021
1584898106 2022
1584901804 2023
1584902064 2024
1584906437 2025
1584907450 2026
1584907891 2027
1584911090 2028
1584911108 2029
1584912895 2030
1584914530 2031
1584916381 2032
1584916972 2033
1584918155 2034
1584919668 2035
1584920397 2036
1584922415 2037
1584922910 2038
1584927024 2039
1584942277 2040
1584947455 2041
1584947476 2042
1584962174 2043
1584963313 2044
1584965033 2045
1584965227 2046
1584969000 2047
1584969036 2048
1584971706 2049
1584972873 2050
1584974040 2051
1584974126 2052
1584976460 2053
1584976533 2054
1584976807 2055
1584977452 2056
1584978015 2057
1584979589 2058
1584980297 2059
1584980375 2060
1584980772 2061
1584981484 2062
1584982934 2063
1584984735 2064
1584985383 2065
1584987113 2066
1584987935 2067
1584990539 2068
1584994701 2069
1584995707 2070
1584997043 2071
1584999386 2072
1585000496 2073
1585000939 2074
1585002202 2075
1585003050 2076
1585030438 2077
1585038916 2078
1585042190 2079
1585043303 2080
1585044668 2081
1585044738 2082
1585049243 2083
1585062493 2084
1585065861 2085
1585069332 2086
1585070050 2087
1585073473 2088
1585076131 2089
1585082818 2090
1585087377 2091
1585119539 2092
1585123565 2093
1585123787 2094
1585126202 2095
1585126539 2096
1585132908 2097
1585139712 2098
1585150674 2099
1585151330 2100
1585151754 2101
1585156434 2102
1585156497 2103
1585156664 2104
1585157991 2105
1585159248 2106
1585160325 2107
1585163221 2108
1585164365 2109
1585168749 2110
1585169363 2111
1585169819 2112
1585178033 2113
1585180771 2114
1585184143 2115
1585184813 2116
1585191549 2117
1585217953 2118
1585218593 2119
1585219537 2120
1585228728 2121
1585229842 2122
1585238066 2123
1585240672 2124
1585243652 2125
1585251319 2127
1585251319 2127
1585261803 2128
1585261920 2129
1585262332 2130
1585263851 2131
1585268345 2132
1585288515 2133
1585301109 2134
1585304706 2135
1585305658 2136
1585310549 2137
1585311433 2138
1585311899 2139
1585314085 2140
1585316504 2141
1585319094 2142
1585319159 2143
1585322469 2144
1585327192 2145
1585328026 2146
1585328490 2147
1585333771 2148
1585346148 2149
1585350976 2150
1585353990 2151
1585356207 2152
1585356371 2153
1585360524 2154
1585361662 2155
1585369988 2156
1585382707 2157
1585386805 2158
1585387998 2159
1585388193 2160
1585389750 2161
1585392523 2162
1585392618 2163
1585394792 2164
1585394884 2165
1585396836 2166
1585398129 2167
1585398427 2168
1585400478 2169
1585404098 2170
1585404557 2171
1585412626 2172
1585414574 2173
1585417603 2174
1585419974 2175
1585420272 2176
1585420291 2177
1585421386 2178
1585423320 2179
1585424064 2180
1585430555 2181
1585430645 2182
1585443960 2183
1585445651 2184
1585472433 2185
1585476346 2186
1585479210 2187
1585479263 2188
1585479332 2189
1585483132 2190
1585487616 2191
1585490235 2192
1585490932 2193
1585493515 2194
1585498217 2195
1585499064 2196
1585500286 2197
1585509737 2198
1585514615 2199
1585516106 2200
1585519706 2201
1585524810 2202
1585527163 2203
1585555288 2204
1585556713 2205
1585559913 2206
1585565813 2207
1585570161 2208
1585573744 2209
1585589129 2210
1585596575 2211
1585597177 2212
1585602471 2213
1585602970 2214
1585612585 2215
1585630900 2216
1585648520 2217
1585655891 2218
1585656637 2219
1585657363 2220
1585658180 2221
1585663394 2222
1585663771 2223
1585669104 2224
1585671581 2225
1585673758 2226
1585683070 2227
1585734524 2228
1585747126 2229
1585753528 2230
1585754670 2231
1585771679 2232
1585779285 2233
1585782160 2234
1585784845 2235
1585788319 2236
1585819439 2237
