1580083200 231 9 222
1580688000 383 21 362
1581292800 438 28 410
1581897600 473 34 439
1582502400 501 39 462
1583107200 757 56 701
1583712000 1013 94 919
1584316800 1516 192 1324
1584921600 2005 392 1613
1585526400 2167 505 1662
1586131200 2240 580 1660
1586736000 2302 650 1652
1587340800 2366 708 1658
1587945600 2400 757 1643
1588550400 2424 799 1625
1589155200 2446 838 1608
1589760000 2460 863 1597
1590364800 2472 877 1595
1590969600 2483 897 1586
1591574400 2487 916 1571
1592179200 2488 923 1565
1592784000 2490 932 1558
1593388800 2498 942 1556
1593993600 2501 945 1556
1594598400 2505 953 1552
1595203200 2510 960 1550
1595808000 2517 970 1547
1596412800 2524 978 1546
1597017600 2532 989 1543
1597622400 2543 1001 1542
1598227200 2554 1009 1545
1598832000 2570 1026 1544
1599436800 2584 1036 1548
1600041600 2596 1055 1541
1600646400 2605 1064 1541
1601251200 2621 1080 1541
1601856000 2630 1092 1538
1602460800 2639 1102 1537
1603065600 2664 1132 1532
1603670400 2683 1153 1530
1604275200 2745 1250 1495
1604880000 2759 1284 1475
1605484800 2773 1309 1464
1606089600 2782 1325 1457
1606694400 2784 1336 1448
1607299200 2795 1350 1445
1607904000 2805 1363 1442
1608508800 2815 1382 1433
1609113600 2820 1395 1425
1609718400 2833 1409 1424
1610323200 2846 1430 1416
1610928000 2860 1451 1409
1611532800 2871 1467 1404
1612137600 2883 1500 1383
1612742400 2890 1523 1367
1613347200 2898 1540 1358
1613952000 2904 1550 1354
1614556800 2907 1559 1348
1615161600 2915 1580 1335
1615766400 2927 1591 1336
1616371200 2944 1627 1317
1616976000 2950 1653 1297
1617580800 2963 1712 1251
1618185600 2973 1752 1221
1618790400 2980 1775 1205
1619395200 2983 1797 1186
1620000000 2991 1823 1168
1620604800 3000 1862 1138
1621209600 3022 1901 1121
1621814400 3038 1945 1093
1622419200 3045 1969 1076
1623024000 3051 1994 1057
1623628800 3058 2025 1033
1624233600 3063 2050 1013
1624838400 3071 2081 990
1625443200 3080 2104 976
1626048000 3095 2150 945
1626652800 3160 2411 749
1627257600 3189 2593 596
1627862400 3206 2647 559
