1580083200 231 11 220
1580688000 384 23 361
1581292800 439 31 408
1581897600 474 38 436
1582502400 502 43 459
1583107200 758 61 697
1583712000 1018 102 916
1584316800 1526 210 1316
1584921600 2015 442 1573
1585526400 2178 576 1602
1586131200 2251 675 1576
1586736000 2314 762 1552
1587340800 2378 838 1540
1587945600 2412 899 1513
1588550400 2436 958 1478
1589155200 2458 1008 1450
1589760000 2472 1037 1435
1590364800 2484 1056 1428
1590969600 2496 1086 1410
1591574400 2500 1107 1393
1592179200 2501 1119 1382
1592784000 2503 1131 1372
1593388800 2511 1144 1367
1593993600 2514 1149 1365
1594598400 2518 1158 1360
1595203200 2523 1169 1354
1595808000 2530 1181 1349
1596412800 2537 1190 1347
1597017600 2545 1204 1341
1597622400 2556 1227 1329
1598227200 2567 1243 1324
1598832000 2583 1266 1317
1599436800 2597 1281 1316
1600041600 2609 1306 1303
1600646400 2618 1323 1295
1601251200 2634 1348 1286
1601856000 2643 1368 1275
1602460800 2652 1385 1267
1603065600 2677 1432 1245
1603670400 2696 1472 1224
1604275200 2758 1632 1126
1604880000 2772 1712 1060
1605484800 2786 1771 1015
1606089600 2795 1814 981
1606694400 2797 1850 947
1607299200 2808 1874 934
1607904000 2818 1917 901
1608508800 2828 1969 859
1609113600 2834 2020 814
1609718400 2847 2085 762
1610323200 2860 2193 667
1610928000 2874 2317 557
1611532800 2885 2334 551
