1579564800 24 0 17 17
1579651200 22 0 16 13
1579737600 134 0 38 27
1579824000 629 0 112 80
1579910400 673 2 145 67
1579996800 607 0 110 27
1580083200 962 1 140 34
1580169600 1221 4 147 30
1580256000 1187 4 154 23
1580342400 1136 3 158 22
1580428800 1145 2 141 18
1580515200 633 3 112 12
1580601600 510 0 100 13
1580688000 629 3 120 12
1580774400 616 2 112 7
1580860800 480 1 107 10
1580947200 348 1 108 3
1581033600 487 0 109 8
1581120000 540 1 118 15
1581206400 372 0 86 0
1581292800 545 0 121 7
1581379200 514 0 109 10
1581465600 430 2 106 4
1581552000 763 0 123 8
1581638400 221 0 75 2
1581724800 378 4 83 3
1581811200 285 2 70 1
1581897600 239 0 76 4
1581984000 262 0 77 1
1582070400 237 2 73 1
1582156800 241 1 78 1
1582243200 200 0 70 4
1582329600 374 1 96 7
1582416000 687 1 117 10
1582502400 1008 2 197 30
1582588800 1074 6 211 34
1582675200 1730 3 243 34
1582761600 1878 4 246 35
1582848000 2354 5 291 49
1582934400 1990 4 272 42
1583020800 1991 1 266 32
1583107200 2531 3 351 46
1583193600 2691 7 333 36
1583280000 2467 2 322 32
1583366400 3484 10 382 44
1583452800 3793 2 391 39
1583539200 2819 0 303 27
1583625600 3269 1 353 32
1583712000 3447 0 408 39
1583798400 3502 3 432 30
1583884800 3656 1 439 36
1583971200 6535 8 631 96
1584057600 5873 7 601 67
1584144000 6952 5 614 96
1584230400 9193 4 788 139
1584316800 10285 17 949 169
1584403200 7361 9 791 88
1584489600 6158 9 729 69
1584576000 5582 18 690 34
1584662400 5430 9 671 55
1584748800 5747 6 641 36
1584835200 5851 16 641 38
1584921600 6918 9 661 39
1585008000 5200 7 587 15
1585094400 4790 7 607 23
1585180800 3526 1 524 15
1585267200 4302 5 577 19
1585353600 4761 9 544 31
1585440000 5310 16 567 20
1585526400 4026 4 547 13
1585612800 3891 2 502 12
1585699200 3969 6 540 8
1585785600 3732 1 520 11
1585872000 3948 4 477 12
1585958400 3093 4 427 7
1586044800 3853 4 455 10
1586131200 4222 4 524 20
1586217600 4279 5 509 9
1586304000 3991 5 474 9
1586390400 3690 0 445 4
1586476800 2994 8 408 5
1586563200 2821 3 405 5
1586649600 2614 1 378 10
1586736000 4944 5 534 19
1586822400 3672 22 477 11
1586908800 3132 2 421 6
1586995200 3103 1 387 4
1587081600 2775 5 384 6
1587168000 2525 0 346 11
1587254400 3500 5 362 7
1587340800 2114 2 340 4
1587427200 2451 6 356 6
1587513600 2894 3 360 5
1587600000 2676 2 352 3
1587686400 2054 1 329 5
1587772800 1792 6 303 5
1587859200 2300 4 285 6
1587945600 2219 3 316 1
1588032000 3855 2 420 5
1588118400 2355 1 328 4
1588204800 2108 1 323 7
1588291200 1974 2 293 3
1588377600 1934 1 258 2
1588464000 2289 1 305 2
1588550400 2475 0 319 1
1588636800 1944 1 292 3
1588723200 2010 1 287 4
1588809600 2866 5 342 3
1588896000 1744 4 261 3
1588982400 1969 1 271 4
1589068800 2685 1 311 4
1589155200 2618 1 359 6
1589241600 1665 4 264 5
1589328000 1679 0 227 0
1589414400 1362 4 225 1
1589500800 1205 1 212 0
1589587200 778 0 168 0
1589673600 789 0 182 2
1589760000 1207 2 189 3
1589846400 963 1 179 1
1589932800 905 0 178 1
1590019200 1119 0 164 2
1590105600 868 0 191 1
1590192000 756 1 185 0
1590278400 683 0 160 4
1590364800 1078 3 184 2
1590451200 1133 1 175 2
1590537600 1018 0 156 0
1590624000 1911 1 228 4
1590710400 1173 0 183 2
1590796800 561 0 126 1
1590883200 921 0 111 0
1590969600 500 0 121 2
1591056000 1072 0 143 0
1591142400 1070 0 148 0
1591228800 760 2 157 2
1591315200 1007 1 154 0
1591401600 572 0 115 0
1591488000 398 0 107 0
1591574400 510 0 114 0
1591660800 406 0 108 0
1591747200 387 0 108 0
1591833600 376 0 90 0
1591920000 369 0 105 1
1592006400 337 0 105 0
1592092800 645 0 152 0
1592179200 434 0 114 0
1592265600 488 0 129 1
1592352000 406 0 106 0
1592438400 352 1 106 1
1592524800 499 1 111 0
1592611200 390 0 90 0
1592697600 393 0 118 0
1592784000 560 0 136 1
1592870400 392 0 117 1
1592956800 996 0 151 3
1593043200 608 0 144 2
1593129600 503 0 114 1
1593216000 406 0 94 0
1593302400 250 0 83 0
1593388800 271 0 88 2
1593475200 369 0 85 0
1593561600 298 2 96 1
1593648000 306 0 100 0
1593734400 157 0 75 0
1593820800 260 0 84 0
1593907200 296 0 80 0
1593993600 257 0 95 1
1594080000 511 0 114 1
1594166400 497 0 121 0
1594252800 683 0 126 2
1594339200 443 2 111 0
1594425600 284 1 96 0
1594512000 561 0 119 0
1594598400 473 1 116 1
1594684800 755 2 137 1
1594771200 815 2 137 1
1594857600 678 0 129 0
1594944000 822 0 148 0
1595030400 401 0 103 1
1595116800 678 0 124 1
1595203200 954 0 157 1
1595289600 562 1 133 0
1595376000 492 0 128 0
1595462400 525 1 132 2
1595548800 411 0 120 1
1595635200 473 0 112 3
1595721600 463 0 110 0
1595808000 543 0 147 3
1595894400 761 0 133 1
1595980800 639 1 134 0
1596067200 572 0 125 3
1596153600 678 0 140 0
1596240000 471 0 96 0
1596326400 584 0 128 0
1596412800 995 2 152 1
1596499200 880 1 152 1
1596585600 529 0 135 1
1596672000 726 2 127 2
1596758400 484 0 122 0
1596844800 536 1 119 1
1596931200 680 0 132 2
1597017600 905 2 153 2
1597104000 872 1 149 3
1597190400 697 0 147 1
1597276800 828 0 144 0
1597363200 837 1 141 1
1597449600 565 2 138 2
1597536000 723 0 136 2
1597622400 996 1 153 3
1597708800 967 1 170 0
1597795200 1055 0 174 2
1597881600 965 0 158 1
1597968000 1012 0 151 1
1598054400 573 4 139 2
1598140800 566 0 120 2
1598227200 599 2 134 2
1598313600 619 0 134 2
1598400000 796 0 132 0
1598486400 1509 0 187 4
1598572800 1389 0 192 3
1598659200 787 0 155 0
1598745600 657 0 153 5
1598832000 957 0 156 2
1598918400 1070 0 188 6
1599004800 776 1 140 2
1599091200 527 0 138 1
1599177600 794 1 152 1
1599264000 574 1 124 0
1599350400 575 0 110 2
1599436800 1106 1 171 0
1599523200 1137 1 176 3
1599609600 1334 1 185 2
1599696000 1540 1 207 3
1599782400 1986 0 229 3
1599868800 833 1 158 1
1599955200 714 1 140 0
1600041600 1674 1 203 4
1600128000 1257 0 185 1
1600214400 1327 0 180 0
1600300800 1239 0 168 0
1600387200 1074 2 173 2
1600473600 662 0 135 2
1600560000 681 4 136 0
1600646400 1004 2 176 1
1600732800 746 0 158 1
1600819200 2181 0 224 3
1600905600 2426 0 253 2
1600992000 1546 0 225 3
1601078400 558 0 141 5
1601164800 870 1 179 1
1601251200 1241 1 195 4
1601337600 935 0 175 0
1601424000 870 1 174 2
1601510400 1381 0 183 1
1601596800 778 0 168 1
1601683200 545 2 137 0
1601769600 558 0 121 1
1601856000 1305 0 182 4
1601942400 1248 0 168 1
1602028800 1018 0 149 1
1602115200 1002 1 165 1
1602201600 1157 2 177 0
1602288000 673 0 134 0
1602374400 862 1 168 2
1602460800 1516 0 200 2
1602547200 1964 1 225 4
1602633600 3264 1 322 6
1602720000 2931 5 280 4
1602806400 1657 0 214 3
1602892800 810 0 158 3
1602979200 857 0 166 3
1603065600 962 0 166 1
1603152000 1222 1 203 5
1603238400 1444 1 200 2
1603324800 2009 0 277 1
1603411200 1846 0 230 5
1603497600 1636 1 209 0
1603584000 1804 1 254 5
1603670400 2767 1 294 6
1603756800 4043 4 398 11
1603843200 6509 2 567 17
1603929600 4131 1 462 11
1604016000 3098 1 379 5
1604102400 2105 2 305 8
1604188800 2256 0 298 3
1604275200 2211 2 335 6
1604361600 1774 2 271 1
1604448000 1047 2 205 1
1604534400 1306 1 230 3
1604620800 1330 0 214 1
1604707200 941 0 191 1
1604793600 1391 2 215 1
1604880000 1771 0 253 0
1604966400 1416 0 231 1
1605052800 1478 1 235 3
1605139200 1654 0 255 3
1605225600 1582 1 228 2
1605312000 1047 0 189 4
1605398400 1395 0 180 1
1605484800 1218 0 227 2
1605571200 1342 3 199 1
1605657600 1169 1 193 3
1605744000 1014 1 175 2
1605830400 752 2 173 0
1605916800 511 2 135 1
1606003200 777 0 143 0
1606089600 829 2 172 0
1606176000 1405 0 245 0
1606262400 1086 2 179 1
1606348800 693 0 155 0
1606435200 733 0 126 1
1606521600 724 0 131 0
1606608000 594 1 122 0
1606694400 809 0 141 4
1606780800 901 1 138 1
1606867200 910 0 163 1
1606953600 814 0 149 2
1607040000 1371 1 174 2
1607126400 873 0 132 1
1607212800 746 0 144 0
1607299200 1911 0 207 2
1607385600 1265 1 182 3
1607472000 954 1 167 0
1607558400 1503 7 211 2
1607644800 1040 0 177 2
1607731200 434 0 125 0
1607817600 845 0 142 1
1607904000 905 2 173 2
1607990400 973 0 168 2
1608076800 1041 3 157 1
1608163200 1533 2 206 1
1608249600 886 1 153 1
1608336000 955 3 148 0
1608422400 1307 5 191 3
1608508800 1045 0 189 1
1608595200 1564 5 204 0
1608681600 870 0 173 0
1608768000 633 0 143 2
1608854400 605 0 130 1
1608940800 1233 5 158 0
1609027200 1125 1 168 1
1609113600 1463 2 190 1
1609200000 1800 0 217 1
1609286400 2136 1 227 0
1609372800 1474 2 207 2
1609459200 1243 2 197 2
1609545600 1261 2 218 6
1609632000 1372 1 224 1
1609718400 1765 0 230 4
1609804800 1870 1 252 2
1609891200 1356 3 231 2
1609977600 1444 0 213 2
1610064000 1336 3 208 0
1610150400 990 0 173 1
1610236800 932 0 178 2
1610323200 1483 4 238 1
1610409600 1377 2 226 4
1610496000 1794 0 230 4
1610582400 2260 0 291 1
1610668800 1698 0 247 2
1610755200 1159 1 193 2
1610841600 1230 2 219 0
1610928000 1623 0 238 0
1611014400 1326 1 213 0
1611100800 1407 0 227 3
1611187200 1688 3 229 2
1611273600 1838 1 263 2
1611360000 1147 3 197 1
1611446400 2078 2 247 3
1611532800 2143 1 286 2
1611619200 1798 0 255 1
1611705600 2020 1 261 0
1611792000 2241 6 287 2
1611878400 2861 0 306 2
1611964800 1406 0 222 2
1612051200 1525 1 222 3
1612137600 1317 0 255 2
1612224000 1767 4 233 0
1612310400 920 1 204 0
1612396800 1765 0 228 3
1612483200 1053 1 181 1
1612569600 761 0 148 0
1612656000 897 0 161 1
1612742400 1145 2 192 3
1612828800 1028 0 194 2
1612915200 1103 2 183 0
1613001600 1047 0 183 1
1613088000 982 2 189 2
1613174400 959 0 157 0
1613260800 702 1 148 0
1613347200 921 1 171 0
1613433600 990 0 182 2
1613520000 956 0 167 1
1613606400 687 0 151 1
1613692800 1370 0 176 0
1613779200 686 1 135 1
1613865600 677 2 134 1
1613952000 1495 1 194 1
1614038400 1213 1 177 0
1614124800 1296 0 184 0
1614211200 1715 2 216 1
1614297600 1388 0 183 1
1614384000 807 0 154 0
1614470400 1161 1 148 0
1614556800 1147 2 187 1
1614643200 1416 1 191 0
1614729600 1298 0 197 2
1614816000 1551 3 222 2
1614902400 1264 1 172 2
1614988800 891 1 160 1
1615075200 834 0 146 0
1615161600 949 1 176 1
1615248000 956 2 173 0
1615334400 986 2 185 4
1615420800 1283 0 197 4
1615507200 1369 2 197 1
1615593600 967 0 156 2
1615680000 1009 0 166 0
1615766400 2033 0 255 0
1615852800 2004 1 267 4
1615939200 2027 0 255 4
1616025600 3754 1 375 3
1616112000 2099 2 270 1
1616198400 1641 2 229 2
1616284800 1216 0 210 3
1616371200 1547 2 216 0
1616457600 1525 1 231 2
1616544000 1841 0 250 0
1616630400 1835 1 241 2
1616716800 1586 4 221 1
1616803200 1400 0 207 0
1616889600 1418 1 221 1
1616976000 1341 0 235 1
1617062400 1858 1 291 3
1617148800 4152 0 429 3
1617235200 1712 0 285 2
1617321600 1756 0 247 2
1617408000 948 1 180 0
1617494400 966 0 181 2
1617580800 1238 0 191 0
1617667200 1527 0 219 3
1617753600 1420 0 220 1
1617840000 1022 0 198 3
1617926400 1204 0 200 1
1618012800 917 0 159 1
1618099200 1076 3 166 1
1618185600 1016 0 183 1
1618272000 1450 0 185 0
1618358400 1399 1 189 1
1618444800 1129 0 197 3
1618531200 1065 1 188 1
1618617600 878 0 158 0
1618704000 607 0 140 1
1618790400 910 0 179 0
1618876800 779 0 150 0
1618963200 1270 0 186 0
1619049600 1105 0 192 1
1619136000 797 0 148 1
1619222400 590 0 125 0
1619308800 966 0 161 1
1619395200 1138 0 180 0
1619481600 1476 4 175 1
1619568000 1064 0 188 3
1619654400 1335 0 219 0
1619740800 1328 1 208 0
1619827200 793 2 150 1
1619913600 859 2 166 3
1620000000 1282 1 205 3
1620086400 1548 1 242 1
1620172800 1259 5 200 2
1620259200 1488 1 214 3
1620345600 581 0 154 0
1620432000 628 1 144 0
1620518400 418 0 114 0
1620604800 648 0 176 1
1620691200 1161 1 210 3
1620777600 1584 0 196 3
1620864000 843 0 165 2
1620950400 839 0 169 5
1621036800 952 0 172 5
1621123200 937 1 155 3
1621209600 1019 0 192 2
1621296000 901 0 184 7
1621382400 1558 0 207 4
1621468800 790 0 171 2
1621555200 727 0 162 0
1621641600 569 0 120 0
1621728000 527 0 124 1
1621814400 819 1 143 1
1621900800 798 0 160 1
1621987200 1076 1 159 1
1622073600 658 1 137 2
1622160000 526 0 126 0
1622246400 313 0 99 1
1622332800 320 0 96 1
1622419200 539 0 139 0
1622505600 493 0 143 2
1622592000 530 1 139 0
1622678400 451 0 119 2
1622764800 496 0 123 0
1622851200 281 0 91 1
1622937600 324 0 112 1
1623024000 482 0 119 0
1623110400 581 1 128 2
1623196800 520 0 129 2
1623283200 706 2 132 1
1623369600 517 1 115 1
1623456000 405 2 92 0
1623542400 467 0 105 1
1623628800 569 0 137 1
1623715200 537 0 134 2
1623801600 1182 0 166 0
1623888000 598 0 132 0
1623974400 624 2 128 1
1624060800 288 0 93 1
1624147200 303 1 92 0
1624233600 412 0 111 2
1624320000 444 0 117 1
1624406400 568 0 138 2
1624492800 556 0 128 0
1624579200 524 0 129 1
1624665600 368 0 119 2
1624752000 414 0 120 0
1624838400 946 1 139 1
1624924800 1009 1 146 0
1625011200 873 5 159 1
1625097600 839 2 142 3
1625184000 892 0 164 1
1625270400 728 1 132 1
1625356800 682 0 130 2
1625443200 1423 3 197 1
1625529600 1179 1 184 0
1625616000 1159 2 195 2
1625702400 1278 0 184 4
1625788800 1194 0 194 4
1625875200 836 2 173 3
1625961600 977 0 180 1
1626048000 3373 3 365 15
1626134400 4271 6 423 16
1626220800 2497 6 299 8
1626307200 2169 1 288 5
1626393600 1903 0 266 7
1626480000 1633 0 256 8
1626566400 2214 1 263 6
1626652800 2360 4 280 2
1626739200 1897 3 275 6
1626825600 2281 0 307 6
1626912000 2329 0 291 5
1626998400 1878 4 251 5
1627084800 2071 1 271 5
1627171200 2112 1 246 0
1627257600 1663 3 264 3
1627344000 1902 4 261 3
1627430400 1589 1 251 3
1627516800 2013 2 253 1
1627603200 1589 2 234 0
1627689600 1128 1 196 2
1627776000 1062 1 191 5
1627862400 1295 1 215 3
1627948800 1416 8 235 6
1628035200 1819 2 258 2
1628121600 1661 2 247 0
1628208000 1625 4 246 4
1628294400 1382 0 235 2
1628380800 1123 7 224 2
1628467200 1735 4 242 3
1628553600 1644 4 221 1
1628640000 1359 0 218 2
1628726400 1612 0 230 3
1628812800 1536 3 239 5
1628899200 893 0 174 2
1628985600 771 2 164 1
1629072000 898 0 186 2
1629158400 1373 3 208 0
1629244800 1355 2 222 3
1629331200 1160 0 190 0
1629417600 896 0 185 3
1629504000 1155 1 197 3
1629590400 942 0 177 0
1629676800 1287 2 191 0
1629763200 1521 3 208 3
1629849600 1380 1 195 3
1629936000 908 6 170 3
1630022400 656 0 163 1
1630108800 541 1 143 0
1630195200 774 0 165 2
1630281600 963 3 203 3
