1579478400 2089 2 231 231
1580083200 6794 17 319 153
1580688000 3472 8 261 55
1581292800 3136 8 231 35
1581897600 2240 5 218 28
1582502400 12025 25 579 256
1583107200 21062 25 765 258
1583712000 39210 28 1260 506
1584316800 46440 84 1563 489
1584921600 34813 54 1252 162
1585526400 26522 25 1094 73
1586131200 24642 26 988 62
1586736000 23664 40 962 64
1587340800 16281 24 765 34
1587945600 16749 11 753 24
1588550400 15726 13 702 22
1589155200 10109 10 609 14
1589760000 6508 4 469 12
1590364800 7797 5 453 11
1590969600 5379 3 355 4
1591574400 3030 0 308 1
1592179200 2962 2 297 2
1592784000 3715 0 336 8
1593388800 1957 2 246 3
1593993600 3236 3 309 4
1594598400 4622 5 358 5
1595203200 3880 2 351 7
1595808000 4248 1 324 7
1596412800 4830 6 339 8
1597017600 5428 6 368 11
1597622400 6134 6 374 11
1598227200 6356 2 408 16
1598832000 5273 3 379 14
1599436800 8650 6 437 12
1600041600 7914 7 399 9
1600646400 9331 3 480 16
1601251200 6308 4 418 9
1601856000 7265 4 418 9
1602460800 12999 7 559 25
1603065600 10923 4 543 19
1603670400 24917 11 880 62
1604275200 10040 9 601 14
1604880000 10352 2 551 14
1605484800 6783 9 438 9
1606089600 6064 5 423 2
1606694400 6424 2 371 11
1607299200 7952 9 429 10
1607904000 7600 16 431 10
1608508800 7075 11 427 5
1609113600 10754 10 476 13
1609718400 9694 7 495 13
1610323200 11002 9 543 14
1610928000 11114 10 517 11
1611532800 14002 9 591 12
1612137600 8498 6 479 7
1612742400 6978 7 420 8
1613347200 6307 4 385 6
1613952000 9102 5 423 3
1614556800 8402 8 432 8
1615161600 7520 7 412 12
1615766400 14774 6 617 17
1616371200 11152 9 517 6
1616976000 12733 2 633 14
1617580800 8405 3 474 11
1618185600 7544 2 427 7
1618790400 6417 0 396 3
1619395200 7993 9 450 8
1620000000 7204 9 455 9
1620604800 6964 2 425 22
1621209600 6091 0 417 16
