1579915723 1
1579949171 2
1580151923 3
1580215588 4
1580250808 5
1580250871 6
1580251551 7
1580304758 8
1580306587 9
1580308428 10
1580324572 11
1580384309 12
1580413447 13
1580425463 14
1580480238 15
1580514909 16
1580570705 17
1580570776 18
1580578153 19
1580759639 20
1580766087 21
1580768049 22
1580820779 23
1580828989 24
1580895935 25
1580983300 26
1581161884 27
1581508173 28
1581549446 29
1581727211 30
1581728054 31
1581779181 32
1581788453 33
1581890443 34
1581891249 35
1582148714 36
1582152452 37
1582229741 38
1582372646 39
1582485764 40
1582561762 41
1582565290 42
1582631603 43
1582631777 44
1582643882 45
1582644140 46
1582649939 47
1582657340 48
1582719076 49
1582742286 50
1582742455 51
1582805637 52
1582807235 53
1582826168 54
1582846603 55
1582887892 56
1582891997 57
1582910630 58
1582910967 59
1582926322 60
1582975997 61
1582976228 62
1582987251 63
1583008530 64
1583025098 65
1583156276 66
1583157155 67
1583157573 68
1583221526 69
1583237542 70
1583238462 71
1583242873 72
1583246840 73
1583269947 74
1583273618 75
1583334830 76
1583362255 77
1583408513 78
1583409029 79
1583409376 80
1583409605 81
1583412741 82
1583413863 83
1583417961 84
1583418227 85
1583422814 86
1583427821 87
1583504683 88
1583504789 89
1583687544 90
1583850640 91
1583851081 92
1583855114 93
1583967296 94
1584008106 95
1584017906 96
1584018165 97
1584018450 98
1584018677 99
1584019029 100
1584023560 101
1584051850 102
1584093811 103
1584098560 104
1584106852 105
1584106880 106
1584107695 107
1584109080 108
1584120014 109
1584185337 110
1584188357 111
1584195671 112
1584224143 113
1584226340 114
1584273152 115
1584281253 116
1584294360 117
1584295341 118
1584321968 119
1584323799 120
1584335884 121
1584346006 122
1584349216 123
1584349252 124
1584350581 125
1584350754 126
1584362513 127
1584362949 128
1584370701 129
1584372434 130
1584372541 131
1584387371 132
1584387687 133
1584389506 134
1584401456 135
1584403554 136
1584441735 137
1584441915 138
1584451737 139
1584454430 140
1584454612 141
1584456902 142
1584457226 143
1584480477 144
1584493506 145
1584531074 146
1584531220 147
1584559661 148
1584561157 149
1584563342 150
1584563624 151
1584564003 152
1584566702 153
1584579169 154
1584617905 155
1584626389 156
1584627978 157
1584628271 158
1584628410 159
1584628692 160
1584636731 161
1584636890 162
1584643166 163
1584644676 164
1584654905 165
1584655567 166
1584655654 167
1584655828 168
1584655915 169
1584657347 170
1584658376 171
1584664314 172
1584701880 173
1584702508 174
1584723711 175
1584732191 176
1584738057 177
1584746691 178
1584746815 179
1584747152 180
1584812699 181
1584813306 182
1584825211 183
1584825373 184
1584826388 185
1584826674 186
1584835739 187
1584838444 188
1584838583 189
1584838716 190
1584838822 191
1584883642 192
1584883777 193
1584889070 194
1584899548 195
1584900051 196
1584900213 197
1584900310 198
1584903851 199
1584908318 200
1584908612 201
1584919400 202
1584922647 203
1584954149 204
1584954667 205
1584955142 206
1584955625 207
1584971582 208
1584973082 209
1584973325 210
1584973877 211
1585011352 212
1585044525 213
1585044808 214
1585044901 215
1585073328 216
1585073806 217
1585084120 218
1585094441 219
1585094953 220
1585095967 221
1585123225 222
1585138920 223
1585171324 224
1585171789 225
1585230778 226
1585309483 227
1585321971 228
1585336515 229
1585342624 230
1585347484 231
1585353676 232
1585396999 233
1585397055 234
1585397106 235
1585397155 236
1585397531 237
1585420661 238
1585425755 239
1585427571 240
1585451213 241
1585485584 242
1585493787 243
1585493950 244
1585494169 245
1585494345 246
1585494733 247
1585494936 248
1585495128 249
1585496287 250
1585496651 251
1585505031 252
1585505075 253
1585505164 254
1585505511 255
1585522952 256
1585561657 257
1585601767 258
1585608503 259
1585608658 260
1585615053 261
1585674724 262
1585740234 263
1585740350 264
1585740535 265
1585740879 266
1585747634 267
1585747866 268
1585836746 269
1585902445 270
1585902604 271
1585907866 272
1585948813 273
1585959439 274
1585965324 275
1586007818 276
1586033970 277
1586049083 278
1586049407 279
1586107945 280
1586121412 281
1586132613 282
1586133514 283
1586139203 284
1586215191 285
1586220770 286
1586221507 287
1586267818 288
1586270281 289
1586283045 290
1586308069 291
1586308586 292
1586341462 293
1586341675 294
1586355926 295
1586477600 296
1586478412 297
1586532177 298
1586532283 299
1586532426 300
1586532582 301
1586533028 302
1586553872 303
1586621783 304
1586626207 305
1586629623 306
1586696456 307
1586776243 308
1586776362 309
1586805943 310
1586806565 311
1586820458 312
1586855840 313
1586855969 314
1586856139 315
1586856211 316
1586864725 317
1586864802 318
1586865065 319
1586865666 320
1586866274 321
1586866420 322
1586867085 323
1586867200 324
1586867455 325
1586867552 326
1586867769 327
1586870255 328
1586871298 329
1586872691 330
1586872945 331
1586875118 332
1586884075 333
1586900969 334
1586942010 335
1586969359 336
1587077303 337
1587082679 338
1587112230 339
1587112333 340
1587112822 341
1587160473 342
1587256422 343
1587323635 344
1587324246 345
1587325254 346
1587325360 347
1587401118 348
1587425316 349
1587456990 350
1587470203 351
1587476875 352
1587477032 353
1587480149 354
1587512572 355
1587596657 356
1587597101 357
1587598736 358
1587600922 359
1587670869 360
1587722540 361
1587779017 362
1587826007 363
1587826461 364
1587839385 365
1587844162 366
1587853531 367
1587864822 368
1587908960 369
1587934273 370
1587938059 371
1587954614 372
1587955370 373
1588019745 374
1588038544 375
1588112108 376
1588175343 377
1588237053 378
1588357869 379
1588374817 380
1588438004 381
1588467375 382
1588716879 383
1588785461 384
1588873355 385
1588873612 386
1588874027 387
1588874108 388
1588876906 389
1588971642 390
1588973028 391
1588973111 392
1588974357 393
1589061569 394
1589069263 395
1589218023 396
1589289300 397
1589289389 398
1589290536 399
1589315886 400
1589415029 401
1589450936 402
1589452939 403
1589453080 404
1589563099 405
1589813564 406
1589821451 407
1589885920 408
1590253038 409
1590366733 410
1590367052 411
1590422515 412
1590491793 413
1590692456 414
1591263191 415
1591281236 416
1591386995 417
1592514143 418
1592525849 419
1593610155 420
1593616748 421
1594387815 422
1594424836 423
1594501760 424
1594617262 425
1594688189 426
1594735789 427
1594827367 428
1594853109 429
1595332483 430
1595519709 431
1596022451 432
1596412961 433
1596481635 434
1596549745 435
1596707327 436
1596734869 437
1596909525 438
1597064286 439
1597064396 440
1597134199 441
1597449521 442
1597451430 443
1597516817 444
1597704225 445
1597775323 446
1598089418 447
1598122096 448
1598126257 449
1598127388 450
1598306170 451
1598307004 452
1599087449 453
1599259329 454
1599266847 455
1599479959 456
1599575886 457
1599688652 458
1599754545 459
1599955101 460
1599956061 461
1600111414 462
1600423272 463
1600423427 464
1600560927 465
1600566826 466
1600616148 467
1600642242 468
1600696136 469
1600705114 470
1601238850 471
1601311425 472
1601498738 473
1601699400 474
1601730071 475
1602117802 476
1602202232 477
1602258619 478
1602444921 479
1602587553 480
1602710579 481
1602765898 482
1602766006 483
1602788966 484
1602789108 485
1602789172 486
1603232217 487
1603311457 488
1603559585 489
1603658912 490
1603726510 491
1603763680 492
1603809165 493
1603809193 494
1603842691 495
1603848878 496
1603884449 497
1603997977 498
1604076904 499
1604104561 500
1604156650 501
1604278623 502
1604280260 503
1604424625 504
1604445956 505
1604477895 506
1604484396 507
1604614086 508
1604860974 509
1604861167 510
1605109133 511
1605309640 512
1605647841 513
1605655006 514
1605656030 515
1605706161 516
1605779118 517
1605875468 518
1605875530 519
1605991296 520
1605991456 521
1606134680 522
1606152756 523
1606316093 524
1606322788 525
1606640161 526
1606862611 527
1607089739 528
1607431538 529
1607535334 530
1607560561 531
1607561868 532
1607606612 533
1607606916 534
1607606918 535
1607613789 536
1607614243 537
1607953869 538
1607964072 539
1608122535 540
1608156123 541
1608161302 542
1608206477 543
1608220646 544
1608292211 545
1608342485 546
1608342874 547
1608387330 548
1608466714 549
1608466860 550
1608480874 551
1608495305 552
1608498444 553
1608632792 554
1608633615 555
1608654554 556
1608674448 557
1608675789 558
1608943565 559
1609007482 560
1609023105 561
1609025277 562
1609026838 563
1609112029 564
1609193810 565
1609194477 566
1609366102 567
1609431174 568
1609442725 569
1609508887 570
1609532860 571
1609613086 572
1609616677 573
1609634094 574
1609853043 575
1609931306 576
1609952685 577
1609952748 578
1610126928 579
1610127773 580
1610147359 581
1610352985 582
1610353056 583
1610353159 584
1610353249 585
1610491450 586
1610491646 587
1610823949 588
1610900552 589
1610921238 590
1611098322 591
1611235119 592
1611235226 593
1611250168 594
1611321827 595
1611362835 596
1611364382 597
1611364812 598
1611522653 599
1611522656 600
1611617077 601
