1579915723 1
1579949171 2
1580151923 3
1580215588 4
1580250808 5
1580250871 6
1580251551 7
1580304758 8
1580306587 9
1580308428 10
1580324572 11
1580384309 12
1580413447 13
1580425463 14
1580480238 15
1580514909 16
1580570705 17
1580570776 18
1580578153 19
1580759639 20
1580766087 21
1580768049 22
1580820779 23
1580828989 24
1580895935 25
1580983300 26
1581161884 27
1581508173 28
1581549446 29
1581727211 30
1581728054 31
1581779181 32
1581788453 33
1581890443 34
1581891249 35
1582148714 36
1582152452 37
1582229741 38
1582372646 39
1582485764 40
1582561762 41
1582565290 42
1582631603 43
1582631777 44
1582643882 45
1582644140 46
1582649939 47
1582657340 48
1582719076 49
1582742286 50
1582742455 51
1582805637 52
1582807235 53
1582826168 54
1582846603 55
1582887892 56
1582891997 57
1582910630 58
1582910967 59
1582926322 60
1582975997 61
1582976228 62
1582987251 63
1583008530 64
1583025098 65
1583156276 66
1583157155 67
1583157573 68
1583221526 69
1583237542 70
1583238462 71
1583242873 72
1583246840 73
1583269947 74
1583273618 75
1583334830 76
1583362255 77
1583408513 78
1583409029 79
1583409376 80
1583409605 81
1583412741 82
1583413863 83
1583417961 84
1583418227 85
1583422814 86
1583427821 87
1583504683 88
1583504789 89
1583687544 90
1583850640 91
1583851081 92
1583855114 93
1583967296 94
1584008106 95
1584017906 96
1584018165 97
1584018450 98
1584018677 99
1584019029 100
1584023560 101
1584051850 102
1584093811 103
1584098560 104
1584106852 105
1584106880 106
1584107695 107
1584109080 108
1584120014 109
1584185337 110
1584188357 111
1584195671 112
1584224143 113
1584226340 114
1584273152 115
1584281253 116
1584294360 117
1584295341 118
1584321968 119
1584323799 120
1584335884 121
1584346006 122
1584349216 123
1584349252 124
1584350581 125
1584350754 126
1584362513 127
1584362949 128
1584370701 129
1584372434 130
1584372541 131
1584387371 132
1584387687 133
1584389506 134
1584401456 135
1584403554 136
1584441735 137
1584441915 138
1584451737 139
1584454430 140
1584454612 141
1584456902 142
1584457226 143
1584480477 144
1584493506 145
1584531074 146
1584531220 147
1584559661 148
1584561157 149
1584563342 150
1584563624 151
1584564003 152
1584566702 153
1584579169 154
1584617905 155
1584626389 156
1584627978 157
1584628271 158
1584628410 159
1584628692 160
1584636731 161
1584636890 162
1584643166 163
1584644676 164
1584654905 165
1584655567 166
1584655654 167
1584655828 168
1584655915 169
1584657347 170
1584658376 171
1584664314 172
1584701880 173
1584702508 174
1584723711 175
1584732191 176
1584738057 177
1584746691 178
1584746815 179
1584747152 180
1584812699 181
1584813306 182
1584825211 183
1584825373 184
1584826388 185
1584826674 186
1584835739 187
1584838444 188
1584838583 189
1584838716 190
1584838822 191
1584883642 192
1584883777 193
1584889070 194
1584899548 195
1584900051 196
1584900213 197
1584900310 198
1584903851 199
1584908318 200
1584908612 201
1584919400 202
1584922647 203
1584954149 204
1584954667 205
1584955142 206
1584955625 207
1584971582 208
1584973082 209
1584973325 210
1584973877 211
1585011352 212
1585044525 213
1585044808 214
1585044901 215
1585073328 216
1585073806 217
1585084120 218
1585094441 219
1585094953 220
1585095967 221
1585123225 222
1585138920 223
1585171324 224
1585171789 225
1585230778 226
1585309483 227
1585321971 228
1585336515 229
1585342624 230
1585347484 231
1585353676 232
1585396999 233
1585397055 234
1585397106 235
1585397155 236
1585397531 237
1585420661 238
1585425755 239
1585427571 240
1585451213 241
1585485584 242
1585493787 243
1585493950 244
1585494169 245
1585494345 246
1585494733 247
1585494936 248
1585495128 249
1585496287 250
1585496651 251
1585505031 252
1585505075 253
1585505164 254
1585505511 255
1585522952 256
1585561657 257
1585601767 258
1585608503 259
1585608658 260
1585615053 261
1585674724 262
1585740234 263
1585740350 264
1585740535 265
1585740879 266
1585747634 267
1585747866 268
