1580083200 231 9 222
1580688000 383 21 362
1581292800 438 28 410
1581897600 473 34 439
1582502400 501 39 462
1583107200 757 56 701
1583712000 1013 94 919
1584316800 1517 192 1325
1584921600 2006 394 1612
1585526400 2168 508 1660
1586131200 2241 587 1654
1586736000 2303 657 1646
1587340800 2367 716 1651
1587945600 2401 765 1636
1588550400 2425 807 1618
1589155200 2447 846 1601
1589760000 2461 872 1589
1590364800 2473 886 1587
1590969600 2484 906 1578
1591574400 2488 926 1562
1592179200 2489 933 1556
1592784000 2491 942 1549
1593388800 2499 952 1547
1593993600 2502 955 1547
1594598400 2506 963 1543
1595203200 2511 970 1541
1595808000 2518 980 1538
1596412800 2525 988 1537
1597017600 2533 999 1534
1597622400 2544 1011 1533
1598227200 2555 1019 1536
1598832000 2571 1036 1535
1599436800 2585 1046 1539
1600041600 2597 1068 1529
1600646400 2606 1078 1528
1601251200 2622 1095 1527
1601856000 2631 1109 1522
1602460800 2640 1119 1521
1603065600 2665 1149 1516
1603670400 2684 1170 1514
1604275200 2746 1267 1479
1604880000 2760 1302 1458
1605484800 2774 1327 1447
1606089600 2783 1343 1440
1606694400 2785 1354 1431
1607299200 2796 1369 1427
1607904000 2806 1384 1422
1608508800 2816 1404 1412
1609113600 2821 1418 1403
1609718400 2834 1432 1402
1610323200 2847 1453 1394
1610928000 2861 1475 1386
1611532800 2872 1491 1381
1612137600 2884 1524 1360
1612742400 2891 1547 1344
1613347200 2899 1564 1335
1613952000 2905 1575 1330
1614556800 2908 1585 1323
1615161600 2916 1606 1310
1615766400 2928 1620 1308
1616371200 2945 1657 1288
1616976000 2951 1684 1267
1617580800 2965 1746 1219
1618185600 2975 1787 1188
1618790400 2982 1813 1169
1619395200 2985 1837 1148
1620000000 2993 1866 1127
1620604800 3002 1905 1097
1621209600 3024 1947 1077
1621814400 3040 1994 1046
1622419200 3047 2019 1028
1623024000 3053 2045 1008
1623628800 3060 2078 982
1624233600 3065 2106 959
1624838400 3073 2141 932
1625443200 3082 2166 916
1626048000 3097 2222 875
1626652800 3162 2533 629
1627257600 3192 2564 628
