1579611316 1
1579611555 2
1579617811 3
1579621979 4
1579629367 5
1579630765 6
1579636944 7
1579640280 8
1579646008 9
1579678473 10
1579724250 11
1579727123 12
1579727177 13
1579727975 14
1579730378 15
1579733220 16
1579734215 17
1579734792 18
1579735590 19
1579737627 20
1579740900 21
1579760592 22
1579772175 23
1579776449 24
1579778672 25
1579784057 26
1579784270 27
1579784502 28
1579791432 29
1579806529 30
1579811179 31
1579826431 32
1579840018 33
1579844499 34
1579849340 35
1579852403 36
1579853947 37
1579854262 38
1579858552 39
1579858590 40
1579861015 41
1579861671 42
1579870844 43
1579872263 44
1579875857 45
1579880211 46
1579886746 47
1579887245 48
1579888707 49
1579890751 50
1579897615 51
1579898093 52
1579898104 53
1579899120 54
1579899597 55
1579899783 56
1579899824 57
1579900136 58
1579900290 59
1579900351 60
1579900500 61
1579900515 62
1579900888 63
1579901083 64
1579901210 65
1579901630 66
1579901787 67
1579901916 68
1579902344 69
1579904655 70
1579905912 71
1579906049 72
1579906227 73
1579906351 74
1579906859 75
1579906979 76
1579908329 77
1579911342 78
1579915723 79
1579916416 80
1579917630 81
1579919733 82
1579920712 83
1579922026 84
1579940047 85
1579943708 86
1579944902 87
1579946835 88
1579949445 89
1579949468 90
1579951945 91
1579953209 92
1579956895 93
1579957910 94
1579961635 95
1579962525 96
1579966349 97
1579966383 98
1579967349 99
1579968270 100
1579972703 101
1579972896 102
1579973982 103
1579975776 104
1579976055 105
1579978580 106
1579979761 107
1579979940 108
1579982056 109
1579982100 110
1579984623 111
1579990366 112
1579995294 113
1580025385 114
1580032644 115
1580036556 116
1580039617 117
1580039816 118
1580040653 119
1580069107 120
1580072563 121
1580073364 122
1580077054 123
1580079026 124
1580081552 125
1580082532 126
1580109046 127
1580119156 128
1580121793 129
1580130647 130
1580134245 131
1580139983 132
1580142357 133
1580145999 134
1580147519 135
1580149929 136
1580150937 137
1580153583 138
1580163355 139
1580179150 140
1580200461 141
1580205290 142
1580209087 143
1580209714 144
1580210960 145
1580214642 146
1580215430 147
1580218095 148
1580234905 149
1580237499 150
1580239491 151
1580239642 152
1580240823 153
1580242009 154
1580244435 155
1580281426 156
1580286821 157
1580292256 158
1580329136 159
1580361242 160
1580372528 161
1580378199 162
1580380689 163
1580381070 164
1580386391 165
1580390124 166
1580393334 167
1580396988 168
1580404348 169
1580418110 170
1580418279 171
1580419059 172
1580472399 173
1580474163 174
1580478927 175
1580484853 176
1580495775 177
1580505690 178
1580545588 179
1580546975 180
1580547601 181
1580555486 182
1580559931 183
1580571642 184
1580596569 185
1580602005 186
1580611880 187
1580615662 188
1580647089 189
1580654725 190
1580684741 191
1580699492 192
1580721735 193
1580724385 194
1580740545 195
1580762786 196
1580763051 197
1580819234 198
1580866186 199
1580920567 200
1580978260 201
1581010663 202
1581061851 203
1581070613 204
1581072844 205
1581159953 206
1581183489 207
1581187306 208
1581193042 209
1581195345 210
1581331161 211
1581331394 212
1581339543 213
1581414559 214
1581428997 215
1581429752 216
1581635783 217
1581770395 218
1581943066 219
1582116561 220
1582272984 221
1582391951 222
1582420665 223
1582463236 224
1582497493 225
1582535958 226
1582547431 227
1582549914 228
1582558310 229
1582561004 230
1582561978 231
1582562717 232
1582563983 233
1582568627 234
1582573286 235
1582575979 236
1582615975 237
1582620595 238
1582627726 239
1582628613 240
1582629053 241
1582630853 242
1582638763 243
1582641162 244
1582645706 245
1582650461 246
1582651225 247
1582655012 248
1582655367 249
1582666546 250
1582668436 251
1582715238 252
1582720744 253
1582722355 254
1582735601 255
1582738899 256
1582739226 257
1582752458 258
1582755496 259
1582786046 260
1582795284 261
1582806431 262
1582809112 263
1582809645 264
1582811752 265
1582826009 266
1582836786 267
1582839768 268
1582841279 269
1582843507 270
1582849603 271
1582870865 272
1582876968 273
1582880484 274
1582880893 275
1582883970 276
1582884112 277
1582887068 278
1582889001 279
1582899158 280
1582899172 281
1582903999 282
1582906321 283
1582909276 284
1582911754 285
1582913556 286
1582918759 287
1582918892 288
1582931983 289
1582939292 290
1582960509 291
1582962218 292
1582962507 293
1582974341 294
1582976265 295
1582990379 296
1582993180 297
1582994276 298
1582999938 299
1583005014 300
1583006481 301
1583010636 302
1583013290 303
1583018787 304
1583061724 305
1583072042 306
1583074110 307
1583087673 308
1583090422 309
1583091164 310
1583091915 311
1583103340 312
1583105552 313
1583108849 314
1583115640 315
1583143847 316
1583148676 317
1583151672 318
1583151695 319
1583151823 320
1583155695 321
1583156047 322
1583165324 323
1583176819 324
1583184677 325
1583186026 326
1583235269 327
1583238361 328
1583239723 329
1583241226 330
1583246002 331
1583265761 332
1583266056 333
1583268079 334
1583269982 335
1583271259 336
1583271873 337
1583279920 338
1583307812 339
1583326008 340
1583329766 341
1583335222 342
1583337199 343
1583359476 344
1583387023 345
1583397004 346
1583398157 347
1583399990 348
1583405206 349
1583410520 350
1583413520 351
1583426515 352
1583432997 353
1583434109 354
1583437042 355
1583437268 356
1583438645 357
1583444894 358
1583451252 359
1583460415 360
1583476393 361
1583486516 362
1583489104 363
1583490809 364
1583491793 365
1583493356 366
1583502776 367
1583502942 368
1583504046 369
1583518309 370
1583523014 371
1583526375 372
1583543124 373
1583570868 374
1583574314 375
1583587384 376
1583589852 377
1583601605 378
1583608959 379
1583614769 380
1583625739 381
1583633920 382
1583637915 383
1583646243 384
1583660557 385
1583662122 386
1583672828 387
1583675607 388
1583680251 389
1583680914 390
1583692576 391
1583696359 392
1583699910 393
1583700177 394
1583703376 395
1583724944 396
1583734573 397
1583737708 398
1583744788 399
1583763567 400
1583767396 401
1583768722 402
1583772231 403
1583784344 404
1583791485 405
1583799918 406
1583800460 407
1583816476 408
1583826500 409
1583830685 410
1583848213 411
1583855713 412
1583859888 413
1583916382 414
1583931353 415
1583933197 416
1583941386 417
1583958576 418
1583961415 419
1583961419 420
1583964215 421
1583973557 422
1583980767 423
1583992428 424
1583998732 425
1584009297 426
1584009865 427
1584013582 428
1584017842 429
1584022269 430
1584036545 431
1584039668 432
1584043316 433
1584043330 434
1584043391 435
1584043476 436
1584044318 437
1584045733 438
1584047957 439
1584048984 440
1584049489 441
1584050059 442
1584050165 443
1584050949 444
1584055601 445
1584057057 446
1584058901 447
1584081554 448
1584088091 449
1584091257 450
1584093655 451
1584102150 452
1584105279 453
1584106094 454
1584106438 455
1584107665 456
1584118451 457
1584122583 458
1584125944 459
1584127174 460
1584136241 461
1584137422 462
1584137812 463
1584137986 464
1584145853 465
1584147330 466
1584149891 467
1584166434 468
1584184029 469
1584186496 470
1584190967 471
1584192993 472
1584196516 473
1584196519 474
1584197030 475
1584201100 476
1584207487 477
1584213881 478
1584215272 479
1584217074 480
1584217468 481
1584217584 482
1584218398 483
1584218747 484
1584218752 485
1584220401 486
1584220750 487
1584222407 488
1584223121 489
1584223522 490
1584228224 491
1584228448 492
1584231836 493
1584232760 494
1584259794 495
1584263125 496
1584269354 497
1584271870 498
1584272379 499
1584282818 500
1584283191 501
1584284060 502
1584288969 503
1584289446 504
1584291410 505
1584294775 506
1584297172 507
1584299330 508
1584301598 509
1584302599 510
1584304546 512
1584304546 512
1584305456 513
1584305965 514
1584309219 515
1584310953 516
1584313855 517
1584328789 518
1584346691 519
1584348544 520
1584353819 521
1584354266 522
1584355923 523
1584356886 524
1584357965 525
1584358947 526
1584359105 527
1584360103 528
1584362027 529
1584362632 530
1584363072 531
1584368013 532
1584374822 533
1584377840 534
1584378341 535
1584382435 536
1584382672 537
1584386768 538
1584387555 539
1584388677 540
1584389164 541
1584389629 542
1584392665 543
1584395340 544
1584398021 545
1584398423 546
1584399325 547
1584400951 548
1584404183 549
1584436958 550
1584439057 551
1584442072 552
1584445633 553
1584447649 554
1584451843 555
1584453048 556
1584454587 557
1584457880 558
1584461187 559
1584465037 560
1584465994 561
1584477179 562
1584483980 563
1584516458 564
1584522966 565
1584525695 566
1584535086 567
1584535092 568
1584543159 569
1584543941 570
1584544153 571
1584548445 572
1584555817 573
1584560624 574
1584562554 575
1584563691 576
1584578845 577
1584612873 578
1584625355 579
1584630607 580
1584632885 581
1584633341 582
1584639441 583
1584658546 584
1584677227 585
1584694425 586
1584703510 587
1584705429 588
1584716945 589
1584722978 590
1584725420 591
1584727960 592
1584737966 593
1584745107 594
1584790755 595
1584800258 596
1584810580 597
1584829988 598
1584831484 599
1584870156 600
1584883291 601
1584892582 602
1584894447 603
1584907891 604
1584912895 605
1584927024 606
1584947476 607
1584962174 608
1584974040 609
1584976533 610
1584979589 611
1584980375 612
1584980772 613
1584981484 614
1584985383 615
1584987113 616
1585000496 617
1585157991 618
1585160325 619
1585328026 620
1585333771 621
1585353990 622
1585356371 623
1585387998 624
1585420272 625
1585421386 626
1585430555 627
1585479263 628
1585493515 629
1585498217 630
1585509737 631
1585516106 632
1585555288 633
1585602970 634
1585655891 635
1585673758 636
1585771679 637
1585782160 638
1585840719 639
1585863545 640
1585978559 641
1586018401 642
1586024419 643
1586033963 644
1586055536 645
1586096921 646
1586125852 647
1586166331 648
1586167525 649
1586180464 650
1586207756 651
1586215990 652
1586220876 653
1586287352 654
1586366562 655
1586443351 656
1586444161 657
1586480270 658
1586546792 659
1586707820 660
1586776882 661
1586819093 662
1586870050 663
1586947331 664
1586987719 665
1587080119 666
1587168594 667
1587254262 668
1587320496 669
1587402510 670
1587471890 671
1587539243 672
1587549267 673
1587570243 674
1587645366 675
1587846345 676
1587857274 677
1588015356 678
1588015992 679
1588163866 680
1588245006 681
1588281474 682
1588335402 683
1588348232 684
1588422315 685
1588508906 686
1588510780 687
1588678574 688
1588711572 689
1588714176 690
1588756707 691
1588764674 692
1588765228 693
1588800382 694
1588868510 695
1588868688 696
1588873336 697
1588945360 698
1588960193 699
1588964238 700
1589031904 701
1589046370 702
1589052771 703
1589054435 704
1589122640 705
1589142107 706
1589147525 707
1589151966 708
1589158220 709
1589185295 710
1589196756 711
1589199978 712
1589202262 713
1589240803 714
