1580083200 231 9 222
1580688000 382 21 361
1581292800 437 28 409
1581897600 472 34 438
1582502400 500 39 461
1583107200 756 56 700
1583712000 1012 92 920
1584316800 1514 188 1326
1584921600 2003 386 1617
1585526400 2165 493 1672
1586131200 2238 567 1671
1586736000 2300 636 1664
1587340800 2364 691 1673
1587945600 2398 736 1662
1588550400 2422 777 1645
1589155200 2444 814 1630
1589760000 2458 839 1619
1590364800 2470 852 1618
1590969600 2481 868 1613
1591574400 2485 885 1600
1592179200 2486 892 1594
1592784000 2488 900 1588
1593388800 2496 909 1587
1593993600 2499 911 1588
1594598400 2503 918 1585
1595203200 2508 924 1584
1595808000 2515 931 1584
1596412800 2522 936 1586
1597017600 2530 946 1584
1597622400 2541 958 1583
1598227200 2552 966 1586
1598832000 2568 983 1585
1599436800 2582 993 1589
1600041600 2594 1011 1583
1600646400 2603 1019 1584
1601251200 2619 1035 1584
1601856000 2628 1047 1581
1602460800 2637 1057 1580
1603065600 2662 1083 1579
1603670400 2681 1103 1578
1604275200 2742 1190 1552
1604880000 2756 1222 1534
1605484800 2770 1245 1525
1606089600 2779 1260 1519
1606694400 2781 1271 1510
1607299200 2792 1285 1507
1607904000 2802 1297 1505
1608508800 2812 1315 1497
1609113600 2817 1327 1490
1609718400 2830 1341 1489
1610323200 2843 1361 1482
1610928000 2857 1381 1476
1611532800 2868 1394 1474
1612137600 2880 1422 1458
1612742400 2887 1440 1447
1613347200 2895 1457 1438
1613952000 2901 1467 1434
1614556800 2904 1475 1429
1615161600 2912 1493 1419
1615766400 2924 1504 1420
1616371200 2941 1534 1407
1616976000 2947 1554 1393
1617580800 2960 1602 1358
1618185600 2970 1637 1333
1618790400 2977 1658 1319
1619395200 2980 1675 1305
1620000000 2988 1700 1288
1620604800 2997 1733 1264
1621209600 3019 1766 1253
1621814400 3035 1805 1230
1622419200 3042 1820 1222
1623024000 3048 1841 1207
1623628800 3054 1862 1192
1624233600 3059 1880 1179
1624838400 3067 1904 1163
1625443200 3076 1919 1157
1626048000 3091 1953 1138
1626652800 3156 2125 1031
1627257600 3185 2214 971
1627862400 3202 2316 886
1628467200 3221 2418 803
1629072000 3238 2507 731
1629676800 3249 2621 628
1630281600 3261 2715 546
1630886400 3270 2868 402
1631491200 3276 2914 362
