1579478400 2089 2 231 231
1580083200 6794 17 318 152
1580688000 3472 8 260 55
1581292800 3136 8 231 35
1581897600 2240 5 217 28
1582502400 12025 25 578 256
1583107200 21054 25 762 256
1583712000 39158 28 1254 503
1584316800 46414 84 1558 489
1584921600 34807 54 1249 162
1585526400 26512 25 1090 73
1586131200 24611 26 983 62
1586736000 23651 40 958 64
1587340800 16281 24 764 34
1587945600 16734 11 750 24
1588550400 15693 13 699 22
1589155200 10096 10 606 14
1589760000 6501 4 468 12
1590364800 7795 5 450 11
1590969600 5379 3 355 4
1591574400 3030 0 307 1
1592179200 2962 2 297 2
1592784000 3715 0 336 8
1593388800 1957 2 246 3
1593993600 3236 3 309 4
1594598400 4622 5 358 5
1595203200 3880 2 351 7
1595808000 4248 1 324 7
1596412800 4830 6 338 8
1597017600 5427 6 366 11
1597622400 6134 6 373 11
1598227200 6356 2 407 16
1598832000 5273 3 378 14
1599436800 8650 6 437 12
1600041600 7914 7 399 9
1600646400 9331 3 479 16
1601251200 6308 4 418 9
1601856000 7265 4 418 9
1602460800 12999 7 558 25
1603065600 10923 4 542 19
1603670400 24909 11 877 61
1604275200 10000 9 599 14
1604880000 10343 2 550 14
1605484800 6783 9 438 9
1606089600 6064 5 423 2
1606694400 6424 2 371 11
1607299200 7952 9 428 10
1607904000 7600 16 430 10
1608508800 7075 11 427 5
1609113600 10749 10 475 13
1609718400 9693 7 494 13
1610323200 11001 9 542 14
1610928000 11107 10 516 11
1611532800 13994 9 589 12
1612137600 8480 6 478 7
1612742400 6966 7 418 8
1613347200 6287 4 384 6
1613952000 9075 5 422 3
1614556800 8401 8 430 8
1615161600 7519 7 410 12
1615766400 14774 6 617 17
1616371200 11152 9 514 6
1616976000 12733 2 630 13
1617580800 8404 3 472 10
1618185600 7544 2 427 7
1618790400 6417 0 396 3
1619395200 7993 9 450 8
1620000000 7204 9 455 9
1620604800 6964 2 425 22
1621209600 6091 0 417 16
1621814400 4510 3 358 7
1622419200 3114 1 344 6
1623024000 3678 6 303 7
1623628800 4101 3 337 5
1624233600 3286 0 324 8
1624838400 5969 10 362 9
1625443200 8046 8 463 15
1626048000 18060 17 781 65
1626652800 14928 13 626 29
1627257600 10946 14 590 17
1627862400 10321 24 563 19
