1579611316 1
1579617811 2
1579629367 3
1579630675 4
1579636944 5
1579678473 6
1579724250 7
1579727123 8
1579727177 9
1579730378 10
1579733220 11
1579735590 12
1579760592 13
1579776449 14
1579784057 15
1579784270 16
1579784502 17
1579791432 18
1579793640 19
1579806529 20
1579811179 21
1579844499 22
1579849340 23
1579853947 24
1579858590 25
1579861015 26
1579861671 27
1579870844 28
1579872263 29
1579887245 30
1579898093 31
1579898104 32
1579899120 33
1579899597 34
1579899783 35
1579899824 36
1579900290 37
1579900351 38
1579900500 39
1579900888 40
1579901210 41
1579901886 42
1579905912 43
1579906049 44
1579906859 45
1579909219 46
1579915186 47
1579915723 48
1579917630 49
1579920712 50
1579946835 51
1579949445 52
1579962525 53
1579966349 54
1579967349 55
1579968270 56
1579975776 57
1579979761 58
1579979940 59
1579982056 60
1579990366 61
1580036556 62
1580040653 63
1580072563 64
1580077054 65
1580119156 66
1580130647 67
1580134245 68
1580139983 69
1580145999 70
1580147519 71
1580150937 72
1580163355 73
1580205290 74
1580209087 75
1580210960 76
1580215430 77
1580218095 78
1580237499 79
1580239491 80
1580242009 81
1580291450 82
1580297046 83
1580309486 84
1580329136 85
1580372528 86
1580380689 87
1580390124 88
1580393334 89
1580418110 90
1580472399 91
1580478927 92
1580494200 93
1580545588 94
1580546975 95
1580547601 96
1580549272 97
1580555486 98
1580559931 99
1580654725 100
1580724385 101
1580740545 102
1580740922 103
1580866186 104
1580920567 105
1580978260 106
1581010663 107
1581070613 108
1581183489 109
1581193042 110
1581339543 111
1581428997 112
1581509957 113
1581585241 114
1581635783 115
1582391951 116
1582396817 117
1582420665 118
1582546289 119
1582549914 120
1582555762 121
1582563983 122
1582565759 123
1582573993 124
1582575979 125
1582627726 126
1582628613 127
1582629053 128
1582638763 129
1582643188 130
1582645706 131
1582651225 132
1582722355 133
1582752458 134
1582809112 135
1582809645 136
1582836786 137
1582838314 138
1582841279 139
1582876968 140
1582883970 141
1582888323 142
1582906321 143
1582918892 144
1582920244 145
1582935651 146
1582976265 147
1582987636 148
1582994276 149
1583005014 150
1583006481 151
1583018787 152
1583049042 153
1583072042 154
1583082260 155
1583089711 156
1583091915 157
1583143847 158
1583155695 159
1583156047 160
1583186026 161
1583220371 162
1583238361 163
1583271259 164
1583278055 165
1583279920 166
1583317526 167
1583326851 168
1583329766 169
1583337199 170
1583359476 171
1583398157 172
1583399990 173
1583410520 174
1583426515 175
1583455362 176
1583460415 177
1583489104 178
1583490809 179
1583502942 180
1583587384 181
1583614769 182
1583625739 183
1583660557 184
1583662122 185
1583699910 186
1583700177 187
1583703376 188
1583734573 189
1583744788 190
1583763567 191
1583778825 192
1583784344 193
1583871684 194
1583898259 195
1583916382 196
1583918962 197
1583931353 198
1583933197 199
1583941386 200
1584009297 201
1584009865 202
1584021612 203
1584024031 204
1584036545 205
1584043316 206
1584043330 207
1584045733 208
1584049489 209
1584055645 210
1584105279 211
1584106094 212
1584106438 213
1584127174 214
1584139102 215
1584147330 216
1584181985 217
1584183437 218
1584186496 219
1584190967 220
1584196519 221
1584196982 222
1584197030 223
1584215272 224
1584217074 225
1584220750 226
1584222407 227
1584231836 228
1584256800 229
1584271870 230
1584271991 231
1584291410 232
1584294775 233
1584303737 234
1584309219 235
1584318635 236
1584354402 237
1584357965 238
1584364939 239
1584365561 240
1584382435 241
1584382672 242
1584404183 243
1584428360 244
1584439057 245
1584442072 246
1584456864 247
1584463592 248
1584466028 249
1584477179 250
1584522966 251
1584532336 252
1584579271 253
1584633341 254
1584722315 255
1584736744 256
1584745107 257
1584747353 258
1584800258 259
1584810580 260
1584870156 261
1584882275 262
1584912895 263
1584985383 264
1584987113 265
1585000496 266
1585288515 267
1585311899 268
1585328026 269
1585333771 270
1585387998 271
1585421386 272
1585430555 273
1585479263 274
1585493515 275
1585509737 276
1585771679 277
1585782160 278
1586096921 279
1586098273 280
1586166331 281
1586167525 282
1586180464 283
1586207756 284
1586287352 285
1586352309 286
1586366562 287
1586480270 288
1586707820 289
1586819093 290
1587402510 291
1587471890 292
1587539243 293
1587645366 294
1587846345 295
1588015992 296
1588163866 297
1588196144 298
1588236411 299
1588335402 300
1588711572 301
1590060606 302
1590488619 303
1590685472 304
1590687762 305
1592485322 306
1592837643 307
1592898386 308
