1580083200 234 11 223
1580688000 387 25 362
1581292800 442 33 409
1581897600 477 40 437
1582502400 506 45 461
1583107200 762 63 699
1583712000 1022 108 914
1584316800 1530 221 1309
1584921600 2019 469 1550
1585526400 2182 614 1568
1586131200 2255 722 1533
1586736000 2318 817 1501
1587340800 2383 910 1473
1587945600 2417 975 1442
1588550400 2441 1045 1396
1589155200 2463 1107 1356
1589760000 2477 1150 1327
1590364800 2489 1173 1316
1590969600 2500 1213 1287
1591574400 2504 1238 1266
1592179200 2505 1250 1255
1592784000 2507 1266 1241
1593388800 2515 1287 1228
1593993600 2518 1296 1222
1594598400 2522 1308 1214
1595203200 2527 1326 1201
1595808000 2534 1345 1189
1596412800 2541 1358 1183
1597017600 2549 1378 1171
1597622400 2560 1404 1156
1598227200 2571 1430 1141
1598832000 2587 1461 1126
1599436800 2601 1485 1116
1600041600 2613 1518 1095
1600646400 2622 1555 1067
1601251200 2638 1598 1040
1601856000 2647 1632 1015
1602460800 2656 1669 987
1603065600 2681 1753 928
1603670400 2701 1843 858
1604275200 2763 1854 909
