1580083200 234 12 222
1580688000 387 28 359
1581292800 443 37 406
1581897600 478 44 434
1582502400 507 50 457
1583107200 764 69 695
1583712000 1026 118 908
1584316800 1534 240 1294
1584921600 2023 514 1509
1585526400 2186 684 1502
1586131200 2259 816 1443
1586736000 2322 936 1386
1587340800 2387 1057 1330
1587945600 2421 1143 1278
1588550400 2445 1235 1210
1589155200 2467 1326 1141
1589760000 2481 1396 1085
1590364800 2493 1437 1056
1590969600 2504 1492 1012
1591574400 2508 1535 973
1592179200 2509 1556 953
1592784000 2511 1582 929
1593388800 2519 1617 902
1593993600 2523 1635 888
1594598400 2527 1653 874
1595203200 2532 1686 846
1595808000 2539 1723 816
1596412800 2547 1750 797
1597017600 2555 1788 767
1597622400 2566 1843 723
1598227200 2577 1897 680
1598832000 2593 1971 622
1599436800 2607 2048 559
1600041600 2619 2195 424
1600646400 2628 2229 399
