1580083200 231 11 220
1580688000 384 23 361
1581292800 439 31 408
1581897600 474 38 436
1582502400 502 43 459
1583107200 758 61 697
1583712000 1016 102 914
1584316800 1524 210 1314
1584921600 2013 441 1572
1585526400 2176 573 1603
1586131200 2249 668 1581
1586736000 2313 753 1560
1587340800 2377 827 1550
1587945600 2411 886 1525
1588550400 2435 941 1494
1589155200 2457 990 1467
1589760000 2471 1019 1452
1590364800 2483 1038 1445
1590969600 2494 1067 1427
1591574400 2498 1088 1410
1592179200 2499 1099 1400
1592784000 2501 1110 1391
1593388800 2509 1123 1386
1593993600 2512 1127 1385
1594598400 2516 1136 1380
1595203200 2521 1146 1375
1595808000 2528 1158 1370
1596412800 2535 1166 1369
1597017600 2543 1179 1364
1597622400 2554 1199 1355
1598227200 2565 1214 1351
1598832000 2581 1237 1344
1599436800 2595 1252 1343
1600041600 2607 1277 1330
1600646400 2616 1294 1322
1601251200 2632 1318 1314
1601856000 2641 1336 1305
1602460800 2650 1352 1298
1603065600 2675 1395 1280
1603670400 2694 1430 1264
1604275200 2756 1576 1180
1604880000 2770 1644 1126
1605484800 2784 1691 1093
1606089600 2793 1721 1072
1606694400 2795 1748 1047
1607299200 2806 1769 1037
1607904000 2816 1805 1011
1608508800 2826 1847 979
1609113600 2832 1883 949
1609718400 2845 1928 917
1610323200 2858 2002 856
1610928000 2872 2069 803
1611532800 2883 2123 760
1612137600 2895 2261 634
1612742400 2902 2377 525
1613347200 2911 2493 418
1613952000 2917 2520 397
