1579611316 1
1579611555 2
1579621979 3
1579629367 4
1579630765 5
1579636944 6
1579640280 7
1579640775 8
1579678473 9
1579724250 10
1579727123 11
1579727177 12
1579727975 13
1579730378 14
1579733220 15
1579734215 16
1579734792 17
1579735590 18
1579737627 19
1579760592 20
1579772175 21
1579776449 22
1579778672 23
1579784057 24
1579784270 25
1579784502 26
1579791432 27
1579792908 28
1579806529 29
1579811179 30
1579823091 31
1579827367 32
1579840018 33
1579849340 34
1579853947 35
1579854262 36
1579858590 37
1579861015 38
1579861671 39
1579870844 40
1579872263 41
1579880211 42
1579886746 43
1579887245 44
1579897615 45
1579898020 46
1579898093 47
1579898366 48
1579899120 49
1579899597 50
1579899783 51
1579899824 52
1579900351 53
1579900500 54
1579900888 55
1579901210 56
1579901630 57
1579901787 58
1579901916 59
1579902344 60
1579904655 61
1579905912 62
1579906049 63
1579906055 64
1579906227 65
1579906859 66
1579908329 67
1579915723 68
1579916416 69
1579940047 70
1579943708 71
1579946835 72
1579949445 73
1579951014 74
1579957910 75
1579962525 76
1579966349 77
1579968270 78
1579975431 79
1579975776 80
1579976055 81
1579976177 82
1579978580 83
1579979761 84
1579979940 85
1579982056 86
1579984623 87
1579987781 88
1579990366 89
1579995294 90
1580032644 91
1580036233 92
1580036556 93
1580039816 94
1580040653 95
1580069107 96
1580072563 97
1580077054 98
1580079026 99
1580116947 100
1580119156 101
1580130647 102
1580145999 103
1580149929 104
1580149994 105
1580150937 106
1580153583 107
1580163235 108
1580179150 109
1580208217 110
1580209664 111
1580210960 112
1580214642 113
1580215430 114
1580218095 115
1580237499 116
1580239491 117
1580239614 118
1580240823 119
1580252123 120
1580281426 121
1580291450 122
1580292256 123
1580293317 124
1580294692 125
1580297046 126
1580305313 127
1580309486 128
1580329136 129
1580372528 130
1580378199 131
1580380689 132
1580381070 133
1580386391 134
1580390124 135
1580393334 136
1580472399 137
1580478927 138
1580494200 139
1580495851 140
1580503648 141
1580545588 142
1580546975 143
1580547601 144
1580549272 145
1580555486 146
1580559931 147
1580571642 148
1580602005 149
1580647089 150
1580654725 151
1580659674 152
1580740545 153
1580740922 154
1580762786 155
1580866186 156
1580986937 157
1581010663 158
1581070613 159
1581159381 160
1581159953 161
1581183489 162
1581187306 163
1581193042 164
1581331394 165
1581419656 166
1581428997 167
1581435264 168
1581449554 169
1581635783 170
1581646190 171
1581770395 172
1581943066 173
1582116561 174
1582377942 175
1582390772 176
1582391951 177
1582420665 178
1582423902 179
1582483015 180
1582497493 181
1582497549 182
1582546289 183
1582549914 184
1582555762 185
1582561004 186
1582561978 187
1582563983 188
1582565759 189
1582568627 190
1582571134 191
1582573286 192
1582615975 193
1582620595 194
1582627726 195
1582628613 196
1582630853 197
1582638763 198
1582645706 199
1582646299 200
1582651225 201
1582717298 202
1582720744 203
1582722355 204
1582732714 205
1582735601 206
1582738899 207
1582753999 208
1582755496 209
1582786046 210
1582795284 211
1582803516 212
1582809112 213
1582809645 214
1582810821 215
1582818178 216
1582826009 217
1582836786 218
1582838314 219
1582839768 220
1582843507 221
1582849603 222
1582851554 223
1582870865 224
1582876968 225
1582880484 226
1582882183 227
1582884112 228
1582886279 229
1582886664 230
1582887068 231
1582891735 232
1582899158 233
1582899172 234
1582901972 235
1582903999 236
1582906321 237
1582909276 238
1582918892 239
1582920244 240
1582922689 241
1582923317 242
1582939292 243
1582962218 244
1582974341 245
1582976265 246
1582987636 247
1582993180 248
1582994276 249
1582999938 250
1583005014 251
1583006481 252
1583010636 253
1583010946 254
1583013290 255
1583044078 256
1583049042 257
1583062578 258
1583065191 259
1583085795 260
1583087673 261
1583091915 262
1583115640 263
1583131695 264
1583136924 265
1583143847 266
1583148676 267
1583151672 268
1583151695 269
1583155695 270
1583158490 271
1583159875 272
1583164380 273
1583168388 274
1583168876 275
1583176819 276
1583184677 277
1583186026 278
1583196207 279
1583226444 280
1583238361 281
1583249276 282
1583260664 283
1583266056 284
1583269982 285
1583271259 286
1583278055 287
1583317526 288
1583322666 289
1583326851 290
1583329707 291
1583329766 292
1583344069 293
1583348858 294
1583391427 295
1583396050 296
1583398157 297
1583405206 298
1583405779 299
1583410520 300
1583411088 301
1583413297 302
1583426515 303
1583428076 304
1583431629 305
1583432997 306
1583434109 307
1583437042 308
1583437268 309
1583438645 310
1583444894 311
1583455362 312
1583460415 313
1583489104 314
1583489620 315
1583490809 316
1583502942 317
1583506817 318
1583518309 319
1583526375 320
1583572314 321
1583611726 322
1583614769 323
1583655198 324
1583663416 325
1583700177 326
1583703376 327
1583724944 328
1583744677 329
1583744788 330
1583763398 331
1583763567 332
1583767396 333
1583772231 334
1583784344 335
1583785928 336
1583791485 337
1583801264 338
1583832986 339
1583848213 340
1583849807 341
1583859888 342
1583866945 343
1583871684 344
1583916382 345
1583918962 346
1583941386 347
1583951652 348
1583961415 349
1583961419 350
1583980767 351
1583988858 352
1583998732 353
1584009266 354
1584009316 355
1584009865 356
1584021612 357
1584024031 358
1584040451 359
1584042253 360
1584043316 361
1584043330 362
1584043631 363
1584043765 364
1584045196 365
1584048984 366
1584049489 367
1584050949 368
1584055601 369
1584079568 370
1584091257 371
1584102150 372
1584105279 373
1584106094 374
1584106438 375
1584120803 376
1584125525 377
1584127174 378
1584137986 379
1584147330 380
1584149891 381
1584181985 382
1584183437 383
1584184029 384
1584186496 385
1584190967 386
1584196519 387
1584196982 388
1584197030 389
1584215953 390
1584217074 391
1584217468 392
1584218398 393
1584218609 394
1584220750 395
1584221664 396
1584222407 397
1584225948 398
1584231836 399
1584235846 400
1584261735 401
1584263125 402
1584265334 403
1584269354 404
1584271870 405
1584272379 406
1584273731 407
1584279118 408
1584283191 409
1584284060 410
1584284093 411
1584290342 412
1584291410 413
1584294643 414
1584294775 415
1584300239 416
1584303481 417
1584303737 418
1584305456 419
1584309219 420
1584310953 421
1584311800 422
1584318635 423
1584328789 424
1584344641 425
1584349240 426
1584352274 427
1584353819 428
1584354266 429
1584354402 430
1584355923 431
1584358947 432
1584359592 433
1584360103 434
1584364160 435
1584364939 436
1584365561 437
1584369942 438
1584372211 439
1584382435 440
1584383414 441
1584386768 442
1584388677 443
1584389164 444
1584397235 445
1584397371 446
1584399325 447
1584404183 448
1584431436 449
1584442072 450
1584444634 451
1584448352 452
1584459663 453
1584461187 454
1584463592 455
1584519736 456
1584528474 457
1584532336 458
1584535086 459
1584543159 460
1584543941 461
1584548994 462
1584570380 463
1584653809 464
1584694425 465
1584721897 466
1584723799 467
1584756675 468
1584757668 469
1584800258 470
1584810580 471
1584816530 472
1584827001 473
1584829731 474
1584842394 475
1584870156 476
1584882275 477
1584894447 478
1584912895 479
1584974040 480
1584976533 481
1584979589 482
1584981484 483
1584987113 484
1585126539 485
1585311899 486
1585319159 487
1585327192 488
1585328026 489
1585328490 490
1585333771 491
1585389750 492
1585400478 493
1585421386 494
1585445651 495
1585479263 496
1585479332 497
1585490235 498
1585498217 499
1585655891 500
1585771679 501
1585782160 502
1585911361 503
1586024419 504
1586166331 505
1586180464 506
1586207756 507
1586220876 508
1586352309 509
1586443351 510
1586623848 511
1586707820 512
1586819093 513
1586950857 514
1586987719 515
1587059746 516
1587073381 517
1587168594 518
1587402510 519
1587471890 520
1587539243 521
1587838120 522
1587891002 523
1588015992 524
1588163866 525
1588196144 526
1588245006 527
1588335402 528
1588553946 529
1589046370 530
1589054435 531
1589158220 532
1589283745 533
1590674666 534
1592837643 535
1592898386 536
1593215394 537
1594723510 538
1595090195 539
1595680752 540
1595943850 541
1596069774 542
1596145097 543
1596912584 544
1597020246 545
1597671212 546
1597685005 547
1597876840 548
1598216779 549
1598799027 550
1598802393 551
1599039249 552
1599072602 553
1599660548 554
1599741671 555
1600070298 556
1600102759 557
1600390943 558
1600499517 559
1600858594 560
1600953505 561
1600979095 562
1601032705 563
1601039818 564
1601116139 565
1601192717 566
1601548466 567
1601898737 568
1601919560 569
1602006048 570
1602629684 571
1602669909 572
1602851214 573
1602864258 574
1602948416 575
1602968630 576
1603019592 577
1603020178 578
1603125347 579
1603194993 580
1603223195 581
1603232164 582
1603235787 583
1603288843 584
1603291795 585
1603392641 586
1603441046 587
1603458706 588
1603467388 589
1603477602 590
1603482585 591
1603494994 592
1603615667 593
1603655884 594
1603658475 595
1603661126 596
1603664813 597
1603672681 598
1603716410 599
1603731920 600
1603735882 601
1603739185 602
1603742157 603
1603790132 604
1603795782 605
1603796351 606
1603798845 607
1603809948 608
1603817813 609
1603819740 610
