1579611316 1
1579611555 2
1579613366 3
1579617811 4
1579621979 5
1579622150 6
1579627499 7
1579629367 8
1579630675 9
1579630765 10
1579631666 11
1579636944 12
1579639995 13
1579640280 14
1579640775 15
1579646008 16
1579678473 17
1579693339 18
1579724250 19
1579727123 20
1579727177 21
1579727975 22
1579730378 23
1579730809 24
1579733220 25
1579734009 26
1579734215 27
1579734792 28
1579735590 29
1579737627 30
1579738363 31
1579740900 32
1579742068 33
1579760592 34
1579772175 35
1579775467 36
1579776449 37
1579777951 38
1579778672 39
1579778830 40
1579784057 41
1579784270 42
1579784502 43
1579787783 44
1579791432 45
1579792908 46
1579792912 47
1579793285 48
1579793640 49
1579793677 50
1579802143 51
1579805056 52
1579806529 53
1579811179 54
1579821659 55
1579822944 56
1579823091 57
1579826431 58
1579827367 59
1579840018 60
1579844499 61
1579849146 62
1579849340 63
1579852403 64
1579853947 65
1579854262 66
1579858552 67
1579858590 68
1579858604 69
1579861015 70
1579861671 71
1579863724 72
1579870016 73
1579870844 74
1579871363 75
1579872263 76
1579873194 77
1579874713 78
1579875857 79
1579877603 80
1579880211 81
1579880806 82
1579885751 83
1579886544 84
1579886746 85
1579887026 86
1579887245 87
1579888707 88
1579890751 89
1579892037 90
1579897192 91
1579897615 92
1579897628 93
1579898020 94
1579898093 95
1579898104 96
1579898295 97
1579898366 98
1579899120 99
1579899597 100
1579899783 101
1579899824 102
1579900037 103
1579900093 104
1579900136 105
1579900290 106
1579900351 107
1579900500 108
1579900515 109
1579900888 110
1579901083 111
1579901210 112
1579901630 113
1579901787 114
1579901886 115
1579901916 116
1579902344 117
1579903110 118
1579904004 119
1579904013 120
1579904655 121
1579904674 122
1579904963 123
1579905912 124
1579906049 125
1579906055 126
1579906227 127
1579906351 128
1579906556 129
1579906859 130
1579906939 131
1579906979 132
1579907338 133
1579908229 134
1579908293 135
1579908329 136
1579908840 137
1579909219 138
1579911342 139
1579915186 140
1579915723 141
1579916416 142
1579917298 143
1579917630 144
1579919733 145
1579920712 146
1579922026 147
1579924938 148
1579934676 149
1579938071 150
1579938750 151
1579939400 152
1579940047 153
1579943548 154
1579943708 155
1579943871 156
1579944323 157
1579944902 158
1579946835 159
1579947236 160
1579947909 161
1579949445 162
1579949468 163
1579949652 164
1579949677 165
1579950448 166
1579950615 167
1579951014 168
1579951945 169
1579953209 170
1579956895 171
1579957886 172
1579957910 173
1579958003 174
1579958330 175
1579961352 176
1579961635 177
1579962300 178
1579962525 179
1579962557 180
1579964705 181
1579966349 182
1579966383 183
1579967323 184
1579967349 185
1579968270 186
1579969765 187
1579972703 188
1579972896 189
1579973982 190
1579975431 191
1579975776 192
1579976055 193
1579976177 194
1579976762 195
1579977121 196
1579978580 197
1579979761 198
1579979940 199
1579982056 200
1579982100 201
1579984623 202
1579986219 203
1579987781 204
1579990366 205
1579995294 206
1579999312 207
1580021099 208
1580023491 209
1580025385 210
1580032617 211
1580032644 212
1580034093 213
1580036233 214
1580036556 215
1580037245 216
1580039617 217
1580039816 218
1580040653 219
1580041049 220
1580041576 221
1580044253 222
1580056459 223
1580057179 224
1580063156 225
1580065990 226
1580069107 227
1580072563 228
1580073364 229
1580077054 230
1580077921 231
1580078790 232
1580079026 233
1580081552 234
1580082532 235
1580109046 236
1580116947 237
1580118638 238
1580119156 239
1580121793 240
1580122138 241
1580129294 242
1580129688 243
1580130647 244
1580133359 245
1580134245 246
1580135310 247
1580135506 248
1580135682 249
1580137293 250
1580139983 251
1580140796 252
1580141917 253
1580142357 254
1580143850 255
1580145999 256
1580147519 257
1580148839 258
1580149825 259
1580149929 260
1580149994 261
1580150937 262
1580152565 263
1580153583 264
1580157337 265
1580157604 266
1580162604 267
1580163235 268
1580163355 269
1580179150 270
1580180392 271
1580186044 272
1580200461 273
1580204608 274
1580205290 275
1580208217 276
1580208891 277
1580209087 278
1580209441 279
1580209664 280
1580209714 281
1580210960 282
1580214064 283
1580214642 284
1580214715 285
1580215430 286
1580218095 287
1580218312 288
1580233880 289
1580234905 290
1580237499 291
1580239491 292
1580239614 293
1580239642 294
1580240823 295
1580242009 296
1580242271 297
1580244435 298
1580246007 299
1580250782 300
1580252123 301
1580263337 302
1580266899 303
1580281426 304
1580286821 305
1580289227 306
1580291450 307
1580291926 308
1580292256 309
1580293317 310
1580293461 311
1580294692 312
1580295949 313
1580297046 314
1580304197 315
1580305313 316
1580308050 317
1580309486 318
1580314182 319
1580328596 320
1580329136 321
1580333196 322
1580334924 323
1580341579 324
1580352894 325
1580361242 326
1580372528 327
1580378199 328
1580378646 329
1580379102 330
1580380689 331
1580381070 332
1580381504 333
1580383871 334
1580386391 335
1580389339 336
1580390124 337
1580393334 338
1580396988 339
1580397439 340
1580404348 341
1580418110 342
1580418279 343
1580419059 344
1580420960 345
1580425672 346
1580460065 347
1580461280 348
1580464664 349
1580468550 350
1580472399 351
1580473279 352
1580474163 353
1580477055 354
1580478927 355
1580484853 356
1580487904 357
1580494200 358
1580495775 359
1580495851 360
1580497424 361
1580503648 362
1580503712 363
1580505690 364
1580518207 365
1580545588 366
1580546975 367
1580547601 368
1580549272 369
1580554637 370
1580555486 371
1580559931 372
1580563178 373
1580571642 374
1580596569 375
1580597746 376
1580602005 377
1580611880 378
1580615662 379
1580641210 380
1580641805 381
1580645299 382
1580647089 383
1580654725 384
1580655562 385
1580659674 386
1580673381 387
1580682687 388
1580684741 389
1580699492 390
1580716630 391
1580721735 392
1580724385 393
1580728884 394
1580740545 395
1580740922 396
1580744082 397
1580748471 398
1580762786 399
1580763051 400
1580768440 401
1580772379 402
1580802759 403
1580819234 404
1580825801 405
1580836548 406
1580837864 407
1580843552 408
1580858244 409
1580866186 410
1580889641 411
1580905759 412
1580913537 413
1580916749 414
1580920567 415
1580921681 416
1580921851 417
1580927084 418
1580936329 419
1580978260 420
1580986937 421
1581010663 422
1581061851 423
1581070613 424
1581072844 425
1581074277 426
1581086123 427
1581094415 428
1581098706 429
1581118315 430
1581157548 431
1581158479 432
1581159381 433
1581159953 434
1581161411 435
1581162629 436
1581172511 437
1581176407 438
1581177359 439
1581181207 440
1581183489 441
1581187306 442
1581188385 443
1581193042 444
1581195345 445
1581324821 446
1581331161 447
1581331394 448
1581334312 449
1581339543 450
1581357967 451
1581370515 452
1581412981 453
1581414559 454
1581419656 455
1581428997 456
1581429752 457
1581435264 458
1581442081 459
1581445993 460
1581449554 461
1581450308 462
1581496171 463
1581509957 464
1581513139 465
1581546660 466
1581581725 467
1581582731 468
1581585241 469
1581585824 470
1581594387 471
1581610854 472
1581612353 473
1581635783 474
1581646190 475
1581679386 476
1581770395 477
1581771472 478
1581798034 479
1581884638 480
1581924361 481
1581943066 482
1581953185 483
1581983608 484
1581998295 485
1582116561 486
1582141950 487
1582220672 488
1582272984 489
1582282745 490
1582284629 491
1582326576 492
1582377942 493
1582385296 494
1582390772 495
1582391951 496
1582396817 497
1582402425 498
1582410431 499
1582420665 500
1582423902 501
1582456071 502
1582457845 503
1582461884 504
1582463236 505
1582482830 506
1582483015 507
1582497493 508
1582497549 509
1582535958 510
1582537820 511
1582541025 512
1582541375 513
1582544318 514
1582546289 515
1582547431 516
1582549050 517
1582549138 518
1582549914 519
1582554319 520
1582555618 521
1582555659 522
1582555762 523
1582558310 524
1582558442 525
1582559505 526
1582561004 527
1582561573 528
1582561978 529
1582562195 530
1582562717 531
1582563983 532
1582565270 533
1582565759 534
1582568627 535
1582571134 536
1582573286 537
1582573993 538
1582575979 539
1582581666 540
1582598944 541
1582614333 542
1582615975 543
1582620595 544
1582622443 545
1582627726 546
1582628613 547
1582629053 548
1582630446 549
1582630853 550
1582631966 551
1582633462 552
1582638628 553
1582638763 554
1582640340 555
1582641162 556
1582642459 557
1582643188 558
1582645706 559
1582646299 560
1582648592 561
1582650461 562
1582651225 563
1582655012 564
1582655306 565
1582655367 566
1582659266 567
1582659301 568
1582662828 569
1582665550 570
1582666546 571
1582668436 572
1582673226 573
1582673343 574
1582702480 575
1582712684 576
1582714369 577
1582715238 578
1582715729 579
1582716039 580
1582717298 581
1582720744 582
1582722355 583
1582724283 584
1582724605 585
1582725429 586
1582728811 587
1582730322 588
1582732492 589
1582732619 590
1582732714 591
1582733528 592
1582734922 593
1582735067 594
1582735408 595
1582735601 596
1582736182 597
1582737595 598
1582738899 599
1582739226 600
1582740609 601
1582744299 602
1582745431 603
1582747271 604
1582752458 605
1582753999 606
1582754587 607
1582754765 608
1582755496 609
1582781146 610
1582785858 611
1582786046 612
1582795284 613
1582797060 614
1582797451 615
1582797889 616
1582799164 617
1582801259 618
1582802861 619
1582803516 620
1582805661 621
1582806431 622
1582809112 623
1582809645 624
1582810821 625
1582811578 626
1582811752 627
1582818178 628
1582822971 629
1582826009 630
1582827871 631
1582833326 632
1582836786 633
1582837282 634
1582838314 635
1582838841 636
1582839768 637
1582841199 638
1582841279 639
1582842132 640
1582843507 641
1582843895 642
1582846870 643
1582847664 644
1582849603 645
1582851554 646
1582854281 647
1582870865 648
1582872089 649
1582873197 650
1582876968 651
1582879735 652
1582880484 653
1582880893 654
1582882183 655
1582882889 656
1582883645 657
1582883970 658
1582884112 659
1582886279 660
1582886664 661
1582887068 662
1582888323 663
1582888836 664
1582889001 665
1582890578 666
1582891735 667
1582893249 668
1582894109 669
1582897018 670
1582899158 671
1582899172 672
1582900772 673
1582901583 674
1582901972 675
1582902555 676
1582903999 677
1582906321 678
1582909276 679
1582911754 680
1582912062 681
1582913556 682
1582918759 683
1582918892 684
1582919023 685
1582919717 686
1582920244 687
1582922689 688
1582923317 689
1582923575 690
1582923783 691
1582928171 692
1582931983 693
1582933156 694
1582935651 695
1582939292 696
1582957039 697
1582959634 698
1582960509 699
1582962218 700
1582962507 701
1582967196 702
1582973475 703
1582974341 704
1582976265 705
1582976268 706
1582978340 707
1582986017 708
1582986686 709
1582987636 710
1582990379 711
1582990926 712
1582992395 713
1582992628 714
1582993180 715
1582994276 716
1582998494 717
1582999938 718
1583000348 719
1583000756 720
1583002524 721
1583005014 722
1583005185 723
1583005572 724
1583006131 725
1583006155 726
1583006481 727
1583010269 728
1583010636 729
1583010946 730
1583011724 731
1583013290 732
1583013644 733
1583015969 734
1583017232 735
1583018787 736
1583021646 737
1583044078 738
1583049042 739
1583058550 740
1583061724 741
1583062578 742
1583065191 743
1583072042 744
1583074110 745
1583077462 746
1583080027 747
1583082260 748
1583083304 749
1583084335 750
1583085795 751
1583087673 752
1583089711 753
1583090422 754
1583090849 755
1583091164 756
1583091777 757
1583091915 758
1583093498 759
1583093790 760
1583093841 761
1583095000 762
1583100276 763
1583100396 764
1583101696 765
1583102192 766
1583103340 767
1583105552 768
1583108849 769
1583115640 770
1583131695 771
1583132180 772
1583132608 773
1583136924 774
1583142250 775
1583143847 776
1583148676 777
1583148926 778
1583151672 779
1583151695 780
1583151823 781
1583153334 782
1583154010 783
1583155665 784
1583155695 785
1583156047 786
1583157797 787
1583158490 788
1583159875 789
1583160067 790
1583162859 791
1583164380 792
1583165324 793
1583166187 794
1583167820 795
1583168212 796
1583168388 797
1583168876 798
1583170301 799
1583170607 800
1583170657 801
1583176121 802
1583176819 803
1583181768 804
1583184677 805
1583184726 806
1583184797 807
1583185240 808
1583186026 809
1583186484 810
1583186961 811
1583187874 812
1583189093 813
1583190945 814
1583193331 815
1583193843 816
1583196207 817
1583198653 818
1583220371 819
1583226444 820
1583228639 821
1583233159 822
1583235269 823
1583238361 824
1583238806 825
1583239491 826
1583239723 827
1583240739 828
1583241226 829
1583244336 830
1583246002 831
1583246336 832
1583247714 833
1583249219 834
1583249276 835
1583254819 836
1583255173 837
1583257851 838
1583260664 839
1583261701 840
1583265172 841
1583265571 842
1583265761 843
1583266056 844
1583266872 845
1583268079 846
1583269982 847
1583271259 848
1583271873 849
1583278055 850
1583279920 851
1583306960 852
1583307812 853
1583312153 854
1583316804 855
1583317287 856
1583317526 857
1583322666 858
1583323546 859
1583324701 860
1583326008 861
1583326796 862
1583326851 863
1583329707 864
1583329766 865
1583332387 866
1583333553 867
1583333785 868
1583335222 869
1583335783 870
1583337199 871
1583337975 872
1583338335 873
1583344069 874
1583346646 875
1583347076 876
1583348858 877
1583350184 878
1583352957 879
1583353853 880
1583359476 881
1583359624 882
1583364588 883
1583372542 884
1583380549 885
1583387023 886
1583390165 887
1583391427 888
1583396050 889
1583397004 890
1583398157 891
1583398264 892
1583399990 893
1583402131 894
1583404628 895
1583404933 896
1583405206 897
1583405779 898
1583407969 899
1583410520 900
1583410746 901
1583411088 902
1583413297 903
1583413520 904
1583415867 905
1583417396 906
1583420357 907
1583421541 908
1583423911 909
1583425391 910
1583426054 911
1583426515 912
1583428076 913
1583431629 914
1583432622 915
1583432997 916
1583434109 917
1583437042 918
1583437268 919
1583437934 920
1583438645 921
1583439390 922
1583440606 923
1583442074 924
1583444599 925
1583444894 926
1583446175 927
1583448634 928
1583451252 929
1583455362 930
1583456117 931
1583460415 932
1583476393 933
1583481795 934
1583482837 935
1583486516 936
1583487723 937
1583487750 938
1583488161 939
1583489104 940
1583489620 941
1583490809 942
1583491793 943
1583493356 944
1583494195 945
1583498447 946
1583500372 947
1583502357 948
1583502776 949
1583502942 950
1583503109 951
1583504046 952
1583504220 953
1583506390 954
1583506817 955
1583507778 956
1583507851 957
1583508542 958
1583512801 959
1583516683 960
1583518309 961
1583521633 962
1583523014 963
1583523508 964
1583525044 965
1583525210 966
1583526375 967
1583531166 968
1583533921 969
1583538214 970
1583539557 971
1583543124 972
1583548163 973
1583570868 974
1583572314 975
1583572469 976
1583574314 977
1583580628 978
1583584152 979
1583584677 980
1583587384 981
1583589852 982
1583594211 983
1583596315 984
1583599326 985
1583601605 986
1583604168 987
1583608959 988
1583609464 989
1583611726 990
1583613775 991
1583614769 992
1583614870 993
1583615655 994
1583616071 995
1583619428 996
1583625565 997
1583625739 998
1583633920 999
1583637915 1000
1583638146 1001
1583646243 1002
1583655198 1003
1583660557 1004
1583662122 1005
1583663416 1006
1583667935 1007
1583669007 1008
1583670517 1009
1583672828 1010
1583673059 1011
1583673226 1012
1583675607 1013
1583679377 1014
1583680251 1015
1583680914 1016
1583684085 1017
1583685229 1018
1583690335 1019
1583692576 1020
1583694339 1021
1583696359 1022
1583696780 1023
1583699910 1024
1583700177 1025
1583703376 1026
1583706195 1027
1583706383 1028
1583706602 1029
1583709824 1030
1583711113 1031
1583713283 1032
1583715360 1033
1583724944 1034
1583734573 1035
1583737708 1036
1583744677 1037
1583744788 1038
1583745880 1039
1583746584 1040
1583755915 1041
1583757348 1042
1583757420 1043
1583761852 1044
1583762414 1045
1583763398 1046
1583763567 1047
1583767396 1048
1583768343 1049
1583768722 1050
1583770805 1051
1583771803 1052
1583771869 1053
1583772231 1054
1583772333 1055
1583772465 1056
1583776537 1057
1583778825 1058
1583782810 1059
1583782888 1060
1583784344 1061
1583785090 1062
1583785928 1063
1583786999 1064
1583787396 1065
1583790111 1066
1583790496 1067
1583791485 1068
1583794288 1069
1583795516 1070
1583799918 1071
1583800180 1072
1583800460 1073
1583801264 1074
1583816476 1075
1583826500 1076
1583827615 1077
1583830685 1078
1583832091 1079
1583832986 1080
1583834461 1081
1583836407 1082
1583839480 1083
1583839881 1084
1583840635 1085
1583841059 1086
1583842421 1087
1583843509 1088
1583844807 1089
1583844963 1090
1583847478 1091
1583848213 1092
1583849807 1093
1583853754 1094
1583855305 1095
1583855713 1096
1583859888 1097
1583863946 1098
1583865779 1099
1583866945 1100
1583870780 1101
1583871684 1102
1583898259 1103
1583911358 1104
1583912331 1105
1583912883 1106
1583913184 1107
1583916382 1108
1583918962 1109
1583920638 1110
1583922046 1111
1583931353 1112
1583933197 1113
1583934954 1114
1583937801 1115
1583940791 1116
1583941386 1117
1583945865 1118
1583947908 1119
1583949421 1120
1583949647 1121
1583951652 1122
1583952568 1123
1583953323 1124
1583954390 1125
1583954753 1126
1583957008 1127
1583958576 1128
1583961415 1129
1583961419 1130
1583961950 1131
1583963329 1132
1583963615 1133
1583964215 1134
1583965735 1135
1583968352 1136
1583969483 1137
1583969544 1138
1583970080 1139
1583971804 1140
1583973557 1141
1583974878 1142
1583976073 1143
1583980767 1144
1583980807 1145
1583988858 1146
1583989126 1147
1583992428 1148
1583998732 1149
1584000090 1150
1584000892 1151
1584001484 1152
1584003074 1153
1584003794 1154
1584007557 1155
1584007776 1156
1584008348 1157
1584009266 1158
1584009297 1159
1584009316 1160
1584009865 1161
1584011401 1162
1584012897 1163
1584013359 1164
1584013582 1165
1584014076 1166
1584017842 1167
1584019384 1168
1584020001 1169
1584021612 1170
1584022009 1171
1584022269 1172
1584024031 1173
1584025706 1174
1584025998 1175
1584029582 1176
1584030426 1177
1584030778 1178
1584033341 1179
1584033602 1180
1584035120 1181
1584036545 1182
1584039510 1183
1584039668 1184
1584040451 1185
1584041336 1186
1584042253 1187
1584042361 1188
1584042823 1189
1584043275 1190
1584043316 1191
1584043330 1192
1584043351 1193
1584043367 1194
1584043391 1195
1584043427 1196
1584043476 1197
1584043515 1198
1584043631 1199
1584043646 1200
1584043738 1201
1584043765 1202
1584043816 1203
1584044318 1204
1584044373 1205
1584044405 1206
1584044722 1207
1584044814 1208
1584044872 1209
1584045196 1210
1584045216 1211
1584045454 1212
1584045733 1213
1584047255 1214
1584047733 1215
1584047857 1216
1584047957 1217
1584048272 1218
1584048799 1219
1584048984 1220
1584049489 1221
1584049823 1222
1584050059 1223
1584050165 1224
1584050949 1225
1584051150 1226
1584051350 1227
1584052701 1228
1584052927 1229
1584053131 1230
1584054807 1231
1584055601 1232
1584055645 1233
1584056053 1234
1584057057 1235
1584057757 1236
1584058901 1237
1584059485 1238
1584059849 1239
1584060080 1240
1584071834 1241
1584075439 1242
1584079510 1243
1584079568 1244
1584080401 1245
1584081554 1246
1584082531 1247
1584083341 1248
1584087096 1249
1584088091 1250
1584088150 1251
1584090231 1252
1584091257 1253
1584092550 1254
1584093655 1255
1584094450 1256
1584095317 1257
1584096938 1258
1584098998 1259
1584100275 1260
1584101767 1261
1584102150 1262
1584102553 1263
1584104796 1264
1584105279 1265
1584106094 1266
1584106438 1267
1584106816 1268
1584107665 1269
1584109653 1270
1584110896 1271
1584111891 1272
1584114441 1273
1584114458 1274
1584114937 1275
1584118451 1276
1584119351 1277
1584120803 1278
1584122433 1279
1584122583 1280
1584125525 1281
1584125721 1282
1584125944 1283
1584126229 1284
1584127174 1285
1584127716 1286
1584128617 1287
1584129430 1288
1584131970 1289
1584132939 1290
1584133610 1291
1584135937 1292
1584136241 1293
1584136491 1294
1584136753 1295
1584137422 1296
1584137585 1297
1584137812 1298
1584137986 1299
1584138104 1300
1584139102 1301
1584140004 1302
1584141095 1303
1584145853 1304
1584147330 1305
1584149891 1306
1584166434 1307
1584176087 1308
1584177771 1309
1584179949 1310
1584181088 1311
1584181360 1312
1584181985 1313
1584183437 1314
1584184029 1315
1584184613 1316
1584186496 1317
1584186875 1318
1584187272 1319
1584189358 1320
1584189688 1321
1584190967 1322
1584192993 1323
1584193804 1324
1584194806 1325
1584196516 1326
1584196519 1327
1584196982 1328
1584197030 1329
1584198538 1330
1584201100 1331
1584201823 1332
1584202937 1333
1584203493 1334
1584207487 1335
1584209232 1336
1584209496 1337
1584209943 1338
1584212096 1339
1584213881 1340
1584214174 1341
1584214618 1342
1584215222 1343
1584215272 1344
1584215574 1345
1584215953 1346
1584216016 1347
1584216111 1348
1584217017 1349
1584217074 1350
1584217468 1351
1584217510 1352
1584217584 1353
1584217661 1354
1584217728 1355
1584217938 1356
1584218130 1357
1584218398 1358
1584218437 1359
1584218609 1360
1584218747 1361
1584218752 1362
1584218757 1363
1584218921 1364
1584218926 1365
1584219054 1366
1584219306 1367
1584219923 1368
1584220291 1369
1584220401 1370
1584220750 1371
1584220857 1372
1584220896 1373
1584221080 1374
1584221491 1375
1584221565 1376
1584221656 1377
1584221664 1378
1584221734 1379
1584222221 1380
1584222342 1381
1584222407 1382
1584223121 1383
1584223446 1384
1584223522 1385
1584223806 1386
1584224552 1387
1584224728 1388
1584225157 1389
1584225463 1390
1584225948 1391
1584226030 1392
1584226387 1393
1584226730 1394
1584227310 1395
1584228224 1396
1584228448 1397
1584228655 1398
1584228709 1399
1584228762 1400
1584230471 1401
1584230508 1402
1584230633 1403
1584231105 1404
1584231127 1405
1584231836 1406
1584232760 1407
1584233485 1408
1584233602 1409
1584234405 1410
1584235319 1411
1584235329 1412
1584235456 1413
1584235846 1414
1584236160 1415
1584237774 1416
1584252017 1417
1584254250 1418
1584256800 1419
1584258453 1420
1584259587 1421
1584259794 1422
1584259941 1423
1584261510 1424
1584261600 1425
1584261735 1426
1584263044 1427
1584263125 1428
1584263314 1429
1584263727 1430
1584265334 1431
1584266719 1432
1584267366 1433
1584268067 1434
1584268285 1435
1584268451 1436
1584268453 1437
1584269354 1438
1584271431 1439
1584271621 1440
1584271870 1441
1584271991 1442
1584272080 1443
1584272379 1444
1584272453 1445
1584273427 1446
1584273705 1447
1584273731 1448
1584273797 1449
1584273824 1450
1584274228 1451
1584275060 1452
1584275106 1453
1584275526 1454
1584276423 1455
1584277364 1456
1584279118 1457
1584280143 1458
1584280207 1459
1584280658 1460
1584281015 1461
1584282583 1462
1584282818 1463
1584283191 1464
1584284060 1465
1584284093 1466
1584285493 1467
1584286721 1468
1584287018 1469
1584287107 1470
1584287449 1471
1584287556 1472
1584288969 1473
1584289446 1474
1584290342 1475
1584291410 1476
1584291824 1477
1584292255 1478
1584292483 1479
1584292899 1480
1584292998 1481
1584293260 1482
1584293396 1483
1584293589 1484
1584293641 1485
1584293788 1486
1584294018 1487
1584294123 1488
1584294397 1489
1584294643 1490
1584294775 1491
1584295196 1492
1584295349 1493
1584295528 1494
1584295551 1495
1584296028 1496
1584296132 1497
1584297020 1498
1584297051 1499
1584297172 1500
1584298096 1501
1584298541 1502
1584299300 1503
1584299330 1504
1584299433 1505
1584300024 1506
1584300239 1507
1584301560 1508
1584301598 1509
1584302599 1510
1584303481 1511
1584303737 1512
1584304546 1513
1584304546 1514
1584304863 1515
1584304882 1516
1584305241 1517
1584305456 1518
1584305965 1519
1584306014 1520
1584306689 1521
1584307247 1522
1584307335 1523
1584307473 1524
1584308454 1525
1584309219 1526
1584310057 1527
1584310339 1528
1584310654 1529
1584310953 1530
1584311800 1531
1584311899 1532
1584311959 1533
1584312368 1534
1584312433 1535
1584312637 1536
1584313412 1537
1584313855 1538
1584314495 1539
1584314586 1540
1584315039 1541
1584318635 1542
1584320675 1543
1584322907 1544
1584322974 1545
1584324385 1546
1584325782 1547
1584328234 1548
1584328789 1549
1584329646 1550
1584335305 1551
1584339301 1552
1584341464 1553
1584342243 1554
1584342803 1555
1584344641 1556
1584344840 1557
1584345456 1558
1584346635 1559
1584346691 1560
1584346978 1561
1584347593 1562
1584347607 1563
1584347911 1564
1584348544 1565
1584348810 1566
1584349240 1567
1584349615 1568
1584351189 1569
1584351422 1570
1584352274 1571
1584352706 1572
1584352806 1573
1584353819 1574
1584354266 1575
1584354402 1576
1584355192 1577
1584355466 1578
1584355923 1579
1584356336 1580
1584356396 1581
1584356462 1582
1584356723 1583
1584356886 1584
1584357079 1585
1584357590 1586
1584357965 1587
1584358281 1588
1584358295 1589
1584358947 1590
1584359105 1591
1584359423 1592
1584359497 1593
1584359592 1594
1584359750 1595
1584360103 1596
1584360150 1597
1584360428 1598
1584361423 1599
1584362027 1600
1584362632 1601
1584362677 1602
1584362847 1603
1584362882 1604
1584363072 1605
1584363197 1606
1584363815 1607
1584364160 1608
1584364939 1609
1584365561 1610
1584365575 1611
1584366717 1612
1584368013 1613
1584368017 1614
1584368076 1615
1584369862 1616
1584369942 1617
1584370980 1618
1584371232 1619
1584371310 1620
1584372010 1621
1584372211 1622
1584372549 1623
1584373576 1624
1584373765 1625
1584373969 1626
1584373996 1627
1584374822 1628
1584375396 1629
1584375440 1630
1584376089 1631
1584376233 1632
1584376235 1633
1584376760 1634
1584377004 1635
1584377840 1636
1584377924 1637
1584378048 1638
1584378341 1639
1584378406 1640
1584379259 1641
1584379717 1642
1584379972 1643
1584379994 1644
1584380038 1645
1584382435 1646
1584382656 1647
1584382672 1648
1584383414 1649
1584383981 1650
1584384311 1651
1584384715 1652
1584384880 1653
1584385060 1654
1584385111 1655
1584385292 1656
1584385630 1657
1584385633 1658
1584386217 1659
1584386768 1660
1584386977 1661
1584387555 1662
1584388081 1663
1584388104 1664
1584388317 1665
1584388656 1666
1584388677 1667
1584389086 1668
1584389134 1669
1584389164 1670
1584389290 1671
1584389457 1672
1584389629 1673
1584389802 1674
1584389937 1675
1584391129 1676
1584391646 1677
1584391838 1678
1584392509 1679
1584392570 1680
1584392665 1681
1584393432 1682
1584393686 1683
1584394071 1684
1584394251 1685
1584394351 1686
1584395340 1687
1584395914 1688
1584396782 1689
1584396903 1690
1584397049 1691
1584397135 1692
1584397235 1693
1584397371 1694
1584398021 1695
1584398423 1696
1584398612 1697
1584398618 1698
1584398809 1699
1584399170 1700
1584399325 1701
1584400031 1702
1584400404 1703
1584400427 1704
1584400460 1705
1584400951 1706
1584401321 1707
1584402511 1708
1584402626 1709
1584402814 1710
1584403377 1711
1584403668 1712
1584404183 1713
1584404738 1714
1584404799 1715
1584411037 1716
1584411260 1717
1584425548 1718
1584425562 1719
1584428360 1720
1584430319 1721
1584430471 1722
1584431436 1723
1584431867 1724
1584433247 1725
1584433311 1726
1584434985 1727
1584435525 1728
1584436657 1729
1584436945 1730
1584436958 1731
1584438638 1732
1584439057 1733
1584441130 1734
1584441871 1735
1584442072 1736
1584443285 1737
1584443833 1738
1584443922 1739
1584444322 1740
1584444634 1741
1584445251 1742
1584445633 1743
1584446266 1744
1584446346 1745
1584447511 1746
1584447611 1747
1584447649 1748
1584447698 1749
1584448352 1750
1584448433 1751
1584448666 1752
1584449225 1753
1584450078 1754
1584451094 1755
1584451843 1756
1584453048 1757
1584453828 1758
1584454587 1759
1584456251 1760
1584456762 1761
1584456864 1762
1584457880 1763
1584459051 1764
1584459095 1765
1584459371 1766
1584459663 1767
1584460317 1768
1584460331 1769
1584461187 1770
1584462802 1771
1584462843 1772
1584463038 1773
1584463321 1774
1584463364 1775
1584463592 1776
1584464619 1777
1584465037 1778
1584465561 1779
1584465994 1780
1584466028 1781
1584466305 1782
1584466376 1783
1584466443 1784
1584470849 1785
1584472900 1786
1584473887 1787
1584474056 1788
1584474065 1789
1584474341 1790
1584477179 1791
1584478380 1792
1584482613 1793
1584482734 1794
1584483980 1795
1584485518 1796
1584485997 1797
1584489264 1798
1584489904 1799
1584490264 1800
1584490642 1801
1584491082 1802
1584491238 1803
1584491596 1804
1584516458 1805
1584518900 1806
1584519736 1807
1584521381 1808
1584522966 1809
1584523173 1810
1584523948 1811
1584524651 1812
1584525126 1813
1584525695 1814
1584526297 1815
1584527151 1816
1584528474 1817
1584530077 1818
1584530421 1819
1584531754 1820
1584531983 1821
1584532310 1822
1584532336 1823
1584534894 1824
1584535086 1825
1584535092 1826
1584535418 1827
1584538648 1828
1584539820 1829
1584540049 1830
1584540882 1831
1584541085 1832
1584543159 1833
1584543688 1834
1584543941 1835
1584544153 1836
1584544402 1837
1584544908 1838
1584547426 1839
1584548330 1840
1584548445 1841
1584548994 1842
1584552256 1843
1584553192 1844
1584554057 1845
1584554826 1846
1584555053 1847
1584555817 1848
1584557544 1849
1584558627 1850
1584558724 1851
1584559186 1852
1584559456 1853
1584559526 1854
1584560624 1855
1584561196 1856
1584562554 1857
1584562987 1858
1584563172 1859
1584563644 1860
1584563691 1861
1584565028 1862
1584565405 1863
1584566371 1864
1584567177 1865
1584568495 1866
1584570380 1867
1584571226 1868
1584578348 1869
1584578845 1870
1584579271 1871
1584603667 1872
1584604036 1873
1584604469 1874
1584607740 1875
1584612873 1876
1584614702 1877
1584616339 1878
1584618923 1879
1584619030 1880
1584620707 1881
1584620996 1882
1584622863 1883
1584625355 1884
1584630607 1885
1584631991 1886
1584632885 1887
1584633341 1888
1584633994 1889
1584636600 1890
1584636858 1891
1584637159 1892
1584639441 1893
1584640741 1894
1584641040 1895
1584644573 1896
1584645527 1897
1584649964 1898
1584653809 1899
1584656110 1900
1584656499 1901
1584658546 1902
1584660096 1903
1584670147 1904
1584677227 1905
1584687656 1906
1584690136 1907
1584692267 1908
1584693849 1909
1584694018 1910
1584694425 1911
1584696987 1912
1584698314 1913
1584698690 1914
1584699077 1915
1584700442 1916
1584702105 1917
1584702278 1918
1584703510 1919
1584703810 1920
1584704184 1921
1584704650 1922
1584705429 1923
1584706296 1924
1584707866 1925
1584710739 1926
1584712099 1927
1584716945 1928
1584718199 1929
1584720083 1930
1584720838 1931
1584721897 1932
1584722315 1933
1584722978 1934
1584723403 1935
1584723771 1936
1584723799 1937
1584724486 1938
1584725420 1939
1584727860 1940
1584727960 1941
1584732857 1942
1584734243 1943
1584734344 1944
1584734704 1945
1584735101 1946
1584736301 1947
1584736744 1948
1584737966 1949
1584737972 1950
1584738023 1951
1584740330 1952
1584740400 1953
1584740682 1954
1584743929 1955
1584745107 1956
1584746236 1957
1584747353 1958
1584749313 1959
1584749771 1960
1584755096 1961
1584756654 1962
1584756675 1963
1584757668 1964
1584771988 1965
1584776215 1966
1584776360 1967
1584785020 1968
1584786444 1969
1584790755 1970
1584793983 1971
1584794520 1972
1584796003 1973
1584800258 1974
1584800351 1975
1584800485 1976
1584808466 1977
1584810580 1978
1584816006 1979
1584816530 1980
1584816715 1981
1584820419 1982
1584820638 1983
1584822807 1984
1584823233 1985
1584826291 1986
1584826700 1987
1584827001 1988
1584829731 1989
1584829988 1990
1584831484 1991
1584833133 1992
1584833292 1993
1584833711 1994
1584835338 1995
1584836185 1996
1584842394 1997
1584844297 1998
1584848947 1999
1584859364 2000
1584864825 2001
1584864858 2002
1584867378 2003
1584869616 2004
1584870156 2005
1584870476 2006
1584874411 2007
1584876458 2008
1584878907 2009
1584882275 2010
1584883291 2011
1584885004 2012
1584885828 2013
1584887480 2014
1584892537 2015
1584892582 2016
1584894447 2017
1584898106 2018
1584901804 2019
1584902064 2020
1584906437 2021
1584907450 2022
1584907891 2023
1584911090 2024
1584911108 2025
1584912895 2026
1584914530 2027
1584916381 2028
1584916972 2029
1584918155 2030
1584919668 2031
1584920397 2032
1584922415 2033
1584922910 2034
1584927024 2035
1584942277 2036
1584947455 2037
1584947476 2038
1584962174 2039
1584963313 2040
1584965033 2041
1584965227 2042
1584969000 2043
1584969036 2044
1584971706 2045
1584972873 2046
1584974040 2047
1584974126 2048
1584976460 2049
1584976533 2050
1584976807 2051
1584977452 2052
1584978015 2053
1584979589 2054
1584980297 2055
1584980375 2056
1584980772 2057
1584981484 2058
1584982934 2059
1584984735 2060
1584985383 2061
1584987113 2062
1584987935 2063
1584990539 2064
1584994701 2065
1584995707 2066
1584997043 2067
1584999386 2068
1585000496 2069
1585000939 2070
1585002202 2071
1585003050 2072
1585030438 2073
1585038916 2074
1585042190 2075
1585043303 2076
1585044668 2077
1585044738 2078
1585049243 2079
1585062493 2080
1585065861 2081
1585069332 2082
1585070050 2083
1585073473 2084
1585076131 2085
1585082818 2086
1585087377 2087
1585119539 2088
1585123565 2089
1585123787 2090
1585126202 2091
1585126539 2092
1585132908 2093
1585139712 2094
1585150674 2095
1585151330 2096
1585151754 2097
1585156434 2098
1585156497 2099
1585156664 2100
1585157991 2101
1585159248 2102
1585160325 2103
1585163221 2104
1585164365 2105
1585168749 2106
1585169363 2107
1585169819 2108
1585178033 2109
1585180771 2110
1585184143 2111
1585191549 2112
1585217953 2113
1585218593 2114
1585219537 2115
1585228728 2116
1585229842 2117
1585238066 2118
1585240672 2119
1585243652 2120
1585251319 2121
1585251319 2122
1585261803 2123
1585261920 2124
1585262332 2125
1585263851 2126
1585268345 2127
1585288515 2128
1585301109 2129
1585304706 2130
1585305658 2131
1585310549 2132
1585311433 2133
1585311899 2134
1585314085 2135
1585316504 2136
1585319094 2137
1585319159 2138
1585322469 2139
1585327192 2140
1585328026 2141
1585328490 2142
1585333771 2143
1585346148 2144
1585350976 2145
1585353990 2146
1585356207 2147
1585356371 2148
1585360524 2149
1585361662 2150
1585369988 2151
1585382707 2152
1585386805 2153
1585387998 2154
1585388193 2155
1585389750 2156
1585392523 2157
1585392618 2158
1585394792 2159
1585394884 2160
1585396836 2161
1585398129 2162
1585398427 2163
1585400478 2164
1585404098 2165
1585404557 2166
1585412626 2167
1585414574 2168
1585417603 2169
1585419974 2170
1585420272 2171
1585420291 2172
1585421386 2173
1585423320 2174
1585424064 2175
1585430555 2176
1585430645 2177
1585443960 2178
1585445651 2179
1585472433 2180
1585476346 2181
1585479210 2182
1585479263 2183
1585479332 2184
1585483132 2185
1585487616 2186
1585490235 2187
1585490932 2188
1585493515 2189
1585498217 2190
1585499064 2191
1585500286 2192
1585509737 2193
1585514615 2194
1585516106 2195
1585519706 2196
1585524810 2197
1585527163 2198
1585555288 2199
1585556713 2200
1585559913 2201
1585565813 2202
1585570161 2203
1585573744 2204
1585589129 2205
1585596575 2206
1585597177 2207
1585602471 2208
1585602970 2209
1585612585 2210
1585630900 2211
1585648520 2212
1585655891 2213
1585656637 2214
1585657363 2215
1585658180 2216
1585663394 2217
1585663771 2218
1585669104 2219
1585671581 2220
1585673758 2221
1585683070 2222
1585734524 2223
1585747126 2224
1585753528 2225
1585754670 2226
1585771679 2227
1585779285 2228
1585782160 2229
1585784845 2230
1585788319 2231
1585819439 2232
1585824580 2233
1585828269 2234
1585839586 2235
1585845237 2236
1585850566 2237
1585851896 2238
1585863545 2239
1585868544 2240
1585870417 2241
1585896732 2242
1585909362 2243
1585911361 2244
1585922674 2245
1585923276 2246
1585929679 2247
1585930158 2248
1585933597 2249
1585938272 2250
1585956132 2251
1585956148 2252
1585958224 2253
1585958903 2254
1585978559 2255
1585990855 2256
1586018401 2257
1586022561 2258
1586024419 2259
1586033963 2260
1586055536 2261
1586084722 2262
1586094239 2263
1586096921 2264
1586098273 2265
1586106175 2266
1586116282 2267
1586117364 2268
1586124149 2269
1586125852 2270
1586140078 2271
1586166331 2272
1586167324 2273
1586167525 2274
1586173488 2275
1586178654 2276
1586180464 2277
1586180827 2278
1586180969 2279
1586185203 2280
1586196788 2281
1586198448 2282
1586201201 2283
1586204953 2284
1586207756 2285
1586209225 2286
1586209803 2287
1586215370 2288
1586215990 2289
1586217136 2290
1586220876 2291
1586257436 2292
1586257636 2293
1586257793 2294
1586263293 2295
1586267032 2296
1586273011 2297
1586287352 2298
1586291159 2299
1586296495 2300
1586340034 2301
1586344691 2302
1586352309 2303
1586353198 2304
1586366562 2305
1586369200 2306
1586372256 2307
1586374570 2308
1586380714 2309
1586443351 2310
1586444161 2311
1586469718 2312
1586473546 2313
1586480270 2314
1586483090 2315
1586502196 2316
1586526174 2317
1586546792 2318
1586619429 2319
1586623787 2320
1586623848 2321
1586627751 2322
1586628030 2323
1586653267 2324
1586654915 2325
1586688618 2326
1586688908 2327
1586695295 2328
1586696313 2329
1586707820 2330
1586707993 2331
1586711928 2332
1586720951 2333
1586742804 2334
1586768656 2335
1586774139 2336
1586776882 2337
1586808336 2338
1586808458 2339
1586809248 2340
1586809543 2341
1586810787 2342
1586811360 2343
1586812405 2344
1586813743 2345
1586814080 2346
1586814428 2347
1586815525 2348
1586817822 2349
1586819093 2350
1586820709 2351
1586822306 2352
1586822802 2353
1586827138 2354
1586827865 2355
1586861284 2356
1586869759 2357
1586870050 2358
1586872137 2359
1586886578 2360
1586891379 2361
1586893337 2362
1586904795 2363
1586947331 2364
1586950857 2365
1586958467 2366
1586977822 2367
1586979899 2368
1586987719 2369
1587029238 2370
1587059746 2371
1587073381 2372
1587080119 2373
1587136721 2374
1587138812 2375
1587139400 2376
1587140673 2377
1587140774 2378
1587149305 2379
1587168594 2380
1587175508 2381
1587200619 2382
1587208834 2383
1587210213 2384
1587220757 2385
1587223103 2386
1587235686 2387
1587235704 2388
1587238887 2389
1587239610 2390
1587254262 2391
1587261679 2392
1587299017 2393
1587306140 2394
1587320496 2395
1587320779 2396
1587322177 2397
1587324792 2398
1587339383 2399
1587344879 2400
1587397051 2401
1587402510 2402
1587403093 2403
1587461283 2404
1587470648 2405
1587471890 2406
1587495926 2407
1587498763 2408
1587499959 2409
1587511870 2410
1587539243 2411
1587549267 2412
1587570243 2413
1587592012 2414
1587595194 2415
1587644363 2416
1587645366 2417
1587647615 2418
1587724929 2419
1587726321 2420
1587729615 2421
1587742326 2422
1587762593 2423
1587819968 2424
1587838120 2425
1587846345 2426
1587856384 2427
1587857274 2428
1587859442 2429
1587860616 2430
1587891002 2431
1587913492 2432
1587933119 2433
1587945481 2434
1588015992 2435
1588086561 2436
1588089493 2437
1588090888 2438
1588093201 2439
1588113491 2440
1588149741 2441
1588163866 2442
1588181489 2443
1588196144 2444
1588236411 2445
1588245006 2446
1588245247 2447
1588258162 2448
1588274752 2449
1588281474 2450
1588290785 2451
1588335402 2452
1588348232 2453
1588353601 2454
1588422315 2455
1588443322 2456
1588508906 2457
1588510780 2458
1588553946 2459
1588678574 2460
1588711572 2461
1588714176 2462
1588756707 2463
1588764674 2464
1588765228 2465
1588800382 2466
1588868510 2467
1588868688 2468
1588873336 2469
1588945360 2470
1588960193 2471
1588964238 2472
1589031904 2473
1589046370 2474
1589052771 2475
1589054435 2476
1589122640 2477
1589142107 2478
1589147525 2479
1589151966 2480
1589158220 2481
1589185295 2482
1589196756 2483
1589199978 2484
1589202262 2485
1589240803 2486
1589279565 2487
1589283745 2488
1589289898 2489
1589300676 2490
1589315651 2491
1589466719 2492
1589712998 2493
1589717842 2494
1589797025 2495
1589815205 2496
1589838154 2497
1589888721 2498
1590000499 2499
1590056110 2500
1590060606 2501
1590174302 2502
1590311890 2503
1590317795 2504
1590320194 2505
1590364234 2506
1590392359 2507
1590434559 2508
1590488619 2509
1590528518 2510
1590674666 2511
1590685472 2512
1590687762 2513
1590687933 2514
1590761553 2515
1590782132 2516
1590844281 2517
1590976337 2518
1591042554 2519
