1579611316 1 0 1
1579611555 2 0 2
1579613366 3 0 3
1579617811 4 0 4
1579621979 5 0 5
1579622150 6 0 6
1579627499 7 0 7
1579629367 8 0 8
1579630675 9 0 9
1579630765 10 0 10
1579631666 11 0 11
1579636944 12 0 12
1579639995 13 0 13
1579640280 14 0 14
1579640775 15 0 15
1579646008 16 0 16
1579678473 17 0 17
1579693339 18 0 18
1579724250 19 0 19
1579727123 20 0 20
1579727177 21 0 21
1579727975 22 0 22
1579730378 23 0 23
1579730809 24 0 24
1579733220 25 0 25
1579734009 26 0 26
1579734215 27 0 27
1579734792 28 0 28
1579735590 29 0 29
1579737627 30 0 30
1579738363 31 0 31
1579740900 32 0 32
1579742068 33 0 33
1579760592 34 0 34
1579772175 35 0 35
1579775467 36 0 36
1579776449 37 1 36
1579777951 38 1 37
1579778672 39 1 38
1579778830 40 1 39
1579784057 41 1 40
1579784270 42 1 41
1579784502 43 1 42
1579787783 44 1 43
1579791432 45 1 44
1579792908 46 1 45
1579792912 47 1 46
1579793285 48 1 47
1579793640 49 1 48
1579793677 50 1 49
1579802143 51 1 50
1579805056 52 2 50
1579806529 53 2 51
1579811179 54 2 52
1579821659 55 2 53
1579822944 56 2 54
1579823091 57 2 55
1579826431 58 2 56
1579827367 59 2 57
1579840018 60 2 58
1579844499 61 2 59
1579849146 62 2 60
1579849340 63 2 61
1579852403 64 2 62
1579853947 65 2 63
1579854262 66 2 64
1579858552 67 2 65
1579858590 68 2 66
1579858604 69 2 67
1579861015 70 2 68
1579861671 71 2 69
1579863724 72 2 70
1579870016 73 2 71
1579870844 74 2 72
1579871363 75 3 72
1579872263 76 3 73
1579873194 77 3 74
1579874713 78 4 74
1579875857 79 4 75
1579877603 80 4 76
1579880211 81 4 77
1579880806 82 5 77
1579885751 83 5 78
1579886544 84 5 79
1579886746 85 5 80
1579887026 86 5 81
1579887245 87 5 82
1579888707 88 5 83
1579890751 89 5 84
1579892037 90 5 85
1579897192 91 5 86
1579897615 92 5 87
1579897628 93 5 88
1579898020 94 5 89
1579898093 95 5 90
1579898104 96 5 91
1579898295 97 5 92
1579898366 98 5 93
1579899120 99 5 94
1579899597 100 5 95
1579899783 101 5 96
1579899824 102 5 97
1579900037 103 5 98
1579900093 104 5 99
1579900136 105 5 100
1579900290 106 5 101
1579900351 107 5 102
1579900500 108 5 103
1579900515 109 5 104
1579900888 110 5 105
1579901083 111 5 106
1579901210 112 5 107
1579901630 113 5 108
1579901787 114 5 109
1579901886 115 5 110
1579901916 116 5 111
1579902344 117 5 112
1579903110 118 5 113
1579904004 119 5 114
1579904013 120 5 115
1579904655 121 5 116
1579904674 122 5 117
1579904963 123 5 118
1579905912 124 5 119
1579906049 125 5 120
1579906055 126 5 121
1579906227 127 5 122
1579906351 128 5 123
1579906556 129 5 124
1579906859 130 5 125
1579906939 131 5 126
1579906979 132 5 127
1579907338 133 5 128
1579908229 134 5 129
1579908293 135 5 130
1579908329 136 5 131
1579908840 137 5 132
1579909219 138 5 133
1579911342 139 5 134
1579915186 140 5 135
1579915723 141 5 136
1579916416 142 5 137
1579917298 143 5 138
1579917630 144 5 139
1579919733 145 5 140
1579920712 146 5 141
1579922026 147 5 142
1579924938 148 5 143
1579934676 149 5 144
1579938071 150 5 145
1579938750 151 5 146
1579939400 152 6 146
1579940047 153 6 147
1579943548 154 7 147
1579943708 155 7 148
1579943871 156 7 149
1579944323 157 7 150
1579944902 158 7 151
1579946835 159 7 152
1579947236 160 7 153
1579947909 161 7 154
1579949445 162 7 155
1579949468 163 7 156
1579949652 164 7 157
1579949677 165 7 158
1579949757 165 8 157
1579950448 166 8 158
1579950615 167 8 159
1579951014 168 8 160
1579951945 169 8 161
1579953209 170 8 162
1579956895 171 8 163
1579957886 172 8 164
1579957910 173 8 165
1579958003 174 8 166
1579958144 174 9 165
1579958330 175 9 166
1579961352 176 9 167
1579961635 177 9 168
1579962300 178 9 169
1579962525 179 9 170
1579962557 180 9 171
1579964705 181 9 172
1579966349 182 9 173
1579966383 183 9 174
1579967323 184 9 175
1579967349 185 9 176
1579968270 186 9 177
1579969765 187 9 178
1579972703 188 9 179
1579972896 189 9 180
1579973982 190 9 181
1579975431 191 9 182
1579975776 192 9 183
1579976055 193 9 184
1579976177 194 9 185
1579976762 195 10 185
1579977121 196 10 186
1579977800 196 11 185
1579978580 197 11 186
1579979761 198 11 187
1579979940 199 11 188
1579982056 200 11 189
1579982100 201 11 190
1579984623 202 11 191
1579986219 203 11 192
1579987781 204 11 193
1579990366 205 11 194
1579995294 206 11 195
1579999312 207 11 196
1580021099 208 11 197
1580022720 208 12 196
1580023491 209 12 197
1580025385 210 12 198
1580032617 211 12 199
1580032644 212 12 200
1580034093 213 12 201
1580036233 214 12 202
1580036556 215 12 203
1580037245 216 12 204
1580039617 217 12 205
1580039816 218 12 206
1580040653 219 12 207
1580041049 220 12 208
1580041576 221 12 209
1580044253 222 12 210
1580056459 223 12 211
1580057179 224 12 212
1580063156 225 12 213
1580065990 226 12 214
1580069107 227 12 215
1580072563 228 12 216
1580073364 229 12 217
1580076278 229 13 216
1580077054 230 13 217
1580077921 231 14 217
1580078790 232 14 218
1580079026 233 14 219
1580081552 234 14 220
1580082532 235 14 221
1580109046 236 14 222
1580116947 237 14 223
1580118638 238 14 224
1580119156 239 14 225
1580121793 240 14 226
1580122138 241 14 227
1580129294 242 14 228
1580129688 243 14 229
1580130647 244 14 230
1580133359 245 14 231
1580134245 246 14 232
1580135310 247 14 233
1580135506 248 14 234
1580135682 249 14 235
1580137293 250 14 236
1580139983 251 14 237
1580140796 252 14 238
1580141917 253 14 239
1580142357 254 14 240
1580142844 254 15 239
1580143850 255 15 240
1580145999 256 15 241
1580147519 257 15 242
1580148839 258 15 243
1580149825 259 15 244
1580149929 260 15 245
1580149994 261 15 246
1580150937 262 15 247
1580152565 263 15 248
1580153583 264 15 249
1580157337 265 15 250
1580157604 266 15 251
1580159805 266 16 250
1580162604 267 16 251
1580163235 268 16 252
1580163355 269 16 253
1580179150 270 16 254
1580180392 271 16 255
1580186044 272 16 256
1580200461 273 16 257
1580204608 274 16 258
1580205290 275 16 259
1580208217 276 16 260
1580208891 277 16 261
1580209087 278 16 262
1580209441 279 16 263
1580209664 280 16 264
1580209714 281 16 265
1580210960 282 16 266
1580214064 283 17 266
1580214642 284 17 267
1580214715 285 17 268
1580215390 286 17 269
1580215430 287 17 270
1580218095 288 17 271
1580218312 289 18 271
1580233880 290 18 272
1580234905 291 18 273
1580237499 292 18 274
1580239491 293 18 275
1580239614 294 18 276
1580239642 295 18 277
1580240823 296 18 278
1580242009 297 18 279
1580242271 298 18 280
1580244435 299 18 281
1580246007 300 18 282
1580247341 300 19 281
1580250782 301 19 282
1580252123 302 19 283
1580263337 303 19 284
1580266899 304 19 285
1580281426 305 19 286
1580286821 306 19 287
1580287630 306 20 286
1580289227 307 20 287
1580291450 308 20 288
1580291926 309 20 289
1580292256 310 20 290
1580293317 311 20 291
1580293461 312 20 292
1580294692 313 20 293
1580295949 314 21 293
1580297046 315 21 294
1580304197 316 21 295
1580305313 317 21 296
1580308050 318 21 297
1580309486 319 21 298
1580314182 320 21 299
1580328596 321 21 300
1580329136 322 21 301
1580333196 323 22 301
1580334924 324 22 302
1580341579 325 22 303
1580342258 325 23 302
1580352894 326 23 303
1580361242 327 23 304
1580372528 328 23 305
1580378199 329 23 306
1580378646 330 24 306
1580379102 331 24 307
1580380689 332 24 308
1580381070 333 24 309
1580381504 334 24 310
1580383871 335 24 311
1580386391 336 24 312
1580389339 337 24 313
1580390124 338 24 314
1580393195 338 25 313
1580393334 339 25 314
1580396988 340 25 315
1580397439 341 25 316
1580404348 342 25 317
1580418110 343 25 318
1580418279 344 25 319
1580419059 345 25 320
1580420960 346 25 321
1580425672 347 25 322
1580460065 348 25 323
1580461280 349 25 324
1580464664 350 25 325
1580468550 351 25 326
1580472199 351 26 325
1580472399 352 26 326
1580473279 353 26 327
1580474163 354 26 328
1580477055 355 26 329
1580478927 356 26 330
1580484853 357 26 331
1580487904 358 26 332
1580489721 358 27 331
1580494200 359 27 332
1580495775 360 27 333
1580495851 361 27 334
1580497424 362 28 334
1580499769 362 29 333
1580503648 363 29 334
1580503712 364 29 335
1580505690 365 29 336
1580518207 366 29 337
1580523931 366 30 336
1580545588 367 30 337
1580546975 368 30 338
1580547601 369 30 339
1580549137 369 31 338
1580549272 370 31 339
1580554637 371 32 339
1580555486 372 32 340
1580559931 373 32 341
1580563178 374 32 342
1580571642 375 32 343
1580596569 376 32 344
1580597746 377 32 345
1580602005 378 32 346
1580611880 379 32 347
1580615662 380 32 348
1580641210 381 32 349
1580641805 382 32 350
1580645299 383 32 351
1580647089 384 32 352
1580654725 385 32 353
1580655562 386 32 354
1580659674 387 32 355
1580673381 388 32 356
1580682687 389 32 357
1580684741 390 32 358
1580699492 391 32 359
1580716630 392 32 360
1580721735 393 32 361
1580724385 394 32 362
1580726052 394 33 361
1580728884 395 33 362
1580740545 396 33 363
1580740922 397 33 364
1580743245 397 34 363
1580744082 398 34 364
1580748471 399 34 365
1580758515 399 35 364
1580762786 400 35 365
1580763051 401 35 366
1580768440 402 35 367
1580772379 403 35 368
1580802759 404 35 369
1580819039 404 36 368
1580819234 405 36 369
1580825801 406 36 370
1580836548 407 36 371
1580837864 408 36 372
1580843552 409 37 372
1580858244 410 37 373
1580866186 411 37 374
1580889641 412 37 375
1580905759 413 37 376
1580908682 413 38 375
1580913537 414 38 376
1580916749 415 38 377
1580920567 416 38 378
1580921681 417 38 379
1580921851 418 38 380
1580927084 419 38 381
1580936329 420 38 382
1580978260 421 38 383
1580986937 422 38 384
1580995182 422 39 383
1581010663 423 39 384
1581061851 424 39 385
1581070613 425 39 386
1581072844 426 39 387
1581074277 427 39 388
1581086123 428 39 389
1581094415 429 39 390
1581098706 430 40 390
1581101146 430 41 389
1581118315 431 41 390
1581119816 432 41 391
1581157548 433 41 392
1581158479 434 41 393
1581159381 435 41 394
1581159953 436 41 395
1581161411 437 41 396
1581162629 438 41 397
1581172511 439 41 398
1581176407 440 42 398
1581177359 441 42 399
1581181207 442 42 400
1581183489 443 42 401
1581187306 444 42 402
1581188385 445 42 403
1581193042 446 42 404
1581195345 447 42 405
1581246862 447 43 404
1581324821 448 43 405
1581331161 449 43 406
1581331394 450 43 407
1581334312 451 43 408
1581339543 452 43 409
1581352644 453 43 410
1581357967 454 43 411
1581370515 455 44 411
1581412981 456 44 412
1581414559 457 44 413
1581419656 458 44 414
1581428997 459 44 415
1581429752 460 44 416
1581435264 461 44 417
1581442081 462 44 418
1581444549 462 45 417
1581445993 463 45 418
1581449554 464 45 419
1581450308 465 46 419
1581496171 466 46 420
1581509957 467 46 421
1581513139 468 46 422
1581546660 469 46 423
1581581725 470 47 423
1581582731 471 47 424
1581585241 472 47 425
1581585824 473 47 426
1581594387 474 48 426
1581602748 474 49 425
1581610854 475 49 426
1581612353 476 49 427
1581635783 477 49 428
1581646190 478 49 429
1581679386 479 49 430
1581763985 479 50 429
1581770395 480 50 430
1581771472 481 50 431
1581772653 481 51 430
1581798034 482 51 431
1581815667 482 52 430
1581884638 483 52 431
1581924361 484 52 432
1581943066 485 52 433
1581953185 486 52 434
1581983608 487 52 435
1581998295 488 52 436
1582116561 489 52 437
1582141950 490 52 438
1582220672 491 52 439
1582272984 492 52 440
1582282745 493 52 441
1582284629 494 52 442
1582297797 494 53 441
1582305253 494 54 440
1582326576 495 54 441
1582377942 496 54 442
1582383005 496 55 441
1582385296 497 55 442
1582390772 498 55 443
1582391951 499 55 444
1582396817 500 55 445
1582400298 500 56 444
1582402425 501 56 445
1582410431 502 56 446
1582420665 503 56 447
1582423902 504 56 448
1582456071 505 56 449
1582457845 506 57 449
1582461884 507 57 450
1582463236 508 57 451
1582470192 508 58 450
1582481657 508 59 449
1582482830 509 59 450
1582483015 510 59 451
1582495509 510 60 450
1582497493 511 60 451
1582497549 512 60 452
1582505683 512 61 451
1582535958 513 61 452
1582537820 514 61 453
1582541025 515 61 454
1582541375 516 61 455
1582543938 516 62 454
1582544318 517 63 454
1582546289 518 63 455
1582547431 519 63 456
1582549050 520 63 457
1582549138 521 63 458
1582549914 522 63 459
1582554319 523 63 460
1582555618 524 63 461
1582555659 525 63 462
1582555762 526 63 463
1582558310 527 63 464
1582558442 528 63 465
1582559505 529 63 466
1582561004 530 63 467
1582561573 531 63 468
1582561978 532 63 469
1582562195 533 63 470
1582562717 534 63 471
1582563983 535 63 472
1582565270 536 63 473
1582565759 537 63 474
1582568627 538 63 475
1582571134 539 63 476
1582573286 540 63 477
1582573993 541 63 478
1582575979 542 63 479
1582581666 543 63 480
1582598944 544 63 481
1582614333 545 63 482
1582615975 546 63 483
1582620595 547 63 484
1582622443 548 63 485
1582627726 549 63 486
1582628433 549 64 485
1582628613 550 64 486
1582629053 551 64 487
1582630446 552 64 488
1582630853 553 64 489
1582631966 554 64 490
1582633462 555 64 491
1582638628 556 65 491
1582638763 557 65 492
1582640340 558 65 493
1582641162 559 65 494
1582642459 560 65 495
1582643188 561 65 496
1582645706 562 65 497
1582646299 563 65 498
1582648592 564 65 499
1582650461 565 65 500
1582651225 566 65 501
1582655012 567 65 502
1582655306 568 65 503
1582655367 569 65 504
1582659266 570 65 505
1582659301 571 66 505
1582662828 572 66 506
1582665550 573 66 507
1582666546 574 66 508
1582668436 575 66 509
1582673226 576 66 510
1582673343 577 67 510
1582673658 577 68 509
1582702480 578 69 509
1582712684 579 69 510
1582714369 580 69 511
1582715238 581 69 512
1582715729 582 69 513
1582716039 583 69 514
1582717298 584 69 515
1582720744 585 69 516
1582722355 586 69 517
1582724283 587 69 518
1582724605 588 69 519
1582725429 589 69 520
1582728811 590 69 521
1582730322 591 69 522
1582731038 591 70 521
1582732492 592 70 522
1582732619 593 71 522
1582732714 594 71 523
1582733327 594 72 522
1582733528 595 72 523
1582734922 596 72 524
1582735067 597 72 525
1582735408 598 72 526
1582735601 599 72 527
1582736182 600 72 528
1582737595 601 72 529
1582738899 602 72 530
1582739226 603 72 531
1582740609 604 72 532
1582744299 605 73 532
1582745431 606 73 533
1582747271 607 73 534
1582750213 607 74 533
1582752458 608 74 534
1582753999 609 74 535
1582754587 610 74 536
1582754765 611 74 537
1582755496 612 74 538
1582781146 613 74 539
1582785858 614 74 540
1582786046 615 74 541
1582795284 616 74 542
1582797060 617 74 543
1582797451 618 74 544
1582797889 619 74 545
1582799164 620 74 546
1582801259 621 74 547
1582802861 622 74 548
1582803516 623 74 549
1582805661 624 74 550
1582806431 625 74 551
1582809112 626 74 552
1582809645 627 74 553
1582810821 628 74 554
1582811578 629 75 554
1582811752 630 75 555
1582818178 631 75 556
1582822971 632 75 557
1582826009 633 75 558
1582827871 634 75 559
1582833326 635 75 560
1582836786 636 75 561
1582837282 637 75 562
1582838314 638 75 563
1582838841 639 75 564
1582839768 640 75 565
1582841199 641 75 566
1582841279 642 75 567
1582842132 643 75 568
1582843507 644 75 569
1582843895 645 75 570
1582846870 646 75 571
1582847664 647 75 572
1582849603 648 75 573
1582851554 649 75 574
1582854281 650 75 575
1582855276 650 76 574
1582870865 651 76 575
1582872089 652 76 576
1582873197 653 76 577
1582876968 654 76 578
1582879735 655 76 579
1582880484 656 76 580
1582880893 657 76 581
1582882183 658 76 582
1582882889 659 76 583
1582883419 659 77 582
1582883645 660 77 583
1582883970 661 77 584
1582884112 662 77 585
1582885933 662 78 584
1582886279 663 78 585
1582886664 664 78 586
1582887068 665 78 587
1582888323 666 78 588
1582888836 667 78 589
1582889001 668 78 590
1582890578 669 78 591
1582891735 670 78 592
1582893249 671 78 593
1582894109 672 78 594
1582897018 673 78 595
1582899158 674 78 596
1582899172 675 78 597
1582900772 676 78 598
1582901583 677 78 599
1582901972 678 78 600
1582902555 679 78 601
1582903999 680 78 602
1582906321 681 78 603
1582909276 682 78 604
1582911754 683 78 605
1582911812 683 79 604
1582912062 684 80 604
1582913556 685 80 605
1582918759 686 80 606
1582918892 687 80 607
1582919023 688 80 608
1582919717 689 80 609
1582920244 690 80 610
1582922532 690 81 609
1582922689 691 81 610
1582923317 692 81 611
1582923575 693 81 612
1582923783 694 81 613
1582928171 695 81 614
1582931983 696 81 615
1582933156 697 81 616
1582935651 698 81 617
1582939292 699 81 618
1582957039 700 82 618
1582959634 701 82 619
1582960509 702 82 620
1582962218 703 82 621
1582962507 704 82 622
1582967196 705 82 623
1582972173 706 82 624
1582973475 707 82 625
1582974341 708 82 626
1582976265 709 82 627
1582976268 710 82 628
1582978340 711 82 629
1582986017 712 82 630
1582986686 713 82 631
1582987636 714 82 632
1582990379 715 82 633
1582990926 716 82 634
1582991655 716 83 633
1582992395 717 83 634
1582992628 718 83 635
1582993180 719 83 636
1582994276 720 83 637
1582998494 721 83 638
1582999454 721 84 637
1582999938 722 84 638
1583000348 723 84 639
1583000756 724 85 639
1583002524 725 85 640
1583002858 725 86 639
1583005014 726 86 640
1583005185 727 86 641
1583005572 728 86 642
1583006131 729 86 643
1583006155 730 86 644
1583006481 731 86 645
1583010269 732 86 646
1583010636 733 86 647
1583010946 734 86 648
1583011724 735 86 649
1583013290 736 86 650
1583013644 737 86 651
1583015969 738 86 652
1583017232 739 86 653
1583018787 740 86 654
1583021646 741 86 655
1583044078 742 86 656
1583049042 743 86 657
1583055749 743 87 656
1583058550 744 87 657
1583061724 745 87 658
1583062578 746 87 659
1583065191 747 87 660
1583072042 748 87 661
1583074110 749 87 662
1583077462 750 87 663
1583080027 751 87 664
1583082260 752 87 665
1583083304 753 87 666
1583084335 754 87 667
1583085795 755 87 668
1583087673 756 87 669
1583089711 757 87 670
1583090422 758 87 671
1583090849 759 87 672
1583091164 760 87 673
1583091777 761 87 674
1583091915 762 87 675
1583093498 763 87 676
1583093790 764 87 677
1583093841 765 87 678
1583095000 766 87 679
1583100276 767 87 680
1583100396 768 87 681
1583101696 769 87 682
1583102192 770 87 683
1583103340 771 87 684
1583105552 772 87 685
1583108849 773 87 686
1583115640 774 87 687
1583131695 775 87 688
1583132180 776 88 688
1583132608 777 88 689
1583136924 778 88 690
1583142250 779 88 691
1583143474 779 89 690
1583143847 780 89 691
1583148676 781 89 692
1583148926 782 89 693
1583151672 783 89 694
1583151695 784 89 695
1583151823 785 89 696
1583153334 786 89 697
1583154010 787 89 698
1583155665 788 89 699
1583155695 789 89 700
1583156047 790 89 701
1583157797 791 89 702
1583158490 792 89 703
1583159875 793 89 704
1583160067 794 90 704
1583162859 795 90 705
1583164380 796 90 706
1583165324 797 90 707
1583166187 798 90 708
1583167820 799 90 709
1583168212 800 90 710
1583168388 801 90 711
1583168876 802 90 712
1583170301 803 90 713
1583170607 804 91 713
1583170657 805 91 714
1583176121 806 91 715
1583176819 807 91 716
1583181768 808 91 717
1583184677 809 91 718
1583184726 810 91 719
1583184797 811 91 720
1583185240 812 92 720
1583186026 813 92 721
1583186484 814 92 722
1583186961 815 92 723
1583187874 816 92 724
1583189093 817 92 725
1583189296 817 93 724
1583190945 818 93 725
1583192071 818 94 724
1583193331 819 94 725
1583193843 820 94 726
1583196207 821 94 727
1583198653 822 94 728
1583220371 823 94 729
1583226444 824 94 730
1583228104 824 95 729
1583228639 825 95 730
1583233159 826 95 731
1583235269 827 95 732
1583238361 828 95 733
1583238806 829 95 734
1583239491 830 95 735
1583239723 831 95 736
1583240739 832 95 737
1583241226 833 95 738
1583244336 834 95 739
1583246002 835 95 740
1583246120 835 96 739
1583246336 836 96 740
1583247714 837 96 741
1583249219 838 97 741
1583249276 839 97 742
1583249692 839 98 741
1583254819 840 98 742
1583255173 841 98 743
1583257851 842 98 744
1583260664 843 98 745
1583261701 844 99 745
1583265172 845 100 745
1583265571 846 100 746
1583265761 847 100 747
1583266056 848 100 748
1583266872 849 100 749
1583268079 850 100 750
1583269982 851 100 751
1583271259 852 100 752
1583271873 853 100 753
1583278055 854 100 754
1583279920 855 100 755
1583306960 856 101 755
1583307812 857 101 756
1583312153 858 101 757
1583315881 858 102 756
1583316804 859 102 757
1583317177 859 103 756
1583317287 860 103 757
1583317526 861 103 758
1583322666 862 103 759
1583323546 863 103 760
1583324701 864 103 761
1583326008 865 103 762
1583326796 866 103 763
1583326851 867 103 764
1583329707 868 103 765
1583329766 869 103 766
1583332387 870 103 767
1583332629 870 104 766
1583333553 871 104 767
1583333785 872 105 767
1583335222 873 105 768
1583335783 874 105 769
1583337199 875 105 770
1583337975 876 105 771
1583338335 877 106 771
1583344069 878 106 772
1583346646 879 106 773
1583347076 880 106 774
1583348858 881 106 775
1583350184 882 107 775
1583351101 882 108 774
1583352957 883 108 775
1583353853 884 108 776
1583359476 885 108 777
1583359624 886 108 778
1583364588 887 108 779
1583372542 888 109 779
1583380549 889 110 779
1583387023 890 110 780
1583390165 891 110 781
1583391427 892 110 782
1583396050 893 110 783
1583397004 894 110 784
1583398157 895 110 785
1583398264 896 110 786
1583399990 897 110 787
1583401182 897 111 786
1583402131 898 111 787
1583404628 899 112 787
1583404933 900 113 787
1583405206 901 113 788
1583405779 902 113 789
1583407969 903 113 790
1583410520 904 113 791
1583410746 905 113 792
1583410899 905 114 791
1583411088 906 114 792
1583411412 906 115 791
1583413297 907 115 792
1583413520 908 115 793
1583415044 908 116 792
1583415867 909 116 793
1583417396 910 116 794
1583420357 911 117 794
1583421541 912 118 794
1583423911 913 118 795
1583425307 913 119 794
1583425391 914 119 795
1583426054 915 119 796
1583426515 916 119 797
1583428076 917 119 798
1583431629 918 119 799
1583432622 919 120 799
1583432997 920 120 800
1583434109 921 120 801
1583437042 922 120 802
1583437268 923 120 803
1583437934 924 120 804
1583438645 925 120 805
1583439390 926 121 805
1583440606 927 121 806
1583442074 928 121 807
1583444599 929 122 807
1583444894 930 122 808
1583446175 931 122 809
1583448634 932 122 810
1583451252 933 122 811
1583455362 934 122 812
1583456117 935 122 813
1583460415 936 122 814
1583460686 936 123 813
1583476393 937 123 814
1583481795 938 123 815
1583482837 939 123 816
1583486516 940 123 817
1583487723 941 123 818
1583487750 942 123 819
1583488161 943 123 820
1583489104 944 123 821
1583489620 945 123 822
1583490809 946 123 823
1583491793 947 123 824
1583493356 948 123 825
1583494195 949 124 825
1583494710 949 125 824
1583495923 949 126 823
1583498447 950 127 823
1583500140 950 128 822
1583500372 951 128 823
1583500416 951 129 822
1583502357 952 129 823
1583502776 953 129 824
1583502942 954 129 825
1583503109 955 129 826
1583504046 956 129 827
1583504220 957 129 828
1583506390 958 129 829
1583506817 959 129 830
1583507314 959 130 829
1583507778 960 130 830
1583507851 961 130 831
1583508542 962 130 832
1583512801 963 131 832
1583516683 964 131 833
1583518309 965 131 834
1583521109 965 132 833
1583521633 966 133 833
1583523014 967 133 834
1583523508 968 133 835
1583525044 969 133 836
1583525210 970 133 837
1583526375 971 133 838
1583531166 972 134 838
1583533921 973 134 839
1583538214 974 134 840
1583539557 975 134 841
1583543124 976 134 842
1583548163 977 134 843
1583566841 977 135 842
1583570868 978 135 843
1583572314 979 135 844
1583572469 980 135 845
1583574314 981 135 846
1583580628 982 135 847
1583584152 983 135 848
1583584677 984 135 849
1583587384 985 135 850
1583589852 986 135 851
1583594211 987 135 852
1583594830 987 136 851
1583596315 988 136 852
1583599326 989 136 853
1583600255 989 137 852
1583601605 990 137 853
1583604168 991 137 854
1583608959 992 137 855
1583609464 993 137 856
1583611726 994 137 857
1583613775 995 137 858
1583614769 996 137 859
1583614870 997 137 860
1583615655 998 137 861
1583616071 999 137 862
1583619428 1000 137 863
1583624422 1000 138 862
1583625565 1001 139 862
1583625739 1002 139 863
1583633920 1003 139 864
1583637915 1004 140 864
1583638146 1005 140 865
1583646243 1006 141 865
1583655198 1007 141 866
1583660557 1008 141 867
1583662122 1009 141 868
1583663416 1010 141 869
1583667935 1011 142 869
1583669007 1012 142 870
1583669446 1012 143 869
1583670517 1013 144 869
1583672828 1014 144 870
1583673059 1015 144 871
1583673226 1016 144 872
1583675607 1017 144 873
1583676446 1017 145 872
1583677825 1017 146 871
1583679377 1018 146 872
1583680251 1019 146 873
1583680914 1020 146 874
1583684085 1021 146 875
1583685229 1022 146 876
1583690335 1023 146 877
1583691520 1023 147 876
1583692576 1024 147 877
1583694339 1025 147 878
1583696359 1026 147 879
1583696780 1027 147 880
1583699910 1028 147 881
1583700177 1029 147 882
1583702115 1029 148 881
1583703376 1030 148 882
1583703907 1030 149 881
1583706195 1031 149 882
1583706383 1032 149 883
1583706602 1033 149 884
1583709824 1034 149 885
1583711113 1035 150 885
1583712011 1035 151 884
1583713283 1036 152 884
1583715360 1037 153 884
1583724944 1038 153 885
1583734573 1039 153 886
1583737708 1040 153 887
1583744677 1041 153 888
1583744788 1042 153 889
1583745880 1043 153 890
1583746584 1044 154 890
1583749610 1044 155 889
1583755915 1045 155 890
1583757348 1046 155 891
1583757420 1047 155 892
1583761852 1048 155 893
1583762414 1049 155 894
1583763398 1050 155 895
1583763567 1051 155 896
1583764156 1051 156 895
1583767396 1052 156 896
1583768343 1053 157 896
1583768722 1054 157 897
1583770805 1055 157 898
1583771803 1056 158 898
1583771869 1057 158 899
1583772231 1058 158 900
1583772333 1059 158 901
1583772465 1060 159 901
1583776537 1061 159 902
1583778825 1062 159 903
1583782810 1063 160 903
1583782888 1064 160 904
1583783036 1064 161 903
1583784344 1065 161 904
1583785090 1066 161 905
1583785928 1067 162 905
1583786999 1068 162 906
1583787396 1069 162 907
1583790111 1070 162 908
1583790496 1071 162 909
1583791485 1072 162 910
1583794288 1073 162 911
1583794469 1073 163 910
1583795516 1074 163 911
1583799918 1075 163 912
1583800180 1076 163 913
1583800460 1077 163 914
1583801264 1078 163 915
1583816476 1079 163 916
1583826500 1080 163 917
1583827615 1081 163 918
1583830685 1082 163 919
1583832091 1083 163 920
1583832986 1084 163 921
1583834461 1085 163 922
1583836407 1086 163 923
1583839480 1087 164 923
1583839881 1088 164 924
1583840635 1089 165 924
1583841059 1090 166 924
1583842421 1091 166 925
1583843509 1092 166 926
1583844279 1092 167 925
1583844807 1093 167 926
1583844963 1094 167 927
1583847478 1095 168 927
1583848213 1096 168 928
1583849807 1097 168 929
1583853754 1098 168 930
1583855305 1099 169 930
1583855713 1100 169 931
1583856640 1100 170 930
1583858352 1100 171 929
1583859888 1101 171 930
1583863946 1102 172 930
1583865779 1103 172 931
1583866945 1104 172 932
1583870780 1105 172 933
1583871132 1105 173 932
1583871684 1106 173 933
1583875649 1106 174 932
1583878710 1106 175 931
1583879120 1106 176 930
1583879941 1106 177 929
1583892066 1106 178 928
1583898259 1107 178 929
1583911358 1108 178 930
1583912331 1109 178 931
1583912791 1109 179 930
1583912883 1110 179 931
1583913184 1111 179 932
1583916382 1112 179 933
1583918962 1113 179 934
1583920638 1114 180 934
1583922046 1115 180 935
1583930823 1115 181 934
1583931353 1116 181 935
1583932692 1116 182 934
1583933197 1117 182 935
1583934954 1118 183 935
1583937801 1119 184 935
1583938691 1119 185 934
1583940791 1120 185 935
1583941386 1121 185 936
1583945865 1122 185 937
1583947908 1123 185 938
1583949421 1124 185 939
1583949647 1125 185 940
1583951652 1126 185 941
1583952568 1127 185 942
1583953323 1128 185 943
1583954390 1129 185 944
1583954753 1130 185 945
1583957008 1131 185 946
1583958576 1132 185 947
1583961415 1133 185 948
1583961419 1134 185 949
1583961950 1135 185 950
1583963329 1136 185 951
1583963615 1137 185 952
1583964215 1138 185 953
1583965735 1139 185 954
1583968352 1140 185 955
1583969483 1141 185 956
1583969544 1142 185 957
1583970080 1143 185 958
1583970214 1143 186 957
1583970439 1143 187 956
1583971804 1144 188 956
1583973557 1145 188 957
1583974878 1146 189 957
1583976073 1147 190 957
1583980767 1148 190 958
1583980807 1149 190 959
1583988858 1150 190 960
1583989126 1151 191 960
1583992428 1152 191 961
1583998732 1153 191 962
1584000090 1154 191 963
1584000892 1155 191 964
1584001484 1156 191 965
1584003074 1157 191 966
1584003794 1158 191 967
1584007557 1159 192 967
1584007776 1160 192 968
1584008348 1161 192 969
1584009266 1162 192 970
1584009297 1163 192 971
1584009316 1164 192 972
1584009865 1165 192 973
1584011401 1166 192 974
1584011732 1166 193 973
1584012897 1167 193 974
1584013359 1168 194 974
1584013582 1169 194 975
1584014054 1169 195 974
1584014076 1170 195 975
1584014524 1170 196 974
1584017842 1171 197 974
1584019384 1172 198 974
1584020001 1173 199 974
1584021612 1174 199 975
1584022009 1175 199 976
1584022269 1176 199 977
1584023750 1176 200 976
1584023796 1176 201 975
1584024031 1177 201 976
1584025706 1178 201 977
1584025998 1179 201 978
1584029582 1180 202 978
1584030426 1181 202 979
1584030778 1182 202 980
1584033341 1183 202 981
1584033602 1184 202 982
1584033901 1184 203 981
1584033976 1184 204 980
1584034509 1184 205 979
1584034728 1184 206 978
1584035120 1185 206 979
1584036545 1186 206 980
1584039510 1187 206 981
1584039668 1188 206 982
1584040451 1189 206 983
1584041336 1190 206 984
1584042253 1191 206 985
1584042361 1192 206 986
1584042823 1193 206 987
1584043275 1194 206 988
1584043316 1195 206 989
1584043330 1196 206 990
1584043351 1197 206 991
1584043367 1198 206 992
1584043391 1199 206 993
1584043427 1200 206 994
1584043476 1201 207 994
1584043515 1202 207 995
1584043579 1202 208 994
1584043631 1203 208 995
1584043646 1204 208 996
1584043738 1205 208 997
1584043765 1206 208 998
1584043816 1207 208 999
1584044318 1208 209 999
1584044373 1209 210 999
1584044405 1210 210 1000
1584044722 1211 210 1001
1584044771 1211 211 1000
1584044814 1212 211 1001
1584044872 1213 211 1002
1584045196 1214 211 1003
1584045197 1214 212 1002
1584045216 1215 213 1002
1584045454 1216 213 1003
1584045733 1217 213 1004
1584047255 1218 213 1005
1584047733 1219 213 1006
1584047857 1220 213 1007
1584047957 1221 213 1008
1584048272 1222 213 1009
1584048352 1222 214 1008
1584048799 1223 215 1008
1584048984 1224 215 1009
1584049489 1225 215 1010
1584049823 1226 215 1011
1584049956 1226 216 1010
1584050059 1227 216 1011
1584050165 1228 216 1012
1584050949 1229 216 1013
1584051150 1230 217 1013
1584051350 1231 217 1014
1584052701 1232 217 1015
1584052927 1233 217 1016
1584053131 1234 217 1017
1584054673 1234 218 1016
1584054807 1235 218 1017
1584055601 1236 218 1018
1584055645 1237 218 1019
1584056053 1238 218 1020
1584057057 1239 218 1021
1584057757 1240 218 1022
1584058197 1240 219 1021
1584058218 1240 220 1020
1584058901 1241 220 1021
1584059485 1242 220 1022
1584059534 1242 221 1021
1584059849 1243 221 1022
1584060080 1244 221 1023
1584071834 1245 221 1024
1584075439 1246 221 1025
1584078894 1246 222 1024
1584079510 1247 222 1025
1584079568 1248 222 1026
1584080401 1249 222 1027
1584080793 1249 223 1026
1584081554 1250 224 1026
1584082531 1251 225 1026
1584083341 1252 225 1027
1584084281 1252 226 1026
1584085765 1252 227 1025
1584086879 1252 228 1024
1584086989 1252 229 1023
1584087096 1253 230 1023
1584088091 1254 230 1024
1584088150 1255 230 1025
1584089990 1255 231 1024
1584090231 1256 231 1025
1584091257 1257 231 1026
1584091837 1257 232 1025
1584092550 1258 232 1026
1584093655 1259 232 1027
1584094450 1260 232 1028
1584094897 1260 233 1027
1584094972 1260 234 1026
1584095317 1261 234 1027
1584096938 1262 234 1028
1584098998 1263 235 1028
1584100275 1264 235 1029
1584101571 1264 236 1028
1584101767 1265 236 1029
1584102150 1266 236 1030
1584102189 1266 237 1029
1584102244 1266 238 1028
1584102553 1267 238 1029
1584103709 1267 239 1028
1584103898 1267 240 1027
1584104796 1268 240 1028
1584105279 1269 240 1029
1584106094 1270 240 1030
1584106438 1271 240 1031
1584106816 1272 240 1032
1584107665 1273 240 1033
1584109342 1273 241 1032
1584109653 1274 241 1033
1584110896 1275 241 1034
1584111736 1275 242 1033
1584111891 1276 242 1034
1584113521 1276 243 1033
1584114441 1277 244 1033
1584114458 1278 244 1034
1584114743 1278 245 1033
1584114937 1279 245 1034
1584117027 1279 246 1033
1584118451 1280 246 1034
1584119351 1281 246 1035
1584119973 1281 247 1034
1584120060 1281 248 1033
1584120803 1282 248 1034
1584122433 1283 248 1035
1584122583 1284 248 1036
1584124407 1284 249 1035
1584125525 1285 249 1036
1584125721 1286 250 1036
1584125944 1287 250 1037
1584126229 1288 250 1038
1584127174 1289 250 1039
1584127716 1290 250 1040
1584128617 1291 250 1041
1584129430 1292 250 1042
1584130040 1292 251 1041
1584131970 1293 251 1042
1584132939 1294 251 1043
1584133610 1295 251 1044
1584135937 1296 251 1045
1584136241 1297 251 1046
1584136491 1298 251 1047
1584136753 1299 251 1048
1584137422 1300 251 1049
1584137585 1301 252 1049
1584137812 1302 252 1050
1584137986 1303 252 1051
1584138104 1304 253 1051
1584139076 1304 254 1050
1584139102 1305 254 1051
1584139428 1305 255 1050
1584139885 1305 256 1049
1584140004 1306 256 1050
1584141095 1307 257 1050
1584142729 1307 258 1049
1584145853 1308 258 1050
1584147330 1309 258 1051
1584149891 1310 258 1052
1584162471 1310 259 1051
1584166434 1311 259 1052
1584176087 1312 259 1053
1584177771 1313 259 1054
1584179949 1314 259 1055
1584181088 1315 260 1055
1584181360 1316 260 1056
1584181985 1317 260 1057
1584183437 1318 260 1058
1584184029 1319 260 1059
1584184613 1320 260 1060
1584186496 1321 260 1061
1584186875 1322 260 1062
1584187272 1323 260 1063
1584189358 1324 261 1063
1584189688 1325 261 1064
1584190967 1326 261 1065
1584192597 1326 262 1064
1584192993 1327 262 1065
1584193804 1328 263 1065
1584194806 1329 264 1065
1584196516 1330 264 1066
1584196519 1331 264 1067
1584196982 1332 264 1068
1584197030 1333 264 1069
1584198538 1334 264 1070
1584199975 1334 265 1069
1584201100 1335 265 1070
1584201823 1336 265 1071
1584202022 1336 266 1070
1584202937 1337 266 1071
1584203493 1338 266 1072
1584206679 1338 267 1071
1584207487 1339 267 1072
1584209232 1340 267 1073
1584209496 1341 268 1073
1584209943 1342 268 1074
1584210304 1342 269 1073
1584212096 1343 269 1074
1584213881 1344 269 1075
1584214174 1345 269 1076
1584214618 1346 270 1076
1584215183 1346 271 1075
1584215222 1347 271 1076
1584215272 1348 271 1077
1584215574 1349 271 1078
1584215953 1350 271 1079
1584216016 1351 271 1080
1584216111 1352 271 1081
1584217017 1353 272 1081
1584217074 1354 272 1082
1584217468 1355 272 1083
1584217510 1356 272 1084
1584217584 1357 272 1085
1584217661 1358 272 1086
1584217728 1359 272 1087
1584217938 1360 272 1088
1584218130 1361 272 1089
1584218398 1362 272 1090
1584218437 1363 272 1091
1584218595 1363 273 1090
1584218609 1364 273 1091
1584218747 1365 273 1092
1584218752 1366 273 1093
1584218757 1367 273 1094
1584218921 1368 273 1095
1584218926 1369 273 1096
1584218983 1369 274 1095
1584219041 1369 275 1094
1584219054 1370 275 1095
1584219264 1370 276 1094
1584219306 1371 277 1094
1584219668 1371 278 1093
1584219923 1372 278 1094
1584220291 1373 279 1094
1584220401 1374 279 1095
1584220750 1375 279 1096
1584220857 1376 280 1096
1584220896 1377 280 1097
1584221024 1377 281 1096
1584221080 1378 281 1097
1584221491 1379 281 1098
1584221565 1380 281 1099
1584221656 1381 282 1099
1584221664 1382 282 1100
1584221734 1383 282 1101
1584222221 1384 282 1102
1584222342 1385 282 1103
1584222407 1386 282 1104
1584223121 1387 282 1105
1584223446 1388 282 1106
1584223522 1389 282 1107
1584223806 1390 282 1108
1584224552 1391 282 1109
1584224661 1391 283 1108
1584224728 1392 283 1109
1584225157 1393 283 1110
1584225463 1394 283 1111
1584225803 1394 284 1110
1584225948 1395 284 1111
1584226030 1396 284 1112
1584226387 1397 284 1113
1584226730 1398 284 1114
1584227310 1399 284 1115
1584228224 1400 284 1116
1584228448 1401 284 1117
1584228655 1402 284 1118
1584228709 1403 285 1118
1584228762 1404 286 1118
1584229107 1404 287 1117
1584230402 1404 288 1116
1584230471 1405 288 1117
1584230508 1406 288 1118
1584230633 1407 288 1119
1584231105 1408 288 1120
1584231127 1409 288 1121
1584231787 1409 289 1120
1584231836 1410 289 1121
1584232760 1411 289 1122
1584233485 1412 289 1123
1584233602 1413 289 1124
1584234405 1414 289 1125
1584234754 1414 290 1124
1584235319 1415 290 1125
1584235329 1416 290 1126
1584235456 1417 290 1127
1584235846 1418 290 1128
1584236160 1419 290 1129
1584237774 1420 290 1130
1584243269 1420 291 1129
1584252017 1421 291 1130
1584254250 1422 292 1130
1584256800 1423 292 1131
1584258453 1424 292 1132
1584259587 1425 292 1133
1584259794 1426 292 1134
1584259941 1427 292 1135
1584261510 1428 293 1135
1584261600 1429 293 1136
1584261735 1430 293 1137
1584263044 1431 293 1138
1584263125 1432 293 1139
1584263314 1433 293 1140
1584263727 1434 293 1141
1584264458 1434 294 1140
1584265334 1435 294 1141
1584266719 1436 294 1142
1584267366 1437 294 1143
1584267732 1437 295 1142
1584268067 1438 295 1143
1584268285 1439 295 1144
1584268451 1440 295 1145
1584268453 1441 295 1146
1584269354 1442 295 1147
1584269669 1442 296 1146
1584271431 1443 296 1147
1584271621 1444 296 1148
1584271870 1445 296 1149
1584271991 1446 296 1150
1584272080 1447 296 1151
1584272379 1448 296 1152
1584272453 1449 296 1153
1584273427 1450 296 1154
1584273550 1450 297 1153
1584273705 1451 297 1154
1584273731 1452 297 1155
1584273797 1453 297 1156
1584273824 1454 297 1157
1584274228 1455 297 1158
1584275060 1456 297 1159
1584275106 1457 297 1160
1584275526 1458 297 1161
1584276423 1459 298 1161
1584276761 1459 299 1160
1584277364 1460 299 1161
1584279118 1461 299 1162
1584280143 1462 299 1163
1584280207 1463 300 1163
1584280658 1464 301 1163
1584280812 1464 302 1162
1584281015 1465 302 1163
1584281672 1465 303 1162
1584282464 1465 304 1161
1584282583 1466 304 1162
1584282818 1467 304 1163
1584283191 1468 304 1164
1584284060 1469 304 1165
1584284093 1470 304 1166
1584285493 1471 304 1167
1584285623 1471 305 1166
1584286075 1471 306 1165
1584286721 1472 307 1165
1584287018 1473 307 1166
1584287107 1474 307 1167
1584287216 1474 308 1166
1584287449 1475 308 1167
1584287556 1476 308 1168
1584288969 1477 308 1169
1584289090 1477 309 1168
1584289329 1477 310 1167
1584289446 1478 310 1168
1584290342 1479 310 1169
1584291410 1480 310 1170
1584291824 1481 310 1171
1584292255 1482 310 1172
1584292483 1483 310 1173
1584292899 1484 311 1173
1584292998 1485 312 1173
1584293260 1486 312 1174
1584293396 1487 312 1175
1584293589 1488 313 1175
1584293641 1489 313 1176
1584293788 1490 313 1177
1584294018 1491 313 1178
1584294123 1492 314 1178
1584294397 1493 314 1179
1584294643 1494 314 1180
1584294775 1495 314 1181
1584295196 1496 314 1182
1584295349 1497 314 1183
1584295423 1497 315 1182
1584295439 1497 316 1181
1584295528 1498 316 1182
1584295551 1499 316 1183
1584296028 1500 316 1184
1584296132 1501 317 1184
1584296615 1501 318 1183
1584297020 1502 318 1184
1584297051 1503 319 1184
1584297172 1504 319 1185
1584298000 1504 320 1184
1584298008 1504 321 1183
1584298096 1505 321 1184
1584298541 1506 321 1185
1584299300 1507 322 1185
1584299330 1508 322 1186
1584299397 1508 323 1185
1584299433 1509 323 1186
1584299743 1509 324 1185
1584300024 1510 324 1186
1584300239 1511 324 1187
1584300878 1511 325 1186
1584301560 1512 325 1187
1584301598 1513 325 1188
1584302599 1514 325 1189
1584303026 1514 326 1188
1584303481 1515 326 1189
1584303737 1516 326 1190
1584304546 1518 326 1192
1584304546 1518 326 1192
1584304863 1519 326 1193
1584304882 1520 326 1194
1584305241 1521 326 1195
1584305456 1522 326 1196
1584305853 1522 327 1195
1584305965 1523 327 1196
1584306014 1524 327 1197
1584306050 1524 328 1196
1584306264 1524 329 1195
1584306689 1525 329 1196
1584307247 1526 330 1196
1584307335 1527 330 1197
1584307473 1528 331 1197
1584308454 1529 331 1198
1584308568 1529 332 1197
1584309219 1530 332 1198
1584310057 1531 332 1199
1584310339 1532 332 1200
1584310654 1533 333 1200
1584310953 1534 333 1201
1584311800 1535 333 1202
1584311899 1536 333 1203
1584311959 1537 333 1204
1584311974 1537 334 1203
1584311980 1537 335 1202
1584312368 1538 336 1202
1584312433 1539 336 1203
1584312637 1540 337 1203
1584312895 1540 338 1202
1584313412 1541 338 1203
1584313855 1542 338 1204
1584314495 1543 338 1205
1584314586 1544 338 1206
1584315039 1545 338 1207
1584317224 1545 339 1206
1584317532 1545 340 1205
1584318455 1545 341 1204
1584318635 1546 341 1205
1584319413 1546 342 1204
1584319621 1546 343 1203
1584320675 1547 343 1204
1584322414 1547 344 1203
1584322907 1548 344 1204
1584322974 1549 345 1204
1584324385 1550 346 1204
1584325782 1551 346 1205
1584328180 1551 347 1204
1584328234 1552 348 1204
1584328789 1553 348 1205
1584329646 1554 349 1205
1584330564 1554 350 1204
1584330838 1554 351 1203
1584332204 1554 352 1202
1584335305 1555 352 1203
1584339301 1556 352 1204
1584339578 1556 353 1203
1584341464 1557 354 1203
1584342243 1558 354 1204
1584342803 1559 354 1205
1584344641 1560 355 1205
1584344840 1561 355 1206
1584345456 1562 355 1207
1584345854 1562 356 1206
1584346635 1563 356 1207
1584346691 1564 356 1208
1584346900 1564 357 1207
1584346978 1565 357 1208
1584347593 1566 357 1209
1584347607 1567 357 1210
1584347911 1568 357 1211
1584348544 1569 357 1212
1584348810 1570 357 1213
1584349090 1570 358 1212
1584349240 1571 358 1213
1584349615 1572 358 1214
1584350474 1572 359 1213
1584351189 1573 359 1214
1584351422 1574 359 1215
1584352274 1575 359 1216
1584352706 1576 360 1216
1584352806 1577 360 1217
1584353819 1578 360 1218
1584354266 1579 360 1219
1584354402 1580 360 1220
1584355192 1581 360 1221
1584355466 1582 360 1222
1584355923 1583 360 1223
1584356336 1584 360 1224
1584356396 1585 360 1225
1584356462 1586 360 1226
1584356723 1587 360 1227
1584356886 1588 360 1228
1584357079 1589 360 1229
1584357467 1589 361 1228
1584357581 1589 362 1227
1584357590 1590 363 1227
1584357965 1591 363 1228
1584358281 1592 364 1228
1584358295 1593 365 1228
1584358947 1594 365 1229
1584359105 1595 365 1230
1584359226 1595 366 1229
1584359423 1596 367 1229
1584359497 1597 368 1229
1584359592 1598 368 1230
1584359750 1599 368 1231
1584360103 1600 368 1232
1584360150 1601 368 1233
1584360428 1602 368 1234
1584361423 1603 368 1235
1584361483 1603 369 1234
1584362027 1604 369 1235
1584362632 1605 369 1236
1584362677 1606 370 1236
1584362847 1607 370 1237
1584362882 1608 371 1237
1584363072 1609 371 1238
1584363080 1609 372 1237
1584363197 1610 372 1238
1584363248 1610 373 1237
1584363815 1611 374 1237
1584364160 1612 374 1238
1584364939 1613 374 1239
1584365561 1614 374 1240
1584365575 1615 374 1241
1584365990 1615 375 1240
1584366264 1615 376 1239
1584366717 1616 376 1240
1584368013 1617 376 1241
1584368017 1618 376 1242
1584368076 1619 376 1243
1584368328 1619 377 1242
1584369276 1619 378 1241
1584369361 1619 379 1240
1584369450 1619 380 1239
1584369862 1620 381 1239
1584369942 1621 381 1240
1584370980 1622 381 1241
1584371232 1623 381 1242
1584371310 1624 382 1242
1584371767 1624 383 1241
1584372010 1625 383 1242
1584372211 1626 383 1243
1584372549 1627 384 1243
1584373252 1627 385 1242
1584373283 1627 386 1241
1584373576 1628 386 1242
1584373657 1628 387 1241
1584373765 1629 387 1242
1584373969 1630 387 1243
1584373996 1631 387 1244
1584374093 1631 388 1243
1584374128 1631 389 1242
1584374308 1631 390 1241
1584374705 1631 391 1240
1584374822 1632 391 1241
1584375396 1633 391 1242
1584375440 1634 392 1242
1584376089 1635 393 1242
1584376233 1636 394 1242
1584376235 1637 394 1243
1584376760 1638 394 1244
1584377004 1639 395 1244
1584377840 1640 396 1244
1584377924 1641 397 1244
1584378048 1642 397 1245
1584378341 1643 397 1246
1584378406 1644 397 1247
1584379259 1645 397 1248
1584379345 1645 398 1247
1584379717 1646 399 1247
1584379972 1647 399 1248
1584379994 1648 399 1249
1584380038 1649 400 1249
1584380773 1649 401 1248
1584380851 1649 402 1247
1584382435 1650 402 1248
1584382656 1651 402 1249
1584382672 1652 402 1250
1584382801 1652 403 1249
1584383414 1653 403 1250
1584383468 1653 404 1249
1584383805 1653 405 1248
1584383981 1654 405 1249
1584384311 1655 405 1250
1584384715 1656 405 1251
1584384880 1657 405 1252
1584384918 1657 406 1251
1584385060 1658 406 1252
1584385111 1659 406 1253
1584385292 1660 407 1253
1584385630 1661 407 1254
1584385633 1662 407 1255
1584386217 1663 408 1255
1584386768 1664 408 1256
1584386977 1665 408 1257
1584387142 1665 409 1256
1584387230 1665 410 1255
1584387555 1666 410 1256
1584388081 1667 411 1256
1584388104 1668 411 1257
1584388317 1669 411 1258
1584388646 1669 412 1257
1584388656 1670 412 1258
1584388677 1671 412 1259
1584389032 1671 413 1258
1584389086 1672 413 1259
1584389105 1672 414 1258
1584389134 1673 414 1259
1584389164 1674 414 1260
1584389209 1674 415 1259
1584389240 1674 416 1258
1584389290 1675 417 1258
1584389457 1676 417 1259
1584389629 1677 417 1260
1584389765 1677 418 1259
1584389802 1678 419 1259
1584389889 1678 420 1258
1584389937 1679 420 1259
1584390792 1679 421 1258
1584391129 1680 421 1259
1584391646 1681 421 1260
1584391838 1682 422 1260
1584392509 1683 423 1260
1584392522 1683 424 1259
1584392570 1684 424 1260
1584392665 1685 425 1260
1584393432 1686 425 1261
1584393686 1687 425 1262
1584394071 1688 425 1263
1584394099 1688 426 1262
1584394251 1689 427 1262
1584394351 1690 427 1263
1584394426 1690 428 1262
1584395340 1691 428 1263
1584395914 1692 428 1264
1584396782 1693 428 1265
1584396903 1694 428 1266
1584397049 1695 429 1266
1584397062 1695 430 1265
1584397135 1696 430 1266
1584397184 1696 431 1265
1584397235 1697 431 1266
1584397371 1698 431 1267
1584397656 1698 432 1266
1584397807 1698 433 1265
1584398021 1699 433 1266
1584398423 1700 433 1267
1584398612 1701 434 1267
1584398618 1702 435 1267
1584398698 1702 436 1266
1584398809 1703 436 1267
1584399170 1704 436 1268
1584399325 1705 436 1269
1584399535 1705 437 1268
1584399949 1705 438 1267
1584400031 1706 438 1268
1584400404 1707 438 1269
1584400427 1708 438 1270
1584400431 1708 439 1269
1584400460 1709 439 1270
1584400543 1709 440 1269
1584400720 1709 441 1268
1584400951 1710 441 1269
1584401321 1711 441 1270
1584401579 1711 442 1269
1584401803 1711 443 1268
1584402511 1712 443 1269
1584402626 1713 443 1270
1584402720 1713 444 1269
1584402814 1714 444 1270
1584403377 1715 445 1270
1584403668 1716 445 1271
1584404183 1717 445 1272
1584404481 1717 446 1271
1584404738 1718 447 1271
1584404799 1719 447 1272
1584411037 1720 448 1272
1584411260 1721 449 1272
1584416845 1721 450 1271
1584420174 1721 451 1270
1584425548 1722 451 1271
1584425562 1723 451 1272
1584426658 1723 452 1271
1584428360 1724 452 1272
1584430319 1725 452 1273
1584430471 1726 452 1274
1584431436 1727 452 1275
1584431825 1727 453 1274
1584431867 1728 453 1275
1584432493 1728 454 1274
1584432776 1728 455 1273
1584433247 1729 455 1274
1584433268 1729 456 1273
1584433311 1730 457 1273
1584433729 1730 458 1272
1584434399 1730 459 1271
1584434985 1731 459 1272
1584435525 1732 459 1273
1584435979 1732 460 1272
1584436657 1733 460 1273
1584436945 1734 461 1273
1584436949 1734 462 1272
1584436958 1735 462 1273
1584438638 1736 462 1274
1584439057 1737 462 1275
1584441130 1738 462 1276
1584441871 1739 462 1277
1584442072 1740 462 1278
1584443285 1741 463 1278
1584443791 1741 464 1277
1584443821 1741 465 1276
1584443833 1742 466 1276
1584443922 1743 467 1276
1584444322 1744 467 1277
1584444634 1745 467 1278
1584444767 1745 468 1277
1584444816 1745 469 1276
1584445251 1746 470 1276
1584445633 1747 470 1277
1584445914 1747 471 1276
1584446266 1748 471 1277
1584446346 1749 471 1278
1584446451 1749 472 1277
1584446456 1749 473 1276
1584447219 1749 474 1275
1584447511 1750 474 1276
1584447611 1751 474 1277
1584447649 1752 474 1278
1584447698 1753 475 1278
1584448352 1754 475 1279
1584448433 1755 475 1280
1584448640 1755 476 1279
1584448666 1756 476 1280
1584449225 1757 476 1281
1584449275 1757 477 1280
1584450078 1758 478 1280
1584450208 1758 479 1279
1584451094 1759 479 1280
1584451843 1760 479 1281
1584452318 1760 480 1280
1584452806 1760 481 1279
1584453048 1761 481 1280
1584453098 1761 482 1279
1584453779 1761 483 1278
1584453828 1762 484 1278
1584454587 1763 484 1279
1584456251 1764 484 1280
1584456758 1764 485 1279
1584456762 1765 485 1280
1584456864 1766 485 1281
1584457880 1767 485 1282
1584458032 1767 486 1281
1584458641 1767 487 1280
1584459051 1768 487 1281
1584459095 1769 488 1281
1584459371 1770 488 1282
1584459663 1771 488 1283
1584459691 1771 489 1282
1584460317 1772 489 1283
1584460331 1773 489 1284
1584461011 1773 490 1283
1584461187 1774 490 1284
1584461236 1774 491 1283
1584461332 1774 492 1282
1584462802 1775 492 1283
1584462843 1776 492 1284
1584463038 1777 492 1285
1584463181 1777 493 1284
1584463321 1778 493 1285
1584463364 1779 494 1285
1584463572 1779 495 1284
1584463592 1780 495 1285
1584464125 1780 496 1284
1584464176 1780 497 1283
1584464619 1781 497 1284
1584465037 1782 497 1285
1584465561 1783 497 1286
1584465596 1783 498 1285
1584465994 1784 499 1285
1584465996 1784 500 1284
1584466028 1785 500 1285
1584466305 1786 500 1286
1584466329 1786 501 1285
1584466376 1787 501 1286
1584466443 1788 501 1287
1584468734 1788 502 1286
1584470849 1789 503 1286
1584472900 1790 503 1287
1584473109 1790 504 1286
1584473887 1791 504 1287
1584474056 1792 504 1288
1584474065 1793 504 1289
1584474341 1794 504 1290
1584474511 1794 505 1289
1584474732 1794 506 1288
1584476057 1794 507 1287
1584476629 1794 508 1286
1584477179 1795 508 1287
1584477502 1795 509 1286
1584478380 1796 510 1286
1584479106 1796 511 1285
1584482613 1797 511 1286
1584482734 1798 512 1286
1584483126 1798 513 1285
1584483980 1799 513 1286
1584485518 1800 513 1287
1584485997 1801 513 1288
1584487023 1801 514 1287
1584487432 1801 515 1286
1584489211 1801 516 1285
1584489264 1802 516 1286
1584489904 1803 516 1287
1584490264 1804 517 1287
1584490642 1805 517 1288
1584491082 1806 517 1289
1584491238 1807 517 1290
1584491596 1808 517 1291
1584492576 1808 518 1290
1584496693 1808 519 1289
1584497019 1808 520 1288
1584516458 1809 520 1289
1584518900 1810 520 1290
1584519736 1811 520 1291
1584520810 1811 521 1290
1584521381 1812 521 1291
1584521700 1812 522 1290
1584522966 1813 522 1291
1584523173 1814 523 1291
1584523733 1814 524 1290
1584523948 1815 525 1290
1584524651 1816 526 1290
1584525126 1817 526 1291
1584525695 1818 527 1291
1584526297 1819 528 1291
1584527151 1820 528 1292
1584527990 1820 529 1291
1584528474 1821 529 1292
1584529149 1821 530 1291
1584530077 1822 531 1291
1584530421 1823 532 1291
1584531754 1824 532 1292
1584531983 1825 533 1292
1584532210 1825 534 1291
1584532310 1826 535 1291
1584532336 1827 535 1292
1584533249 1827 536 1291
1584534747 1827 537 1290
1584534894 1828 537 1291
1584535086 1829 537 1292
1584535092 1830 537 1293
1584535418 1831 537 1294
1584537220 1831 538 1293
1584538648 1832 538 1294
1584539807 1832 539 1293
1584539820 1833 539 1294
1584540049 1834 540 1294
1584540354 1834 541 1293
1584540882 1835 541 1294
1584541085 1836 541 1295
1584542514 1836 542 1294
1584543159 1837 542 1295
1584543688 1838 543 1295
1584543941 1839 543 1296
1584544153 1840 543 1297
1584544402 1841 543 1298
1584544908 1842 543 1299
1584546423 1842 544 1298
1584547426 1843 544 1299
1584547859 1843 545 1298
1584548330 1844 546 1298
1584548445 1845 546 1299
1584548994 1846 546 1300
1584552256 1847 546 1301
1584553192 1848 546 1302
1584553247 1848 547 1301
1584553760 1848 548 1300
1584554057 1849 549 1300
1584554826 1850 549 1301
1584555053 1851 549 1302
1584555817 1852 549 1303
1584556073 1852 550 1302
1584557544 1853 550 1303
1584558535 1853 551 1302
1584558627 1854 551 1303
1584558724 1855 551 1304
1584559186 1856 551 1305
1584559456 1857 551 1306
1584559526 1858 551 1307
1584559590 1858 552 1306
1584560445 1858 553 1305
1584560624 1859 553 1306
1584560989 1859 554 1305
1584561196 1860 554 1306
1584562095 1860 555 1305
1584562554 1861 555 1306
1584562987 1862 555 1307
1584563172 1863 555 1308
1584563644 1864 555 1309
1584563691 1865 555 1310
1584565028 1866 556 1310
1584565405 1867 557 1310
1584565862 1867 558 1309
1584566262 1867 559 1308
1584566371 1868 559 1309
1584566725 1868 560 1308
1584567177 1869 560 1309
1584568495 1870 561 1309
1584569250 1870 562 1308
1584570380 1871 562 1309
1584571226 1872 563 1309
1584571863 1872 564 1308
1584573830 1872 565 1307
1584576814 1872 566 1306
1584578348 1873 566 1307
1584578845 1874 566 1308
1584579271 1875 566 1309
1584583793 1875 567 1308
1584603667 1876 567 1309
1584604036 1877 568 1309
1584604469 1878 568 1310
1584604821 1878 569 1309
1584605428 1878 570 1308
1584606299 1878 571 1307
1584606412 1878 572 1306
1584607740 1879 572 1307
1584609691 1879 573 1306
1584610345 1879 574 1305
1584612873 1880 574 1306
1584613092 1880 575 1305
1584613820 1880 576 1304
1584614702 1881 576 1305
1584615646 1881 577 1304
1584615758 1881 578 1303
1584616339 1882 579 1303
1584616518 1882 580 1302
1584618923 1883 581 1302
1584619030 1884 582 1302
1584620155 1884 583 1301
1584620647 1884 584 1300
1584620707 1885 584 1301
1584620996 1886 585 1301
1584622863 1887 586 1301
1584625355 1888 586 1302
1584625400 1888 587 1301
1584630607 1889 587 1302
1584631991 1890 587 1303
1584632885 1891 587 1304
1584633341 1892 587 1305
1584633994 1893 587 1306
1584634748 1893 588 1305
1584636600 1894 588 1306
1584636604 1894 589 1305
1584636858 1895 589 1306
1584636945 1895 590 1305
1584637159 1896 590 1306
1584638406 1896 591 1305
1584639441 1897 591 1306
1584640741 1898 591 1307
1584641040 1899 592 1307
1584641978 1899 593 1306
1584642278 1899 594 1305
1584642848 1899 595 1304
1584643313 1899 596 1303
1584644573 1900 596 1304
1584645527 1901 597 1304
1584645790 1901 598 1303
1584646067 1901 599 1302
1584649151 1901 600 1301
1584649599 1901 601 1300
1584649964 1902 602 1300
1584650168 1902 603 1299
1584650606 1902 604 1298
1584650912 1902 605 1297
1584653809 1903 605 1298
1584654639 1903 606 1297
1584655738 1903 607 1296
1584656110 1904 607 1297
1584656499 1905 607 1298
1584657191 1905 608 1297
1584658546 1906 608 1298
1584658627 1906 609 1297
1584658935 1906 610 1296
1584660096 1907 610 1297
1584661887 1907 611 1296
1584661944 1907 612 1295
1584665050 1907 613 1294
1584666379 1907 614 1293
1584670147 1908 614 1294
1584670993 1908 615 1293
1584677227 1909 615 1294
1584687656 1910 615 1295
1584690136 1911 615 1296
1584690367 1911 616 1295
1584691218 1911 617 1294
1584692267 1912 617 1295
1584693606 1912 618 1294
1584693849 1913 618 1295
1584694018 1914 619 1295
1584694425 1915 619 1296
1584695155 1915 620 1295
1584696732 1915 621 1294
1584696987 1916 621 1295
1584698314 1917 621 1296
1584698530 1917 622 1295
1584698606 1917 623 1294
1584698690 1918 623 1295
1584699077 1919 623 1296
1584699384 1919 624 1295
1584700442 1920 624 1296
1584702105 1921 624 1297
1584702278 1922 624 1298
1584703510 1923 624 1299
1584703810 1924 624 1300
1584704184 1925 624 1301
1584704650 1926 624 1302
1584705182 1926 625 1301
1584705429 1927 625 1302
1584705448 1927 626 1301
1584706213 1927 627 1300
1584706296 1928 627 1301
1584707866 1929 627 1302
1584708698 1929 628 1301
1584709340 1929 629 1300
1584710044 1929 630 1299
1584710739 1930 630 1300
1584711252 1930 631 1299
1584711611 1930 632 1298
1584712099 1931 632 1299
1584713154 1931 633 1298
1584713291 1931 634 1297
1584713561 1931 635 1296
1584714814 1931 636 1295
1584716695 1931 637 1294
1584716945 1932 637 1295
1584717877 1932 638 1294
1584718199 1933 638 1295
1584720083 1934 638 1296
1584720838 1935 639 1296
1584720972 1935 640 1295
1584721897 1936 640 1296
1584722315 1937 640 1297
1584722978 1938 640 1298
1584723403 1939 640 1299
1584723468 1939 641 1298
1584723539 1939 642 1297
1584723771 1940 642 1298
1584723799 1941 642 1299
1584724486 1942 643 1299
1584725420 1943 643 1300
1584725744 1943 644 1299
1584726865 1943 645 1298
1584727860 1944 646 1298
1584727960 1945 646 1299
1584729025 1945 647 1298
1584729512 1945 648 1297
1584732427 1945 649 1296
1584732857 1946 649 1297
1584734243 1947 650 1297
1584734344 1948 650 1298
1584734704 1949 650 1299
1584734770 1949 651 1298
1584734819 1949 652 1297
1584734940 1949 653 1296
1584735038 1949 654 1295
1584735101 1950 654 1296
1584735387 1950 655 1295
1584735527 1950 656 1294
1584736301 1951 656 1295
1584736463 1951 657 1294
1584736744 1952 657 1295
1584737966 1953 657 1296
1584737972 1954 657 1297
1584738023 1955 658 1297
1584740330 1956 659 1297
1584740400 1957 660 1297
1584740682 1958 661 1297
1584740791 1958 662 1296
1584741840 1958 663 1295
1584743929 1959 663 1296
1584744992 1959 664 1295
1584745107 1960 664 1296
1584745398 1960 665 1295
1584746236 1961 665 1296
1584747353 1962 665 1297
1584748660 1962 666 1296
1584749313 1963 667 1296
1584749771 1964 667 1297
1584755096 1965 668 1297
1584756654 1966 668 1298
1584756675 1967 668 1299
1584757668 1968 668 1300
1584757735 1968 669 1299
1584771988 1969 669 1300
1584776215 1970 669 1301
1584776360 1971 669 1302
1584778377 1971 670 1301
1584779305 1971 671 1300
1584780776 1971 672 1299
1584782630 1971 673 1298
1584784473 1971 674 1297
1584785020 1972 675 1297
1584785025 1972 676 1296
1584786388 1972 677 1295
1584786422 1972 678 1294
1584786444 1973 678 1295
1584786599 1973 679 1294
1584787953 1973 680 1293
1584789478 1973 681 1292
1584790755 1974 681 1293
1584792115 1974 682 1292
1584792184 1974 683 1291
1584793983 1975 684 1291
1584794520 1976 685 1291
1584796003 1977 685 1292
1584800258 1978 685 1293
1584800351 1979 685 1294
1584800485 1980 686 1294
1584805214 1980 687 1293
1584808196 1980 688 1292
1584808466 1981 688 1293
1584810580 1982 688 1294
1584811394 1982 689 1293
1584814296 1982 690 1292
1584815183 1982 691 1291
1584816006 1983 692 1291
1584816530 1984 692 1292
1584816715 1985 693 1292
1584817519 1985 694 1291
1584817520 1985 695 1290
1584817833 1985 696 1289
1584818027 1985 697 1288
1584820062 1985 698 1287
1584820419 1986 698 1288
1584820638 1987 698 1289
1584820740 1987 699 1288
1584822433 1987 700 1287
1584822807 1988 701 1287
1584823233 1989 701 1288
1584826291 1990 701 1289
1584826700 1991 701 1290
1584827001 1992 701 1291
1584829731 1993 701 1292
1584829988 1994 701 1293
1584830072 1994 702 1292
1584830207 1994 703 1291
1584831484 1995 703 1292
1584833133 1996 703 1293
1584833292 1997 703 1294
1584833711 1998 704 1294
1584833770 1998 705 1293
1584835103 1998 706 1292
1584835338 1999 707 1292
1584835468 1999 708 1291
1584836185 2000 708 1292
1584842394 2001 708 1293
1584844297 2002 708 1294
1584848947 2003 708 1295
1584859364 2004 709 1295
1584864825 2005 710 1295
1584864858 2006 710 1296
1584865589 2006 711 1295
1584867378 2007 711 1296
1584868200 2007 712 1295
1584869616 2008 713 1295
1584870156 2009 713 1296
1584870244 2009 714 1295
1584870476 2010 714 1296
1584874411 2011 714 1297
1584874784 2011 715 1296
1584876458 2012 716 1296
1584876464 2012 717 1295
1584877514 2012 718 1294
1584878778 2012 719 1293
1584878907 2013 720 1293
1584880815 2013 721 1292
1584882275 2014 721 1293
1584883291 2015 721 1294
1584884366 2015 722 1293
1584884493 2015 723 1292
1584885004 2016 723 1293
1584885828 2017 724 1293
1584886268 2017 725 1292
1584887480 2018 725 1293
1584888013 2018 726 1292
1584888905 2018 727 1291
1584891027 2018 728 1290
1584892537 2019 728 1291
1584892582 2020 728 1292
1584893007 2020 729 1291
1584894447 2021 729 1292
1584895463 2021 730 1291
1584898106 2022 730 1292
1584898289 2022 731 1291
1584898669 2022 732 1290
1584899540 2022 733 1289
1584901804 2023 733 1290
1584902064 2024 733 1291
1584903379 2024 734 1290
1584903468 2024 735 1289
1584904623 2024 736 1288
1584905633 2024 737 1287
1584906240 2024 738 1286
1584906437 2025 739 1286
1584906853 2025 740 1285
1584906917 2025 741 1284
1584907105 2025 742 1283
1584907135 2025 743 1282
1584907450 2026 743 1283
1584907891 2027 743 1284
1584908876 2027 744 1283
1584908941 2027 745 1282
1584909552 2027 746 1281
1584910477 2027 747 1280
1584911090 2028 748 1280
1584911108 2029 749 1280
1584912895 2030 749 1281
1584914113 2030 750 1280
1584914530 2031 750 1281
1584914640 2031 751 1280
1584915515 2031 752 1279
1584916381 2032 753 1279
1584916532 2032 754 1278
1584916972 2033 755 1278
1584918155 2034 755 1279
1584918668 2034 756 1278
1584918683 2034 757 1277
1584919668 2035 757 1278
1584920397 2036 757 1279
1584920398 2036 758 1278
1584922415 2037 759 1278
1584922910 2038 759 1279
1584923053 2038 760 1278
1584927024 2039 760 1279
1584936028 2039 761 1278
1584942277 2040 762 1278
1584947107 2040 763 1277
1584947455 2041 763 1278
1584947476 2042 763 1279
1584948498 2042 764 1278
1584953970 2042 765 1277
1584953973 2042 766 1276
1584957763 2042 767 1275
1584958562 2042 768 1274
1584960114 2042 769 1273
1584960833 2042 770 1272
1584961705 2042 771 1271
1584961749 2042 772 1270
1584962128 2042 773 1269
1584962174 2043 773 1270
1584963129 2043 774 1269
1584963313 2044 774 1270
1584963893 2044 775 1269
1584965033 2045 775 1270
1584965227 2046 776 1270
1584965571 2046 777 1269
1584966479 2046 778 1268
1584967884 2046 779 1267
1584969000 2047 779 1268
1584969036 2048 779 1269
1584969113 2048 780 1268
1584970519 2048 781 1267
1584971706 2049 782 1267
1584972718 2049 783 1266
1584972873 2050 783 1267
1584972980 2050 784 1266
1584974040 2051 784 1267
1584974126 2052 784 1268
1584976460 2053 784 1269
1584976533 2054 784 1270
1584976807 2055 784 1271
1584976976 2055 785 1270
1584977452 2056 786 1270
1584978015 2057 786 1271
1584979589 2058 786 1272
1584979899 2058 787 1271
1584980297 2059 787 1272
1584980375 2060 787 1273
1584980772 2061 787 1274
1584981484 2062 787 1275
1584982934 2063 788 1275
1584983808 2063 789 1274
1584984735 2064 789 1275
1584985383 2065 789 1276
1584985816 2065 790 1275
1584986405 2065 791 1274
1584986473 2065 792 1273
1584987113 2066 792 1274
1584987935 2067 793 1274
1584988229 2067 794 1273
1584989238 2067 795 1272
1584989351 2067 796 1271
1584989540 2067 797 1270
1584990336 2067 798 1269
1584990539 2068 798 1270
1584990611 2068 799 1269
1584993094 2068 800 1268
1584993872 2068 801 1267
1584994394 2068 802 1266
1584994701 2069 802 1267
1584995527 2069 803 1266
1584995707 2070 803 1267
1584996048 2070 804 1266
1584996150 2070 805 1265
1584996260 2070 806 1264
1584996477 2070 807 1263
1584997043 2071 808 1263
1584998048 2071 809 1262
1584998217 2071 810 1261
1584998339 2071 811 1260
1584998580 2071 812 1259
1584999386 2072 812 1260
1585000430 2072 813 1259
1585000496 2073 813 1260
1585000542 2073 814 1259
1585000939 2074 814 1260
1585001789 2074 815 1259
1585002202 2075 816 1259
1585003050 2076 816 1260
1585003638 2076 817 1259
1585004847 2076 818 1258
1585005353 2076 819 1257
1585006387 2076 820 1256
1585030438 2077 821 1256
1585033813 2077 822 1255
1585034707 2077 823 1254
1585035780 2077 824 1253
1585038571 2077 825 1252
1585038916 2078 825 1253
1585040279 2078 826 1252
1585042190 2079 827 1252
1585043303 2080 828 1252
1585044645 2080 829 1251
1585044668 2081 829 1252
1585044738 2082 829 1253
1585048397 2082 830 1252
1585049094 2082 831 1251
1585049243 2083 832 1251
1585050769 2083 833 1250
1585053031 2083 834 1249
1585054812 2083 835 1248
1585056718 2083 836 1247
1585061840 2083 837 1246
1585062493 2084 838 1246
1585065861 2085 839 1246
1585067017 2085 840 1245
1585067097 2085 841 1244
1585067417 2085 842 1243
1585068677 2085 843 1242
1585068956 2085 844 1241
1585069332 2086 845 1241
1585070050 2087 845 1242
1585070548 2087 846 1241
1585070586 2087 847 1240
1585073473 2088 847 1241
1585073917 2088 848 1240
1585074499 2088 849 1239
1585076131 2089 849 1240
1585076134 2089 850 1239
1585079220 2089 851 1238
1585082255 2089 852 1237
1585082818 2090 853 1237
1585083088 2090 854 1236
1585083111 2090 855 1235
1585083477 2090 856 1234
1585084631 2090 857 1233
1585085997 2090 858 1232
1585087134 2090 859 1231
1585087377 2091 860 1231
1585088569 2091 861 1230
1585089591 2091 862 1229
1585090291 2091 863 1228
1585090942 2091 864 1227
1585092957 2091 865 1226
1585094858 2091 866 1225
1585095819 2091 867 1224
1585098536 2091 868 1223
1585098932 2091 869 1222
1585119539 2092 870 1222
1585121878 2092 871 1221
1585123565 2093 871 1222
1585123787 2094 871 1223
1585126202 2095 872 1223
1585126539 2096 872 1224
1585126743 2096 873 1223
1585127195 2096 874 1222
1585129841 2096 875 1221
1585130191 2096 876 1220
1585132908 2097 876 1221
1585133977 2097 877 1220
1585138526 2097 878 1219
1585139712 2098 878 1220
1585139717 2098 879 1219
1585139829 2098 880 1218
1585140391 2098 881 1217
1585143138 2098 882 1216
1585144343 2098 883 1215
1585145674 2098 884 1214
1585146673 2098 885 1213
1585149807 2098 886 1212
1585150513 2098 887 1211
1585150638 2098 888 1210
1585150674 2099 889 1210
1585151330 2100 889 1211
1585151408 2100 890 1210
1585151611 2100 891 1209
1585151754 2101 891 1210
1585152358 2101 892 1209
1585152505 2101 893 1208
1585152614 2101 894 1207
1585154292 2101 895 1206
1585154554 2101 896 1205
1585155135 2101 897 1204
1585156434 2102 898 1204
1585156497 2103 898 1205
1585156664 2104 898 1206
1585157078 2104 899 1205
1585157930 2104 900 1204
1585157991 2105 900 1205
1585158049 2105 901 1204
1585158739 2105 902 1203
1585159248 2106 903 1203
1585159889 2106 904 1202
1585159908 2106 905 1201
1585160325 2107 905 1202
1585161290 2107 906 1201
1585163221 2108 907 1201
1585164365 2109 908 1201
1585164474 2109 909 1200
1585164733 2109 910 1199
1585165858 2109 911 1198
1585167174 2109 912 1197
1585167235 2109 913 1196
1585167564 2109 914 1195
1585167586 2109 915 1194
1585167748 2109 916 1193
1585167828 2109 917 1192
1585167925 2109 918 1191
1585168568 2109 919 1190
1585168749 2110 919 1191
1585169359 2110 920 1190
1585169363 2111 921 1190
1585169819 2112 922 1190
1585169893 2112 923 1189
1585170243 2112 924 1188
1585172228 2112 925 1187
1585175603 2112 926 1186
1585178033 2113 926 1187
1585180771 2114 926 1188
1585181244 2114 927 1187
1585184143 2115 928 1187
1585184679 2115 929 1186
1585186003 2115 930 1185
1585191549 2116 930 1186
1585192181 2116 931 1185
1585209090 2116 932 1184
1585211985 2116 933 1183
1585212031 2116 934 1182
1585212200 2116 935 1181
1585217045 2116 936 1180
1585217953 2117 936 1181
1585218593 2118 936 1182
1585219201 2118 937 1181
1585219537 2119 938 1181
1585219998 2119 939 1180
1585220091 2119 940 1179
1585221759 2119 941 1178
1585223340 2119 942 1177
1585226305 2119 943 1176
1585228255 2119 944 1175
1585228728 2120 944 1176
1585229842 2121 945 1176
1585230591 2121 946 1175
1585233204 2121 947 1174
1585236261 2121 948 1173
1585236671 2121 949 1172
1585238066 2122 949 1173
1585238753 2122 950 1172
1585239511 2122 951 1171
1585240672 2123 951 1172
1585240680 2123 952 1171
1585240886 2123 953 1170
1585242874 2123 954 1169
1585243204 2123 955 1168
1585243652 2124 956 1168
1585251181 2124 957 1167
1585251319 2126 959 1167
1585251319 2126 959 1167
1585251655 2126 960 1166
1585252634 2126 961 1165
1585252658 2126 962 1164
1585254290 2126 963 1163
1585258467 2126 964 1162
1585261278 2126 965 1161
1585261803 2127 966 1161
1585261920 2128 966 1162
1585262332 2129 966 1163
1585263851 2130 967 1163
1585264707 2130 968 1162
1585264988 2130 969 1161
1585267605 2130 970 1160
1585268345 2131 970 1161
1585281416 2131 971 1160
1585288515 2132 971 1161
1585295583 2132 972 1160
1585296902 2132 973 1159
1585301109 2133 974 1159
1585301455 2133 975 1158
1585302027 2133 976 1157
1585302227 2133 977 1156
1585302994 2133 978 1155
1585304344 2133 979 1154
1585304706 2134 980 1154
1585305658 2135 981 1154
1585307184 2135 982 1153
1585308298 2135 983 1152
1585309466 2135 984 1151
1585310549 2136 984 1152
1585311433 2137 984 1153
1585311899 2138 984 1154
1585312189 2138 985 1153
1585314085 2139 986 1153
1585315260 2139 987 1152
1585315711 2139 988 1151
1585316504 2140 988 1152
1585319094 2141 989 1152
1585319159 2142 989 1153
1585322469 2143 989 1154
1585323422 2143 990 1153
1585324052 2143 991 1152
1585326875 2143 992 1151
1585327192 2144 992 1152
1585328026 2145 992 1153
1585328164 2145 993 1152
1585328490 2146 993 1153
1585328543 2146 994 1152
1585329979 2146 995 1151
1585333771 2147 995 1152
1585336847 2147 996 1151
1585337537 2147 997 1150
1585338490 2147 998 1149
1585339888 2147 999 1148
1585340200 2147 1000 1147
1585341219 2147 1001 1146
1585346148 2148 1002 1146
1585346660 2148 1003 1145
1585349707 2148 1004 1144
1585350976 2149 1004 1145
1585351588 2149 1005 1144
1585353987 2149 1006 1143
1585353990 2150 1006 1144
1585356207 2151 1006 1145
1585356337 2151 1007 1144
1585356371 2152 1007 1145
1585356830 2152 1008 1144
1585358690 2152 1009 1143
1585359236 2152 1010 1142
1585360524 2153 1010 1143
1585361662 2154 1010 1144
1585362643 2154 1011 1143
1585364669 2154 1012 1142
1585369988 2155 1013 1142
1585382707 2156 1013 1143
1585386805 2157 1014 1143
1585387683 2157 1015 1142
1585387998 2158 1015 1143
1585388193 2159 1015 1144
1585389750 2160 1015 1145
1585391958 2160 1016 1144
1585392523 2161 1016 1145
1585392583 2161 1017 1144
1585392618 2162 1017 1145
1585394219 2162 1018 1144
1585394792 2163 1018 1145
1585394884 2164 1019 1145
1585395321 2164 1020 1144
1585396143 2164 1021 1143
1585396836 2165 1022 1143
1585396978 2165 1023 1142
1585398129 2166 1024 1142
1585398329 2166 1025 1141
1585398427 2167 1025 1142
1585399326 2167 1026 1141
1585400478 2168 1026 1142
1585401960 2168 1027 1141
1585404098 2169 1027 1142
1585404557 2170 1028 1142
1585405973 2170 1029 1141
1585408119 2170 1030 1140
1585409312 2170 1031 1139
1585411068 2170 1032 1138
1585411118 2170 1033 1137
1585411587 2170 1034 1136
1585412626 2171 1035 1136
1585413909 2171 1036 1135
1585414574 2172 1037 1135
1585417603 2173 1038 1135
1585418435 2173 1039 1134
1585419519 2173 1040 1133
1585419974 2174 1040 1134
1585420028 2174 1041 1133
1585420272 2175 1041 1134
1585420291 2176 1042 1134
1585420607 2176 1043 1133
1585420984 2176 1044 1132
1585421076 2176 1045 1131
1585421096 2176 1046 1130
1585421386 2177 1046 1131
1585423320 2178 1047 1131
1585424044 2178 1048 1130
1585424064 2179 1048 1131
1585424340 2179 1049 1130
1585424778 2179 1050 1129
1585425099 2179 1051 1128
1585427665 2179 1052 1127
1585430555 2180 1052 1128
1585430645 2181 1052 1129
1585433692 2181 1053 1128
1585435236 2181 1054 1127
1585438050 2181 1055 1126
1585438512 2181 1056 1125
1585443346 2181 1057 1124
1585443960 2182 1058 1124
1585445513 2182 1059 1123
1585445651 2183 1060 1123
1585455928 2183 1061 1122
1585461804 2183 1062 1121
1585470824 2183 1063 1120
1585472433 2184 1063 1121
1585472694 2184 1064 1120
1585473490 2184 1065 1119
1585476346 2185 1066 1119
1585478461 2185 1067 1118
1585479210 2186 1068 1118
1585479263 2187 1068 1119
1585479332 2188 1068 1120
1585479788 2188 1069 1119
1585483132 2189 1069 1120
1585483409 2189 1070 1119
1585483412 2189 1071 1118
1585484033 2189 1072 1117
1585484330 2189 1073 1116
1585484532 2189 1074 1115
1585484597 2189 1075 1114
1585485520 2189 1076 1113
1585485704 2189 1077 1112
1585486741 2189 1078 1111
1585486820 2189 1079 1110
1585487616 2190 1080 1110
1585487826 2190 1081 1109
1585489563 2190 1082 1108
1585490235 2191 1082 1109
1585490495 2191 1083 1108
1585490499 2191 1084 1107
1585490932 2192 1084 1108
1585493297 2192 1085 1107
1585493515 2193 1086 1107
1585496217 2193 1087 1106
1585497763 2193 1088 1105
1585497914 2193 1089 1104
1585498217 2194 1089 1105
1585499064 2195 1089 1106
1585499511 2195 1090 1105
1585500138 2195 1091 1104
1585500286 2196 1091 1105
1585500592 2196 1092 1104
1585501045 2196 1093 1103
1585502071 2196 1094 1102
1585503024 2196 1095 1101
1585504504 2196 1096 1100
1585504979 2196 1097 1099
1585505237 2196 1098 1098
1585507458 2196 1099 1097
1585508531 2196 1100 1096
1585509167 2196 1101 1095
1585509737 2197 1101 1096
1585512765 2197 1102 1095
1585514615 2198 1103 1095
1585515624 2198 1104 1094
1585515828 2198 1105 1093
1585516106 2199 1105 1094
1585519706 2200 1106 1094
1585520029 2200 1107 1093
1585522169 2200 1108 1092
1585523035 2200 1109 1091
1585524810 2201 1110 1091
1585526858 2201 1111 1090
1585527163 2202 1112 1090
1585527340 2202 1113 1089
1585530970 2202 1114 1088
1585531617 2202 1115 1087
1585534461 2202 1116 1086
1585537956 2202 1117 1085
1585539429 2202 1118 1084
1585544025 2202 1119 1083
1585551151 2202 1120 1082
1585551744 2202 1121 1081
1585555288 2203 1121 1082
1585556213 2203 1122 1081
1585556713 2204 1122 1082
1585556714 2204 1123 1081
1585559583 2204 1124 1080
1585559913 2205 1124 1081
1585560165 2205 1125 1080
1585560873 2205 1126 1079
1585562471 2205 1127 1078
1585562510 2205 1128 1077
1585564345 2205 1129 1076
1585564397 2205 1130 1075
1585565813 2206 1130 1076
1585570161 2207 1130 1077
1585570484 2207 1131 1076
1585570848 2207 1132 1075
1585573744 2208 1133 1075
1585574379 2208 1134 1074
1585577311 2208 1135 1073
1585578247 2208 1136 1072
1585578535 2208 1137 1071
1585580446 2208 1138 1070
1585580513 2208 1139 1069
1585580521 2208 1140 1068
1585580878 2208 1141 1067
1585580947 2208 1142 1066
1585582206 2208 1143 1065
1585585271 2208 1144 1064
1585585395 2208 1145 1063
1585585595 2208 1146 1062
1585586156 2208 1147 1061
1585586898 2208 1148 1060
1585588346 2208 1149 1059
1585589129 2209 1150 1059
1585590745 2209 1151 1058
1585591316 2209 1152 1057
1585593602 2209 1153 1056
1585593781 2209 1154 1055
1585594946 2209 1155 1054
1585594955 2209 1156 1053
1585595083 2209 1157 1052
1585596088 2209 1158 1051
1585596575 2210 1159 1051
1585597131 2210 1160 1050
1585597177 2211 1160 1051
1585597573 2211 1161 1050
1585597756 2211 1162 1049
1585597787 2211 1163 1048
1585597923 2211 1164 1047
1585598008 2211 1165 1046
1585599043 2211 1166 1045
1585599179 2211 1167 1044
1585599544 2211 1168 1043
1585600164 2211 1169 1042
1585600312 2211 1170 1041
1585602471 2212 1171 1041
1585602970 2213 1172 1041
1585603565 2213 1173 1040
1585603866 2213 1174 1039
1585603933 2213 1175 1038
1585608216 2213 1176 1037
1585608318 2213 1177 1036
1585609526 2213 1178 1035
1585610310 2213 1179 1034
1585610410 2213 1180 1033
1585610713 2213 1181 1032
1585611205 2213 1182 1031
1585612531 2213 1183 1030
1585612585 2214 1184 1030
1585613243 2214 1185 1029
1585614661 2214 1186 1028
1585617541 2214 1187 1027
1585617631 2214 1188 1026
1585617650 2214 1189 1025
1585624140 2214 1190 1024
1585630900 2215 1191 1024
1585642753 2215 1192 1023
1585644461 2215 1193 1022
1585645840 2215 1194 1021
1585646677 2215 1195 1020
1585646880 2215 1196 1019
1585647761 2215 1197 1018
1585648520 2216 1198 1018
1585651726 2216 1199 1017
1585652851 2216 1200 1016
1585654078 2216 1201 1015
1585654875 2216 1202 1014
1585655348 2216 1203 1013
1585655891 2217 1203 1014
1585656286 2217 1204 1013
1585656637 2218 1205 1013
1585657363 2219 1206 1013
1585657454 2219 1207 1012
1585657845 2219 1208 1011
1585658180 2220 1208 1012
1585663394 2221 1208 1013
1585663771 2222 1208 1014
1585669104 2223 1208 1015
1585671581 2224 1208 1016
1585673758 2225 1208 1017
1585683070 2226 1208 1018
1585734524 2227 1208 1019
1585747126 2228 1208 1020
1585753528 2229 1208 1021
1585754670 2230 1208 1022
1585771679 2231 1208 1023
1585779285 2232 1208 1024
1585782160 2233 1208 1025
1585784845 2234 1208 1026
1585788319 2235 1208 1027
1585819439 2236 1208 1028
1585824580 2237 1208 1029
1585828269 2238 1208 1030
1585839586 2239 1208 1031
1585840719 2240 1208 1032
1585845237 2241 1208 1033
1585850566 2242 1208 1034
1585851896 2243 1208 1035
1585863545 2244 1208 1036
1585868544 2245 1208 1037
1585870417 2246 1208 1038
1585896732 2247 1208 1039
1585909362 2248 1208 1040
1585911361 2249 1208 1041
1585922674 2250 1208 1042
1585923276 2251 1208 1043
1585929679 2252 1208 1044
1585930158 2253 1208 1045
1585933597 2254 1208 1046
1585938272 2255 1208 1047
1585956132 2256 1208 1048
1585956148 2257 1208 1049
1585958224 2258 1208 1050
1585958903 2259 1208 1051
1585978559 2260 1208 1052
1585990855 2261 1208 1053
1586018401 2262 1208 1054
1586022561 2263 1208 1055
1586024419 2264 1208 1056
1586033963 2265 1208 1057
1586055536 2266 1208 1058
1586084722 2267 1208 1059
1586094239 2268 1208 1060
1586096921 2269 1208 1061
1586098273 2270 1208 1062
1586106175 2271 1208 1063
1586116282 2272 1208 1064
1586117364 2273 1208 1065
1586124149 2274 1208 1066
1586125852 2275 1208 1067
1586140078 2276 1208 1068
1586166331 2277 1208 1069
1586167324 2278 1208 1070
1586167525 2279 1208 1071
1586173488 2280 1208 1072
1586178654 2281 1208 1073
1586180464 2282 1208 1074
1586180827 2283 1208 1075
1586180969 2284 1208 1076
1586185203 2285 1208 1077
1586196788 2286 1208 1078
1586198448 2287 1208 1079
1586201201 2288 1208 1080
1586204953 2289 1208 1081
1586207756 2290 1208 1082
1586209225 2291 1208 1083
1586209803 2292 1208 1084
1586215370 2293 1208 1085
1586215990 2294 1208 1086
1586217136 2295 1208 1087
1586220876 2296 1208 1088
1586257436 2297 1208 1089
1586257636 2298 1208 1090
1586257793 2299 1208 1091
