1580083200 231 9 222
1580688000 383 21 362
1581292800 438 28 410
1581897600 473 34 439
1582502400 501 39 462
1583107200 757 56 701
1583712000 1013 92 921
1584316800 1516 189 1327
1584921600 2005 387 1618
1585526400 2167 494 1673
1586131200 2240 568 1672
1586736000 2302 637 1665
1587340800 2366 692 1674
1587945600 2400 737 1663
1588550400 2424 778 1646
1589155200 2446 815 1631
1589760000 2460 840 1620
1590364800 2472 853 1619
1590969600 2483 870 1613
1591574400 2487 887 1600
1592179200 2488 894 1594
1592784000 2490 902 1588
1593388800 2498 912 1586
1593993600 2501 914 1587
1594598400 2505 921 1584
1595203200 2510 928 1582
1595808000 2517 935 1582
1596412800 2524 940 1584
1597017600 2532 950 1582
1597622400 2543 962 1581
1598227200 2554 970 1584
1598832000 2570 987 1583
1599436800 2584 997 1587
1600041600 2596 1015 1581
1600646400 2605 1023 1582
1601251200 2621 1039 1582
1601856000 2630 1051 1579
1602460800 2639 1061 1578
1603065600 2664 1088 1576
1603670400 2683 1108 1575
1604275200 2744 1195 1549
1604880000 2758 1227 1531
1605484800 2772 1250 1522
1606089600 2781 1265 1516
1606694400 2783 1276 1507
1607299200 2794 1290 1504
1607904000 2804 1302 1502
1608508800 2814 1321 1493
1609113600 2819 1334 1485
1609718400 2832 1348 1484
1610323200 2845 1368 1477
1610928000 2859 1388 1471
1611532800 2870 1401 1469
1612137600 2882 1430 1452
1612742400 2889 1449 1440
1613347200 2897 1466 1431
1613952000 2903 1476 1427
1614556800 2906 1484 1422
1615161600 2914 1502 1412
1615766400 2926 1513 1413
1616371200 2943 1543 1400
1616976000 2949 1563 1386
1617580800 2962 1611 1351
1618185600 2972 1646 1326
1618790400 2979 1667 1312
1619395200 2982 1684 1298
1620000000 2990 1709 1281
1620604800 2999 1744 1255
1621209600 3021 1777 1244
1621814400 3037 1816 1221
1622419200 3044 1831 1213
1623024000 3050 1852 1198
1623628800 3057 1874 1183
1624233600 3062 1892 1170
1624838400 3070 1917 1153
1625443200 3079 1934 1145
1626048000 3094 1968 1126
1626652800 3159 2145 1014
1627257600 3188 2237 951
1627862400 3205 2344 861
1628467200 3224 2450 774
1629072000 3241 2548 693
1629676800 3252 2681 571
1630281600 3264 2817 447
1630886400 3273 2885 388
