1579611316 1 0 1
1579611555 2 0 2
1579613366 3 0 3
1579617811 4 0 4
1579621979 5 0 5
1579622150 6 0 6
1579627499 7 0 7
1579629367 8 0 8
1579630675 9 0 9
1579630765 10 0 10
1579631666 11 0 11
1579636944 12 0 12
1579639995 13 0 13
1579640280 14 0 14
1579640775 15 0 15
1579646008 16 0 16
1579678473 17 0 17
1579693339 18 0 18
1579724250 19 0 19
1579727123 20 0 20
1579727177 21 0 21
1579727975 22 0 22
1579730378 23 0 23
1579730809 24 0 24
1579733220 25 0 25
1579734009 26 0 26
1579734215 27 0 27
1579734792 28 0 28
1579735590 29 0 29
1579737627 30 0 30
1579738363 31 0 31
1579740900 32 0 32
1579742068 33 0 33
1579760592 34 0 34
1579772175 35 0 35
1579775467 36 0 36
1579776449 37 1 36
1579776449 37 1 36
1579777951 38 1 37
1579778672 39 1 38
1579778830 40 1 39
1579784057 41 1 40
1579784270 42 1 41
1579784502 43 1 42
1579787783 44 1 43
1579791432 45 1 44
1579792908 46 1 45
1579792912 47 1 46
1579793285 48 1 47
1579793640 49 1 48
1579793677 50 1 49
1579802143 51 1 50
1579805056 52 2 50
1579805056 52 2 50
1579806529 53 2 51
1579811179 54 2 52
1579821659 55 2 53
1579822944 56 2 54
1579823091 57 2 55
1579826431 58 2 56
1579827367 59 2 57
1579840018 60 2 58
1579844499 61 2 59
1579849146 62 2 60
1579849340 63 2 61
1579852403 64 2 62
1579853947 65 2 63
1579854262 66 2 64
1579858552 67 2 65
1579858590 68 2 66
1579858604 69 2 67
1579861015 70 2 68
1579861671 71 2 69
1579863724 72 2 70
1579870016 73 2 71
1579870844 74 2 72
1579871363 75 3 72
1579871363 75 3 72
1579872263 76 3 73
1579873194 77 3 74
1579874713 78 4 74
1579874713 78 4 74
1579875857 79 4 75
1579877603 80 4 76
1579880211 81 4 77
1579880806 82 5 77
1579880806 82 5 77
1579885751 83 5 78
1579886544 84 5 79
1579886746 85 5 80
1579887026 86 5 81
1579887245 87 5 82
1579888707 88 5 83
1579890751 89 5 84
1579892037 90 5 85
1579897192 91 5 86
1579897615 92 5 87
1579897628 93 5 88
1579898020 94 5 89
1579898093 95 5 90
1579898104 96 5 91
1579898295 97 5 92
1579898366 98 5 93
1579899120 99 5 94
1579899597 100 5 95
1579899783 101 5 96
1579899824 102 5 97
1579900037 103 5 98
1579900093 104 5 99
1579900136 105 5 100
1579900290 106 5 101
1579900351 107 5 102
1579900500 108 5 103
1579900515 109 5 104
1579900888 110 5 105
1579901083 111 5 106
1579901210 112 5 107
1579901630 113 5 108
1579901787 114 5 109
1579901886 115 5 110
1579901916 116 5 111
1579902344 117 5 112
1579903110 118 5 113
1579904004 119 5 114
1579904013 120 5 115
1579904655 121 5 116
1579904674 122 5 117
1579904963 123 5 118
1579905912 124 5 119
1579906049 125 5 120
1579906055 126 5 121
1579906227 127 5 122
1579906351 128 5 123
1579906556 129 5 124
1579906859 130 5 125
1579906939 131 5 126
1579906979 132 5 127
1579907338 133 5 128
1579908229 134 5 129
1579908293 135 5 130
1579908329 136 5 131
1579908840 137 5 132
1579909219 138 5 133
1579911342 139 5 134
1579915186 140 5 135
1579915723 141 5 136
1579916416 142 5 137
1579917298 143 5 138
1579917630 144 5 139
1579919733 145 5 140
1579920712 146 5 141
1579922026 147 5 142
1579924938 148 5 143
1579934676 149 5 144
1579938071 150 5 145
1579938750 151 5 146
1579939400 152 6 146
1579939400 152 6 146
1579940047 153 6 147
1579943548 154 7 147
1579943548 154 7 147
1579943708 155 7 148
1579943871 156 7 149
1579944323 157 7 150
1579944902 158 7 151
1579946835 159 7 152
1579947236 160 7 153
1579947909 161 7 154
1579949445 162 7 155
1579949468 163 7 156
1579949652 164 7 157
1579949677 165 7 158
1579949757 165 8 157
1579950448 166 8 158
1579950615 167 8 159
1579951014 168 8 160
1579951945 169 8 161
1579953209 170 8 162
1579956895 171 8 163
1579957886 172 8 164
1579957910 173 8 165
1579958003 174 8 166
1579958144 174 9 165
1579958330 175 9 166
1579961352 176 9 167
1579961635 177 9 168
1579962300 178 9 169
1579962525 179 9 170
1579962557 180 9 171
1579964705 181 9 172
1579966349 182 9 173
1579966383 183 9 174
1579967323 184 9 175
1579967349 185 9 176
1579968270 186 9 177
1579969765 187 9 178
1579972703 188 9 179
1579972896 189 9 180
1579973982 190 9 181
1579975431 191 9 182
1579975776 192 9 183
1579976055 193 9 184
1579976177 194 9 185
1579976762 195 10 185
1579976762 195 10 185
1579977121 196 10 186
1579977800 196 11 185
1579978580 197 11 186
1579979761 198 11 187
1579979940 199 11 188
1579982056 200 11 189
1579982100 201 11 190
1579984623 202 11 191
1579986219 203 11 192
1579987781 204 11 193
1579990366 205 11 194
1579995294 206 11 195
1579999312 207 11 196
1580021099 208 11 197
1580023491 209 11 198
1580025385 210 11 199
1580032617 211 11 200
1580032644 212 11 201
1580034093 213 11 202
1580036233 214 11 203
1580036556 215 11 204
1580037245 216 11 205
1580039617 217 11 206
1580039816 218 11 207
1580040653 219 11 208
1580041049 220 11 209
1580041576 221 11 210
1580044253 222 11 211
1580056459 223 11 212
1580057179 224 11 213
1580063156 225 11 214
1580065990 226 11 215
1580069107 227 11 216
1580072563 228 11 217
1580073364 229 11 218
1580076278 229 12 217
1580077054 230 12 218
1580077921 231 13 218
1580077921 231 13 218
1580078790 232 13 219
1580079026 233 13 220
1580081552 234 13 221
1580082532 235 13 222
1580109046 236 13 223
1580116947 237 13 224
1580118638 238 13 225
1580119156 239 13 226
1580121793 240 13 227
1580122138 241 13 228
1580129294 242 13 229
1580129688 243 13 230
1580130647 244 13 231
1580133359 245 13 232
1580134245 246 13 233
1580135310 247 13 234
1580135506 248 13 235
1580135682 249 13 236
1580137293 250 13 237
1580139983 251 13 238
1580140796 252 13 239
1580141917 253 13 240
1580142357 254 13 241
1580142844 254 14 240
1580143850 255 14 241
1580145999 256 14 242
1580147519 257 14 243
1580148839 258 14 244
1580149825 259 14 245
1580149929 260 14 246
1580149994 261 14 247
1580150937 262 14 248
1580152565 263 14 249
1580153583 264 14 250
1580157337 265 14 251
1580157604 266 14 252
1580159805 266 15 251
1580162604 267 15 252
1580163235 268 15 253
1580163355 269 15 254
1580179150 270 15 255
1580180392 271 15 256
1580186044 272 15 257
1580200461 273 15 258
1580204608 274 15 259
1580205290 275 15 260
1580208217 276 15 261
1580208891 277 15 262
1580209087 278 15 263
1580209441 279 15 264
1580209664 280 15 265
1580209714 281 15 266
1580210960 282 15 267
1580214064 283 16 267
1580214064 283 16 267
1580214642 284 16 268
1580214715 285 16 269
1580215430 286 16 270
1580218095 287 16 271
1580218312 288 17 271
1580218312 288 17 271
1580233880 289 17 272
1580234905 290 17 273
1580237499 291 17 274
1580239491 292 17 275
1580239614 293 17 276
1580239642 294 17 277
1580240823 295 17 278
1580242009 296 17 279
1580242271 297 17 280
1580244435 298 17 281
1580246007 299 17 282
1580247341 299 18 281
1580250782 300 18 282
1580252123 301 18 283
1580263337 302 18 284
1580266899 303 18 285
1580281426 304 18 286
1580286821 305 18 287
1580287630 305 19 286
1580289227 306 19 287
1580291450 307 19 288
1580291926 308 19 289
1580292256 309 19 290
1580293317 310 19 291
1580293461 311 19 292
1580294692 312 19 293
1580295949 313 20 293
1580295949 313 20 293
1580297046 314 20 294
1580304197 315 20 295
1580305313 316 20 296
1580308050 317 20 297
1580309486 318 20 298
1580314182 319 20 299
1580328596 320 20 300
1580329136 321 20 301
1580333196 322 21 301
1580333196 322 21 301
1580334924 323 21 302
1580341579 324 21 303
1580342258 324 22 302
1580352894 325 22 303
1580361242 326 22 304
1580372528 327 22 305
1580378199 328 22 306
1580378646 329 23 306
1580378646 329 23 306
1580379102 330 23 307
1580380689 331 23 308
1580381070 332 23 309
1580381504 333 23 310
1580383871 334 23 311
1580386391 335 23 312
1580389339 336 23 313
1580390124 337 23 314
1580393195 337 24 313
1580393334 338 24 314
1580396988 339 24 315
1580397439 340 24 316
1580404348 341 24 317
1580418110 342 24 318
1580418279 343 24 319
1580419059 344 24 320
1580420960 345 24 321
1580425672 346 24 322
1580460065 347 24 323
1580461280 348 24 324
1580464664 349 24 325
1580468550 350 24 326
1580472199 350 25 325
1580472399 351 25 326
1580473279 352 25 327
1580474163 353 25 328
1580477055 354 25 329
1580478927 355 25 330
1580484853 356 25 331
1580487904 357 25 332
1580489721 357 26 331
1580494200 358 26 332
1580495775 359 26 333
1580495851 360 26 334
1580497424 361 27 334
1580497424 361 27 334
1580499769 361 28 333
1580503648 362 28 334
1580503712 363 28 335
1580505690 364 28 336
1580518207 365 28 337
1580523931 365 29 336
1580545588 366 29 337
1580546975 367 29 338
1580547601 368 29 339
1580549272 369 29 340
1580554637 370 30 340
1580554637 370 30 340
1580555486 371 30 341
1580559931 372 30 342
1580563178 373 30 343
1580571642 374 30 344
1580596569 375 30 345
1580597746 376 30 346
1580602005 377 30 347
1580611880 378 30 348
1580615662 379 30 349
1580641210 380 30 350
1580641805 381 30 351
1580645299 382 30 352
1580647089 383 30 353
1580654725 384 30 354
1580655562 385 30 355
1580659674 386 30 356
1580673381 387 30 357
1580682687 388 30 358
1580684741 389 30 359
1580699492 390 30 360
1580716630 391 30 361
1580721735 392 30 362
1580724385 393 30 363
1580726052 393 31 362
1580728884 394 31 363
1580740545 395 31 364
1580740922 396 31 365
1580743245 396 32 364
1580744082 397 32 365
1580748471 398 32 366
1580758515 398 33 365
1580762786 399 33 366
1580763051 400 33 367
1580768440 401 33 368
1580772379 402 33 369
1580802759 403 33 370
1580819234 404 33 371
1580825801 405 33 372
1580836548 406 33 373
1580837864 407 33 374
1580843552 408 34 374
1580843552 408 34 374
1580858244 409 34 375
1580866186 410 34 376
1580889641 411 34 377
1580905759 412 34 378
1580908682 412 35 377
1580913537 413 35 378
1580916749 414 35 379
1580920567 415 35 380
1580921681 416 35 381
1580921851 417 35 382
1580927084 418 35 383
1580936329 419 35 384
1580978260 420 35 385
1580986937 421 35 386
1580995182 421 36 385
1581010663 422 36 386
1581061851 423 36 387
1581070613 424 36 388
1581072844 425 36 389
1581074277 426 36 390
1581086123 427 36 391
1581094415 428 36 392
1581098706 429 37 392
1581098706 429 37 392
1581101146 429 38 391
1581118315 430 38 392
1581119816 431 38 393
1581157548 432 38 394
1581158479 433 38 395
1581159381 434 38 396
1581159953 435 38 397
1581161411 436 38 398
1581162629 437 38 399
1581172511 438 38 400
1581176407 439 39 400
1581176407 439 39 400
1581177359 440 39 401
1581181207 441 39 402
1581183489 442 39 403
1581187306 443 39 404
1581188385 444 39 405
1581193042 445 39 406
1581195345 446 39 407
1581246862 446 40 406
1581324821 447 40 407
1581331161 448 40 408
1581331394 449 40 409
1581334312 450 40 410
1581339543 451 40 411
1581352644 452 40 412
1581357967 453 40 413
1581370515 454 41 413
1581370515 454 41 413
1581412981 455 41 414
1581414559 456 41 415
1581419656 457 41 416
1581428997 458 41 417
1581429752 459 41 418
1581435264 460 41 419
1581442081 461 41 420
1581444549 461 42 419
1581445993 462 42 420
1581449554 463 42 421
1581450308 464 43 421
1581450308 464 43 421
1581496171 465 43 422
1581509957 466 43 423
1581513139 467 43 424
1581546660 468 43 425
1581581725 469 44 425
1581581725 469 44 425
1581582731 470 44 426
1581585241 471 44 427
1581585824 472 44 428
1581594387 473 45 428
1581594387 473 45 428
1581610854 474 45 429
1581612353 475 45 430
1581635783 476 45 431
1581646190 477 45 432
1581679386 478 45 433
1581763985 478 46 432
1581770395 479 46 433
1581771472 480 46 434
1581772653 480 47 433
1581798034 481 47 434
1581815667 481 48 433
1581884638 482 48 434
1581924361 483 48 435
1581943066 484 48 436
1581953185 485 48 437
1581983608 486 48 438
1581998295 487 48 439
1582116561 488 48 440
1582141950 489 48 441
1582220672 490 48 442
1582272984 491 48 443
1582282745 492 48 444
1582284629 493 48 445
1582297797 493 49 444
1582305253 493 50 443
1582326576 494 50 444
1582377942 495 50 445
1582383005 495 51 444
1582385296 496 51 445
1582390772 497 51 446
1582391951 498 51 447
1582396817 499 51 448
1582400298 499 52 447
1582402425 500 52 448
1582410431 501 52 449
1582420665 502 52 450
1582423902 503 52 451
1582456071 504 52 452
1582457845 505 53 452
1582457845 505 53 452
1582461884 506 53 453
1582463236 507 53 454
1582470192 507 54 453
1582481657 507 55 452
1582482830 508 55 453
1582483015 509 55 454
1582497493 510 55 455
1582497549 511 55 456
1582505683 511 56 455
1582535958 512 56 456
1582537820 513 56 457
1582541025 514 56 458
1582541375 515 56 459
1582543938 515 57 458
1582544318 516 58 458
1582544318 516 58 458
1582546289 517 58 459
1582547431 518 58 460
1582549050 519 58 461
1582549138 520 58 462
1582549914 521 58 463
1582554319 522 58 464
1582555618 523 58 465
1582555659 524 58 466
1582555762 525 58 467
1582558310 526 58 468
1582558442 527 58 469
1582559505 528 58 470
1582561004 529 58 471
1582561573 530 58 472
1582561978 531 58 473
1582562195 532 58 474
1582562717 533 58 475
1582563983 534 58 476
1582565270 535 58 477
1582565759 536 58 478
1582568627 537 58 479
1582571134 538 58 480
1582573286 539 58 481
1582573993 540 58 482
1582575979 541 58 483
1582581666 542 58 484
1582598944 543 58 485
1582614333 544 58 486
1582615975 545 58 487
1582620595 546 58 488
1582622443 547 58 489
1582627726 548 58 490
1582628433 548 59 489
1582628613 549 59 490
1582629053 550 59 491
1582630446 551 59 492
1582630853 552 59 493
1582631966 553 59 494
1582633462 554 59 495
1582638628 555 59 496
1582638763 556 59 497
1582640340 557 59 498
1582641162 558 59 499
1582642459 559 59 500
1582643188 560 59 501
1582645706 561 59 502
1582646299 562 59 503
1582648592 563 59 504
1582650461 564 59 505
1582651225 565 59 506
1582655012 566 59 507
1582655306 567 59 508
1582655367 568 59 509
1582659266 569 59 510
1582659301 570 59 511
1582662828 571 59 512
1582665550 572 59 513
1582666546 573 59 514
1582668436 574 59 515
1582673226 575 59 516
1582673343 576 60 516
1582673343 576 60 516
1582702480 577 61 516
1582702480 577 61 516
1582712684 578 61 517
1582714369 579 61 518
1582715238 580 61 519
1582715729 581 61 520
1582716039 582 61 521
1582717298 583 61 522
1582720744 584 61 523
1582722355 585 61 524
1582724283 586 61 525
1582724605 587 61 526
1582725429 588 61 527
1582728811 589 61 528
1582730322 590 61 529
1582731038 590 62 528
1582732492 591 62 529
1582732619 592 63 529
1582732619 592 63 529
1582732714 593 63 530
1582733327 593 64 529
1582733528 594 64 530
1582734922 595 64 531
1582735067 596 64 532
1582735408 597 64 533
1582735601 598 64 534
1582736182 599 64 535
1582737595 600 64 536
1582738899 601 64 537
1582739226 602 64 538
1582740609 603 64 539
1582744299 604 65 539
1582744299 604 65 539
1582745431 605 65 540
1582747271 606 65 541
1582750213 606 66 540
1582752458 607 66 541
1582753999 608 66 542
1582754587 609 66 543
1582754765 610 66 544
1582755496 611 66 545
1582781146 612 66 546
1582785858 613 66 547
1582786046 614 66 548
1582795284 615 66 549
1582797060 616 66 550
1582797451 617 66 551
1582797889 618 66 552
1582799164 619 66 553
1582801259 620 66 554
1582802861 621 66 555
1582803516 622 66 556
1582805661 623 66 557
1582806431 624 66 558
1582809112 625 66 559
1582809645 626 66 560
1582810821 627 66 561
1582811578 628 67 561
1582811578 628 67 561
1582811752 629 67 562
1582818178 630 67 563
1582822971 631 67 564
1582826009 632 67 565
1582827871 633 67 566
1582833326 634 67 567
1582836786 635 67 568
1582837282 636 67 569
1582838314 637 67 570
1582838841 638 67 571
1582839768 639 67 572
1582841199 640 67 573
1582841279 641 67 574
1582842132 642 67 575
1582843507 643 67 576
1582843895 644 67 577
1582846870 645 67 578
1582847664 646 67 579
1582849603 647 67 580
1582851554 648 67 581
1582854281 649 67 582
1582855276 649 68 581
1582870865 650 68 582
1582872089 651 68 583
1582873197 652 68 584
1582876968 653 68 585
1582879735 654 68 586
1582880484 655 68 587
1582880893 656 68 588
1582882183 657 68 589
1582882889 658 68 590
1582883419 658 69 589
1582883645 659 69 590
1582883970 660 69 591
1582884112 661 69 592
1582885933 661 70 591
1582886279 662 70 592
1582886664 663 70 593
1582887068 664 70 594
1582888323 665 70 595
1582888836 666 70 596
1582889001 667 70 597
1582890578 668 70 598
1582891735 669 70 599
1582893249 670 70 600
1582894109 671 70 601
1582897018 672 70 602
1582899158 673 70 603
1582899172 674 70 604
1582900772 675 70 605
1582901583 676 70 606
1582901972 677 70 607
1582902555 678 70 608
1582903999 679 70 609
1582906321 680 70 610
1582909276 681 70 611
1582911754 682 70 612
1582911812 682 71 611
1582912062 683 72 611
1582912062 683 72 611
1582913556 684 72 612
1582918759 685 72 613
1582918892 686 72 614
1582919023 687 72 615
1582919717 688 72 616
1582920244 689 72 617
1582922532 689 73 616
1582922689 690 73 617
1582923317 691 73 618
1582923575 692 73 619
1582923783 693 73 620
1582928171 694 73 621
1582931983 695 73 622
1582933156 696 73 623
1582935651 697 73 624
1582939292 698 73 625
1582957039 699 74 625
1582957039 699 74 625
1582959634 700 74 626
1582960509 701 74 627
1582962218 702 74 628
1582962507 703 74 629
1582967196 704 74 630
1582972173 705 74 631
1582973475 706 74 632
1582974341 707 74 633
1582976265 708 74 634
1582976268 709 74 635
1582978340 710 74 636
1582986017 711 74 637
1582986686 712 74 638
1582987636 713 74 639
1582990379 714 74 640
1582990926 715 74 641
1582991655 715 75 640
1582992395 716 75 641
1582992628 717 75 642
1582993180 718 75 643
1582994276 719 75 644
1582998494 720 75 645
1582999454 720 76 644
1582999938 721 76 645
1583000348 722 76 646
1583000756 723 77 646
1583000756 723 77 646
1583002524 724 77 647
1583005014 725 77 648
1583005185 726 77 649
1583005572 727 77 650
1583006131 728 77 651
1583006155 729 77 652
1583006481 730 77 653
1583010269 731 77 654
1583010636 732 77 655
1583010946 733 77 656
1583011724 734 77 657
1583013290 735 77 658
1583013644 736 77 659
1583015969 737 77 660
1583017232 738 77 661
1583018787 739 77 662
1583021646 740 77 663
1583044078 741 77 664
1583049042 742 77 665
1583055749 742 78 664
1583058550 743 78 665
1583061724 744 78 666
1583062578 745 78 667
1583065191 746 78 668
1583072042 747 78 669
1583074110 748 78 670
1583077462 749 78 671
1583080027 750 78 672
1583082260 751 78 673
1583083304 752 78 674
1583084335 753 78 675
1583085795 754 78 676
1583087673 755 78 677
1583089711 756 78 678
1583090422 757 78 679
1583090849 758 78 680
1583091164 759 78 681
1583091777 760 78 682
1583091915 761 78 683
1583093498 762 78 684
1583093790 763 78 685
1583093841 764 78 686
1583095000 765 78 687
1583100276 766 78 688
1583100396 767 78 689
1583101696 768 78 690
1583102192 769 78 691
1583103340 770 78 692
1583105552 771 78 693
1583108849 772 78 694
1583115640 773 78 695
1583131695 774 78 696
1583132180 775 79 696
1583132180 775 79 696
1583132608 776 79 697
1583136924 777 79 698
1583142250 778 79 699
1583143474 778 80 698
1583143847 779 80 699
1583148676 780 80 700
1583148926 781 80 701
1583151672 782 80 702
1583151695 783 80 703
1583151823 784 80 704
1583153334 785 80 705
1583154010 786 80 706
1583155665 787 80 707
1583155695 788 80 708
1583156047 789 80 709
1583157797 790 80 710
1583158490 791 80 711
1583159875 792 80 712
1583160067 793 81 712
1583160067 793 81 712
1583162859 794 81 713
1583164380 795 81 714
1583165324 796 81 715
1583166187 797 81 716
1583167820 798 81 717
1583168212 799 81 718
1583168388 800 81 719
1583168876 801 81 720
1583170301 802 81 721
1583170607 803 82 721
1583170607 803 82 721
1583170657 804 82 722
1583176121 805 82 723
1583176819 806 82 724
1583181768 807 82 725
1583184677 808 82 726
1583184726 809 82 727
1583184797 810 82 728
1583185240 811 83 728
1583185240 811 83 728
1583186026 812 83 729
1583186484 813 83 730
1583186961 814 83 731
1583187874 815 83 732
1583189093 816 83 733
1583189296 816 84 732
1583190945 817 84 733
1583192071 817 85 732
1583193331 818 85 733
1583193843 819 85 734
1583196207 820 85 735
1583198653 821 85 736
1583220371 822 85 737
1583226444 823 85 738
1583228104 823 86 737
1583228639 824 86 738
1583233159 825 86 739
1583235269 826 86 740
1583238361 827 86 741
1583238806 828 86 742
1583239491 829 86 743
1583239723 830 86 744
1583240739 831 86 745
1583241226 832 86 746
1583244336 833 86 747
1583246002 834 86 748
1583246120 834 87 747
1583246336 835 87 748
1583247714 836 87 749
1583249219 837 88 749
1583249219 837 88 749
1583249276 838 88 750
1583249692 838 89 749
1583254819 839 89 750
1583255173 840 89 751
1583257851 841 89 752
1583260664 842 89 753
1583261701 843 90 753
1583261701 843 90 753
1583265172 844 91 753
1583265172 844 91 753
1583265571 845 91 754
1583265761 846 91 755
1583266056 847 91 756
1583266872 848 91 757
1583268079 849 91 758
1583269982 850 91 759
1583271259 851 91 760
1583271873 852 91 761
1583278055 853 91 762
1583279920 854 91 763
1583306960 855 91 764
1583307812 856 91 765
1583312153 857 91 766
1583316804 858 91 767
1583317177 858 92 766
1583317287 859 92 767
1583317526 860 92 768
1583322666 861 92 769
1583323546 862 92 770
1583324701 863 92 771
1583326008 864 92 772
1583326796 865 92 773
1583326851 866 92 774
1583329707 867 92 775
1583329766 868 92 776
1583332387 869 92 777
1583332629 869 93 776
1583333553 870 93 777
1583333785 871 94 777
1583333785 871 94 777
1583335222 872 94 778
1583335783 873 94 779
1583337199 874 94 780
1583337975 875 94 781
1583338335 876 95 781
1583338335 876 95 781
1583344069 877 95 782
1583346646 878 95 783
1583347076 879 95 784
1583348858 880 95 785
1583350184 881 96 785
1583350184 881 96 785
1583352957 882 96 786
1583353853 883 96 787
1583359476 884 96 788
1583359624 885 96 789
1583364588 886 96 790
1583372542 887 97 790
1583372542 887 97 790
1583380549 888 98 790
1583380549 888 98 790
1583387023 889 98 791
1583390165 890 98 792
1583391427 891 98 793
1583396050 892 98 794
1583397004 893 98 795
1583398157 894 98 796
1583398264 895 98 797
1583399990 896 98 798
1583401182 896 99 797
1583402131 897 99 798
1583404628 898 100 798
1583404628 898 100 798
1583404933 899 101 798
1583404933 899 101 798
1583405206 900 101 799
1583405779 901 101 800
1583407969 902 101 801
1583410520 903 101 802
1583410746 904 101 803
1583410899 904 102 802
1583411088 905 102 803
1583411412 905 103 802
1583413297 906 103 803
1583413520 907 103 804
1583415044 907 104 803
1583415867 908 104 804
1583417396 909 104 805
1583420357 910 105 805
1583420357 910 105 805
1583421541 911 106 805
1583421541 911 106 805
1583423911 912 106 806
1583425307 912 107 805
1583425391 913 107 806
1583426054 914 107 807
1583426515 915 107 808
1583428076 916 107 809
1583431629 917 107 810
1583432622 918 107 811
1583432997 919 107 812
1583434109 920 107 813
1583437042 921 107 814
1583437268 922 107 815
1583437934 923 107 816
1583438645 924 107 817
1583439390 925 108 817
1583439390 925 108 817
1583440606 926 108 818
1583442074 927 108 819
1583444599 928 109 819
1583444599 928 109 819
1583444894 929 109 820
1583446175 930 109 821
1583448634 931 109 822
1583451252 932 109 823
1583455362 933 109 824
1583456117 934 109 825
1583460415 935 109 826
1583460686 935 110 825
1583476393 936 110 826
1583481795 937 110 827
1583482837 938 110 828
1583486516 939 110 829
1583487723 940 110 830
1583487750 941 110 831
1583488161 942 110 832
1583489104 943 110 833
1583489620 944 110 834
1583490809 945 110 835
1583491793 946 110 836
1583493356 947 110 837
1583494195 948 111 837
1583494195 948 111 837
1583494710 948 112 836
1583495923 948 113 835
1583498447 949 114 835
1583498447 949 114 835
1583500140 949 115 834
1583500372 950 115 835
1583502357 951 115 836
1583502776 952 115 837
1583502942 953 115 838
1583503109 954 115 839
1583504046 955 115 840
1583504220 956 115 841
1583506390 957 115 842
1583506817 958 115 843
1583507314 958 116 842
1583507778 959 116 843
1583507851 960 116 844
1583508542 961 116 845
1583512801 962 117 845
1583512801 962 117 845
1583516683 963 117 846
1583518309 964 117 847
1583521109 964 118 846
1583521633 965 119 846
1583521633 965 119 846
1583523014 966 119 847
1583523508 967 119 848
1583525044 968 119 849
1583525210 969 119 850
1583526375 970 119 851
1583531166 971 120 851
1583531166 971 120 851
1583533921 972 120 852
1583538214 973 120 853
1583539557 974 120 854
1583543124 975 120 855
1583548163 976 120 856
1583566841 976 121 855
1583570868 977 121 856
1583572314 978 121 857
1583572469 979 121 858
1583574314 980 121 859
1583580628 981 121 860
1583584152 982 121 861
1583584677 983 121 862
1583587384 984 121 863
1583589852 985 121 864
1583594211 986 121 865
1583594830 986 122 864
1583596315 987 122 865
1583599326 988 122 866
1583600255 988 123 865
1583601605 989 123 866
1583604168 990 123 867
1583608959 991 123 868
1583609464 992 123 869
1583611726 993 123 870
1583613775 994 123 871
1583614769 995 123 872
1583614870 996 123 873
1583615655 997 123 874
1583616071 998 123 875
1583619428 999 123 876
1583624422 999 124 875
1583625565 1000 125 875
1583625565 1000 125 875
1583625739 1001 125 876
1583633920 1002 125 877
1583637915 1003 125 878
1583638146 1004 125 879
1583646243 1005 125 880
1583655198 1006 125 881
1583660557 1007 125 882
1583662122 1008 125 883
1583663416 1009 125 884
1583667935 1010 126 884
1583667935 1010 126 884
1583669007 1011 126 885
1583669446 1011 127 884
1583670517 1012 128 884
1583670517 1012 128 884
1583672828 1013 128 885
1583673059 1014 128 886
1583673226 1015 128 887
1583675607 1016 128 888
1583676446 1016 129 887
1583677825 1016 130 886
1583679377 1017 130 887
1583680251 1018 130 888
1583680914 1019 130 889
1583684085 1020 130 890
1583685229 1021 130 891
1583690335 1022 130 892
1583691520 1022 131 891
1583692576 1023 131 892
1583694339 1024 131 893
1583696359 1025 131 894
1583696780 1026 131 895
1583699910 1027 131 896
1583700177 1028 131 897
1583702115 1028 132 896
1583703376 1029 132 897
1583706195 1030 132 898
1583706383 1031 132 899
1583706602 1032 132 900
1583709824 1033 132 901
1583711113 1034 133 901
1583711113 1034 133 901
1583712011 1034 134 900
1583713283 1035 135 900
1583713283 1035 135 900
1583715360 1036 136 900
1583715360 1036 136 900
1583724944 1037 136 901
1583734573 1038 136 902
1583737708 1039 136 903
1583744677 1040 136 904
1583744788 1041 136 905
1583745880 1042 136 906
1583746584 1043 137 906
1583746584 1043 137 906
1583749610 1043 138 905
1583755915 1044 138 906
1583757348 1045 138 907
1583757420 1046 138 908
1583761852 1047 138 909
1583762414 1048 138 910
1583763398 1049 138 911
1583763567 1050 138 912
1583764156 1050 139 911
1583767396 1051 139 912
1583768343 1052 140 912
1583768343 1052 140 912
1583768722 1053 140 913
1583770805 1054 140 914
1583771803 1055 141 914
1583771803 1055 141 914
1583771869 1056 141 915
1583772231 1057 141 916
1583772333 1058 141 917
1583772465 1059 142 917
1583772465 1059 142 917
1583776537 1060 142 918
1583778825 1061 142 919
1583782810 1062 143 919
1583782810 1062 143 919
1583782888 1063 143 920
1583783036 1063 144 919
1583784344 1064 144 920
1583785090 1065 144 921
1583785928 1066 145 921
1583785928 1066 145 921
1583786999 1067 145 922
1583787396 1068 145 923
1583790111 1069 145 924
1583790496 1070 145 925
1583791485 1071 145 926
1583794288 1072 145 927
1583794469 1072 146 926
1583795516 1073 146 927
1583799918 1074 146 928
1583800180 1075 146 929
1583800460 1076 146 930
1583801264 1077 146 931
1583816476 1078 146 932
1583826500 1079 146 933
1583827615 1080 146 934
1583830685 1081 146 935
1583832091 1082 146 936
1583832986 1083 146 937
1583834461 1084 146 938
1583836407 1085 146 939
1583839480 1086 147 939
1583839480 1086 147 939
1583839881 1087 147 940
1583840635 1088 148 940
1583840635 1088 148 940
1583841059 1089 149 940
1583841059 1089 149 940
1583842421 1090 149 941
1583843509 1091 149 942
1583844279 1091 150 941
1583844807 1092 150 942
1583844963 1093 150 943
1583847478 1094 151 943
1583847478 1094 151 943
1583848213 1095 151 944
1583849807 1096 151 945
1583853754 1097 151 946
1583855305 1098 152 946
1583855305 1098 152 946
1583855713 1099 152 947
1583856640 1099 153 946
1583858352 1099 154 945
1583859888 1100 154 946
1583863946 1101 155 946
1583863946 1101 155 946
1583865779 1102 155 947
1583866945 1103 155 948
1583870780 1104 155 949
1583871132 1104 156 948
1583871684 1105 156 949
1583878710 1105 157 948
1583879120 1105 158 947
1583892066 1105 159 946
1583898259 1106 159 947
1583911358 1107 159 948
1583912331 1108 159 949
1583912791 1108 160 948
1583912883 1109 160 949
1583913184 1110 160 950
1583916382 1111 160 951
1583918962 1112 160 952
1583920638 1113 161 952
1583920638 1113 161 952
1583922046 1114 161 953
1583930823 1114 162 952
1583931353 1115 162 953
1583932692 1115 163 952
1583933197 1116 163 953
1583934954 1117 164 953
1583934954 1117 164 953
1583937801 1118 164 954
1583938691 1118 165 953
1583940791 1119 165 954
1583941386 1120 165 955
1583945865 1121 165 956
1583947908 1122 165 957
1583949421 1123 165 958
1583949647 1124 165 959
1583951652 1125 165 960
1583952568 1126 165 961
1583953323 1127 165 962
1583954390 1128 165 963
1583954753 1129 165 964
1583957008 1130 165 965
1583958576 1131 165 966
1583961415 1132 165 967
1583961419 1133 165 968
1583961950 1134 165 969
1583963329 1135 165 970
1583963615 1136 165 971
1583964215 1137 165 972
1583965735 1138 165 973
1583968352 1139 165 974
1583969483 1140 165 975
1583969544 1141 165 976
1583970080 1142 165 977
1583970214 1142 166 976
1583970439 1142 167 975
1583971804 1143 168 975
1583971804 1143 168 975
1583973557 1144 168 976
1583974878 1145 168 977
1583976073 1146 169 977
1583976073 1146 169 977
1583980767 1147 169 978
1583980807 1148 169 979
1583988858 1149 169 980
1583989126 1150 170 980
1583989126 1150 170 980
1583992428 1151 170 981
1583998732 1152 170 982
1584000090 1153 170 983
1584000892 1154 170 984
1584001484 1155 170 985
1584003074 1156 170 986
1584003794 1157 170 987
1584007557 1158 170 988
1584007776 1159 170 989
1584008348 1160 170 990
1584009266 1161 170 991
1584009297 1162 170 992
1584009316 1163 170 993
1584009865 1164 170 994
1584011401 1165 170 995
1584011732 1165 171 994
1584012897 1166 171 995
1584013359 1167 172 995
1584013359 1167 172 995
1584013582 1168 172 996
1584014054 1168 173 995
1584014076 1169 173 996
1584014524 1169 174 995
1584017842 1170 174 996
1584019384 1171 175 996
1584019384 1171 175 996
1584020001 1172 175 997
1584021612 1173 175 998
1584022009 1174 175 999
1584022269 1175 175 1000
1584023750 1175 176 999
1584023796 1175 177 998
1584024031 1176 177 999
1584025706 1177 177 1000
1584025998 1178 177 1001
1584029582 1179 178 1001
1584029582 1179 178 1001
1584030426 1180 178 1002
1584030778 1181 178 1003
1584033341 1182 178 1004
1584033602 1183 178 1005
1584033901 1183 179 1004
1584033976 1183 180 1003
1584034509 1183 181 1002
1584034728 1183 182 1001
1584035120 1184 182 1002
1584036545 1185 182 1003
1584039510 1186 182 1004
1584039668 1187 182 1005
1584040451 1188 182 1006
1584041336 1189 182 1007
1584042253 1190 182 1008
1584042361 1191 182 1009
1584042823 1192 182 1010
1584043275 1193 182 1011
1584043316 1194 182 1012
1584043330 1195 182 1013
1584043351 1196 182 1014
1584043367 1197 182 1015
1584043391 1198 182 1016
1584043427 1199 182 1017
1584043476 1200 183 1017
1584043476 1200 183 1017
1584043515 1201 183 1018
1584043579 1201 184 1017
1584043631 1202 184 1018
1584043646 1203 184 1019
1584043738 1204 184 1020
1584043765 1205 184 1021
1584043816 1206 184 1022
1584044318 1207 185 1022
1584044318 1207 185 1022
1584044373 1208 185 1023
1584044405 1209 185 1024
1584044722 1210 185 1025
1584044814 1211 185 1026
1584044872 1212 185 1027
1584045196 1213 185 1028
1584045197 1213 186 1027
1584045216 1214 187 1027
1584045216 1214 187 1027
1584045454 1215 187 1028
1584045733 1216 187 1029
1584047255 1217 187 1030
1584047733 1218 187 1031
1584047857 1219 187 1032
1584047957 1220 187 1033
1584048272 1221 187 1034
1584048352 1221 188 1033
1584048799 1222 189 1033
1584048799 1222 189 1033
1584048984 1223 189 1034
1584049489 1224 189 1035
1584049823 1225 189 1036
1584049956 1225 190 1035
1584050059 1226 190 1036
1584050165 1227 190 1037
1584050949 1228 190 1038
1584051150 1229 191 1038
1584051150 1229 191 1038
1584051350 1230 191 1039
1584052701 1231 191 1040
1584052927 1232 191 1041
1584053131 1233 191 1042
1584054673 1233 192 1041
1584054807 1234 192 1042
1584055601 1235 192 1043
1584055645 1236 192 1044
1584056053 1237 192 1045
1584057057 1238 192 1046
1584057757 1239 192 1047
1584058218 1239 193 1046
1584058901 1240 193 1047
1584059485 1241 193 1048
1584059849 1242 193 1049
1584060080 1243 193 1050
1584071834 1244 193 1051
1584075439 1245 193 1052
1584078894 1245 194 1051
1584079510 1246 194 1052
1584079568 1247 194 1053
1584080401 1248 194 1054
1584080793 1248 195 1053
1584081554 1249 196 1053
1584081554 1249 196 1053
1584082531 1250 196 1054
1584083341 1251 196 1055
1584084281 1251 197 1054
1584085765 1251 198 1053
1584086879 1251 199 1052
1584087096 1252 200 1052
1584087096 1252 200 1052
1584088091 1253 200 1053
1584088150 1254 200 1054
1584089990 1254 201 1053
1584090231 1255 201 1054
1584091257 1256 201 1055
1584091837 1256 202 1054
1584092550 1257 202 1055
1584093655 1258 202 1056
1584094450 1259 202 1057
1584094972 1259 203 1056
1584095317 1260 203 1057
1584096938 1261 203 1058
1584098998 1262 204 1058
1584098998 1262 204 1058
1584100275 1263 204 1059
1584101571 1263 205 1058
1584101767 1264 205 1059
1584102150 1265 205 1060
1584102189 1265 206 1059
1584102244 1265 207 1058
1584102553 1266 207 1059
1584103709 1266 208 1058
1584103898 1266 209 1057
1584104796 1267 209 1058
1584105279 1268 209 1059
1584106094 1269 209 1060
1584106438 1270 209 1061
1584106816 1271 209 1062
1584107665 1272 209 1063
1584109342 1272 210 1062
1584109653 1273 210 1063
1584110896 1274 210 1064
1584111891 1275 210 1065
1584113521 1275 211 1064
1584114441 1276 212 1064
1584114441 1276 212 1064
1584114458 1277 212 1065
1584114743 1277 213 1064
1584114937 1278 213 1065
1584117027 1278 214 1064
1584118451 1279 214 1065
1584119351 1280 214 1066
1584120803 1281 214 1067
1584122433 1282 214 1068
1584122583 1283 214 1069
1584124407 1283 215 1068
1584125525 1284 215 1069
1584125721 1285 215 1070
1584125944 1286 215 1071
1584126229 1287 215 1072
1584127174 1288 215 1073
1584127716 1289 215 1074
1584128617 1290 215 1075
1584129430 1291 215 1076
1584130040 1291 216 1075
1584131970 1292 216 1076
1584132939 1293 216 1077
1584133610 1294 216 1078
1584135937 1295 216 1079
1584136241 1296 216 1080
1584136491 1297 216 1081
1584136753 1298 216 1082
1584137422 1299 216 1083
1584137585 1300 217 1083
1584137585 1300 217 1083
1584137812 1301 217 1084
1584137986 1302 217 1085
1584138104 1303 218 1085
1584138104 1303 218 1085
1584139076 1303 219 1084
1584139102 1304 219 1085
1584139428 1304 220 1084
1584140004 1305 220 1085
1584141095 1306 221 1085
1584141095 1306 221 1085
1584142729 1306 222 1084
1584145853 1307 222 1085
1584147330 1308 222 1086
1584149891 1309 222 1087
1584162471 1309 223 1086
1584166434 1310 223 1087
1584176087 1311 223 1088
1584177771 1312 223 1089
1584179949 1313 223 1090
1584181088 1314 223 1091
1584181360 1315 223 1092
1584181985 1316 223 1093
1584183437 1317 223 1094
1584184029 1318 223 1095
1584184613 1319 223 1096
1584186496 1320 223 1097
1584186875 1321 223 1098
1584187272 1322 223 1099
1584189358 1323 224 1099
1584189358 1323 224 1099
1584189688 1324 224 1100
1584190967 1325 224 1101
1584192597 1325 225 1100
1584192993 1326 225 1101
1584193804 1327 226 1101
1584193804 1327 226 1101
1584194806 1328 227 1101
1584194806 1328 227 1101
1584196516 1329 227 1102
1584196519 1330 227 1103
1584196982 1331 227 1104
1584197030 1332 227 1105
1584198538 1333 227 1106
1584199975 1333 228 1105
1584201100 1334 228 1106
1584201823 1335 228 1107
1584202022 1335 229 1106
1584202937 1336 229 1107
1584203493 1337 229 1108
1584206679 1337 230 1107
1584207487 1338 230 1108
1584209232 1339 230 1109
1584209496 1340 231 1109
1584209496 1340 231 1109
1584209943 1341 231 1110
1584212096 1342 231 1111
1584213881 1343 231 1112
1584214174 1344 231 1113
1584214618 1345 232 1113
1584214618 1345 232 1113
1584215183 1345 233 1112
1584215222 1346 233 1113
1584215272 1347 233 1114
1584215574 1348 233 1115
1584215953 1349 233 1116
1584216016 1350 233 1117
1584216111 1351 233 1118
1584217017 1352 234 1118
1584217017 1352 234 1118
1584217074 1353 234 1119
1584217468 1354 234 1120
1584217510 1355 234 1121
1584217584 1356 234 1122
1584217661 1357 234 1123
1584217728 1358 234 1124
1584217938 1359 234 1125
1584218130 1360 234 1126
1584218398 1361 234 1127
1584218437 1362 234 1128
1584218595 1362 235 1127
1584218609 1363 235 1128
1584218747 1364 235 1129
1584218752 1365 235 1130
1584218757 1366 235 1131
1584218921 1367 235 1132
1584218926 1368 235 1133
1584218983 1368 236 1132
1584219041 1368 237 1131
1584219054 1369 237 1132
1584219306 1370 238 1132
1584219306 1370 238 1132
1584219668 1370 239 1131
1584219923 1371 239 1132
1584220291 1372 240 1132
1584220291 1372 240 1132
1584220401 1373 240 1133
1584220750 1374 240 1134
1584220857 1375 241 1134
1584220857 1375 241 1134
1584220896 1376 241 1135
1584221024 1376 242 1134
1584221080 1377 242 1135
1584221491 1378 242 1136
1584221565 1379 242 1137
1584221656 1380 243 1137
1584221656 1380 243 1137
1584221664 1381 243 1138
1584221734 1382 243 1139
1584222221 1383 243 1140
1584222342 1384 243 1141
1584222407 1385 243 1142
1584223121 1386 243 1143
1584223446 1387 243 1144
1584223522 1388 243 1145
1584223806 1389 243 1146
1584224552 1390 243 1147
1584224728 1391 243 1148
1584225157 1392 243 1149
1584225463 1393 243 1150
1584225803 1393 244 1149
1584225948 1394 244 1150
1584226030 1395 244 1151
1584226387 1396 244 1152
1584226730 1397 244 1153
1584227310 1398 244 1154
1584228224 1399 244 1155
1584228448 1400 244 1156
1584228655 1401 244 1157
1584228709 1402 245 1157
1584228709 1402 245 1157
1584228762 1403 246 1157
1584228762 1403 246 1157
1584229107 1403 247 1156
1584230402 1403 248 1155
1584230471 1404 248 1156
1584230508 1405 248 1157
1584230633 1406 248 1158
1584231105 1407 248 1159
1584231127 1408 248 1160
1584231787 1408 249 1159
1584231836 1409 249 1160
1584232760 1410 249 1161
1584233485 1411 249 1162
1584233602 1412 249 1163
1584234405 1413 249 1164
1584234754 1413 250 1163
1584235319 1414 250 1164
1584235329 1415 250 1165
1584235456 1416 250 1166
1584235846 1417 250 1167
1584236160 1418 250 1168
1584237774 1419 250 1169
1584243269 1419 251 1168
1584252017 1420 251 1169
1584254250 1421 252 1169
1584254250 1421 252 1169
1584256800 1422 252 1170
1584258453 1423 252 1171
1584259587 1424 252 1172
1584259794 1425 252 1173
1584259941 1426 252 1174
1584261510 1427 253 1174
1584261510 1427 253 1174
1584261600 1428 253 1175
1584261735 1429 253 1176
1584263044 1430 253 1177
1584263125 1431 253 1178
1584263314 1432 253 1179
1584263727 1433 253 1180
1584264458 1433 254 1179
1584265334 1434 254 1180
1584266719 1435 254 1181
1584267366 1436 254 1182
1584267732 1436 255 1181
1584268067 1437 255 1182
1584268285 1438 255 1183
1584268451 1439 255 1184
1584268453 1440 255 1185
1584269354 1441 255 1186
1584269669 1441 256 1185
1584271431 1442 256 1186
1584271621 1443 256 1187
1584271870 1444 256 1188
1584271991 1445 256 1189
1584272080 1446 256 1190
1584272379 1447 256 1191
1584272453 1448 256 1192
1584273427 1449 256 1193
1584273705 1450 256 1194
1584273731 1451 256 1195
1584273797 1452 256 1196
1584273824 1453 256 1197
1584274228 1454 256 1198
1584275060 1455 256 1199
1584275106 1456 256 1200
1584275526 1457 256 1201
1584276423 1458 257 1201
1584276423 1458 257 1201
1584276761 1458 258 1200
1584277364 1459 258 1201
1584279118 1460 258 1202
1584280143 1461 258 1203
1584280207 1462 259 1203
1584280207 1462 259 1203
1584280658 1463 260 1203
1584280658 1463 260 1203
1584281015 1464 260 1204
1584281672 1464 261 1203
1584282464 1464 262 1202
1584282583 1465 262 1203
1584282818 1466 262 1204
1584283191 1467 262 1205
1584284060 1468 262 1206
1584284093 1469 262 1207
1584285493 1470 262 1208
1584285623 1470 263 1207
1584286075 1470 264 1206
1584286721 1471 265 1206
1584286721 1471 265 1206
1584287018 1472 265 1207
1584287107 1473 265 1208
1584287216 1473 266 1207
1584287449 1474 266 1208
1584287556 1475 266 1209
1584288969 1476 266 1210
1584289090 1476 267 1209
1584289329 1476 268 1208
1584289446 1477 268 1209
1584290342 1478 268 1210
1584291410 1479 268 1211
1584291824 1480 268 1212
1584292255 1481 268 1213
1584292483 1482 268 1214
1584292899 1483 269 1214
1584292899 1483 269 1214
1584292998 1484 270 1214
1584292998 1484 270 1214
1584293260 1485 270 1215
1584293396 1486 270 1216
1584293589 1487 271 1216
1584293589 1487 271 1216
1584293641 1488 271 1217
1584293788 1489 271 1218
1584294018 1490 271 1219
1584294123 1491 272 1219
1584294123 1491 272 1219
1584294397 1492 272 1220
1584294643 1493 272 1221
1584294775 1494 272 1222
1584295196 1495 272 1223
1584295349 1496 272 1224
1584295423 1496 273 1223
1584295439 1496 274 1222
1584295528 1497 274 1223
1584295551 1498 274 1224
1584296028 1499 274 1225
1584296132 1500 275 1225
1584296132 1500 275 1225
1584296615 1500 276 1224
1584297020 1501 276 1225
1584297051 1502 277 1225
1584297051 1502 277 1225
1584297172 1503 277 1226
1584298000 1503 278 1225
1584298008 1503 279 1224
1584298096 1504 279 1225
1584298541 1505 279 1226
1584299300 1506 280 1226
1584299300 1506 280 1226
1584299330 1507 280 1227
1584299397 1507 281 1226
1584299433 1508 281 1227
1584299743 1508 282 1226
1584300024 1509 282 1227
1584300239 1510 282 1228
1584300878 1510 283 1227
1584301560 1511 283 1228
1584301598 1512 283 1229
1584302599 1513 283 1230
1584303481 1514 283 1231
1584303737 1515 283 1232
1584304546 1517 283 1234
1584304546 1517 283 1234
1584304863 1518 283 1235
1584304882 1519 283 1236
1584305241 1520 283 1237
1584305456 1521 283 1238
1584305853 1521 284 1237
1584305965 1522 284 1238
1584306014 1523 284 1239
1584306050 1523 285 1238
1584306689 1524 285 1239
1584307247 1525 286 1239
1584307247 1525 286 1239
1584307335 1526 286 1240
1584307473 1527 287 1240
1584307473 1527 287 1240
1584308454 1528 287 1241
1584308568 1528 288 1240
1584309219 1529 288 1241
1584310057 1530 288 1242
1584310339 1531 288 1243
1584310654 1532 289 1243
1584310654 1532 289 1243
1584310953 1533 289 1244
1584311800 1534 289 1245
1584311899 1535 289 1246
1584311959 1536 289 1247
1584311980 1536 290 1246
1584312368 1537 291 1246
1584312368 1537 291 1246
1584312433 1538 291 1247
1584312637 1539 292 1247
1584312637 1539 292 1247
1584313412 1540 292 1248
1584313855 1541 292 1249
1584314495 1542 292 1250
1584314586 1543 292 1251
1584315039 1544 292 1252
1584317224 1544 293 1251
1584317532 1544 294 1250
1584318455 1544 295 1249
1584318635 1545 295 1250
1584319413 1545 296 1249
1584319621 1545 297 1248
1584320675 1546 297 1249
1584322414 1546 298 1248
1584322907 1547 298 1249
1584322974 1548 299 1249
1584322974 1548 299 1249
1584324385 1549 299 1250
1584325782 1550 299 1251
1584328180 1550 300 1250
1584328234 1551 301 1250
1584328234 1551 301 1250
1584328789 1552 301 1251
1584329646 1553 302 1251
1584329646 1553 302 1251
1584330564 1553 303 1250
1584330838 1553 304 1249
1584332204 1553 305 1248
1584335305 1554 305 1249
1584339301 1555 305 1250
1584339578 1555 306 1249
1584341464 1556 307 1249
1584341464 1556 307 1249
1584342243 1557 307 1250
1584342803 1558 307 1251
1584344641 1559 308 1251
1584344641 1559 308 1251
1584344840 1560 308 1252
1584345456 1561 308 1253
1584345854 1561 309 1252
1584346635 1562 309 1253
1584346691 1563 309 1254
1584346900 1563 310 1253
1584346978 1564 310 1254
1584347593 1565 310 1255
1584347607 1566 310 1256
1584347911 1567 310 1257
1584348544 1568 310 1258
1584348810 1569 310 1259
1584349090 1569 311 1258
1584349240 1570 311 1259
1584349615 1571 311 1260
1584350474 1571 312 1259
1584351189 1572 312 1260
1584351422 1573 312 1261
1584352274 1574 312 1262
1584352706 1575 313 1262
1584352706 1575 313 1262
1584352806 1576 313 1263
1584353819 1577 313 1264
1584354266 1578 313 1265
1584354402 1579 313 1266
1584355192 1580 313 1267
1584355466 1581 313 1268
1584355923 1582 313 1269
1584356336 1583 313 1270
1584356396 1584 313 1271
1584356462 1585 313 1272
1584356723 1586 313 1273
1584356886 1587 313 1274
1584357079 1588 313 1275
1584357467 1588 314 1274
1584357581 1588 315 1273
1584357590 1589 316 1273
1584357590 1589 316 1273
1584357965 1590 316 1274
1584358281 1591 317 1274
1584358281 1591 317 1274
1584358295 1592 318 1274
1584358295 1592 318 1274
1584358947 1593 318 1275
1584359105 1594 318 1276
1584359226 1594 319 1275
1584359423 1595 320 1275
1584359423 1595 320 1275
1584359497 1596 321 1275
1584359497 1596 321 1275
1584359592 1597 321 1276
1584359750 1598 321 1277
1584360103 1599 321 1278
1584360150 1600 321 1279
1584360428 1601 321 1280
1584361423 1602 321 1281
1584361483 1602 322 1280
1584362027 1603 322 1281
1584362632 1604 322 1282
1584362677 1605 323 1282
1584362677 1605 323 1282
1584362847 1606 323 1283
1584362882 1607 324 1283
1584362882 1607 324 1283
1584363072 1608 324 1284
1584363080 1608 325 1283
1584363197 1609 325 1284
1584363248 1609 326 1283
1584363815 1610 327 1283
1584363815 1610 327 1283
1584364160 1611 327 1284
1584364939 1612 327 1285
1584365561 1613 327 1286
1584365575 1614 327 1287
1584365990 1614 328 1286
1584366264 1614 329 1285
1584366717 1615 329 1286
1584368013 1616 329 1287
1584368017 1617 329 1288
1584368076 1618 329 1289
1584368328 1618 330 1288
1584369276 1618 331 1287
1584369361 1618 332 1286
1584369450 1618 333 1285
1584369862 1619 334 1285
1584369862 1619 334 1285
1584369942 1620 334 1286
1584370980 1621 334 1287
1584371232 1622 334 1288
1584371310 1623 335 1288
1584371310 1623 335 1288
1584371767 1623 336 1287
1584372010 1624 336 1288
1584372211 1625 336 1289
1584372549 1626 337 1289
1584372549 1626 337 1289
1584373252 1626 338 1288
1584373283 1626 339 1287
1584373576 1627 339 1288
1584373657 1627 340 1287
1584373765 1628 340 1288
1584373969 1629 340 1289
1584373996 1630 340 1290
1584374093 1630 341 1289
1584374308 1630 342 1288
1584374705 1630 343 1287
1584374822 1631 343 1288
1584375396 1632 343 1289
1584375440 1633 344 1289
1584375440 1633 344 1289
1584376089 1634 345 1289
1584376089 1634 345 1289
1584376233 1635 346 1289
1584376233 1635 346 1289
1584376235 1636 346 1290
1584376760 1637 346 1291
1584377004 1638 347 1291
1584377004 1638 347 1291
1584377840 1639 348 1291
1584377840 1639 348 1291
1584377924 1640 349 1291
1584377924 1640 349 1291
1584378048 1641 349 1292
1584378341 1642 349 1293
1584378406 1643 349 1294
1584379259 1644 349 1295
1584379345 1644 350 1294
1584379717 1645 351 1294
1584379717 1645 351 1294
1584379972 1646 351 1295
1584379994 1647 351 1296
1584380038 1648 352 1296
1584380038 1648 352 1296
1584380851 1648 353 1295
1584382435 1649 353 1296
1584382656 1650 353 1297
1584382672 1651 353 1298
1584382801 1651 354 1297
1584383414 1652 354 1298
1584383468 1652 355 1297
1584383805 1652 356 1296
1584383981 1653 356 1297
1584384311 1654 356 1298
1584384715 1655 356 1299
1584384880 1656 356 1300
1584385060 1657 356 1301
1584385111 1658 356 1302
1584385292 1659 357 1302
1584385292 1659 357 1302
1584385630 1660 357 1303
1584385633 1661 357 1304
1584386217 1662 358 1304
1584386217 1662 358 1304
1584386768 1663 358 1305
1584386977 1664 358 1306
1584387142 1664 359 1305
1584387555 1665 359 1306
1584388081 1666 360 1306
1584388081 1666 360 1306
1584388104 1667 360 1307
1584388317 1668 360 1308
1584388646 1668 361 1307
1584388656 1669 361 1308
1584388677 1670 361 1309
1584389032 1670 362 1308
1584389086 1671 362 1309
1584389105 1671 363 1308
1584389134 1672 363 1309
1584389164 1673 363 1310
1584389209 1673 364 1309
1584389290 1674 364 1310
1584389457 1675 364 1311
1584389629 1676 364 1312
1584389802 1677 365 1312
1584389802 1677 365 1312
1584389937 1678 365 1313
1584391129 1679 365 1314
1584391646 1680 365 1315
1584391838 1681 365 1316
1584392509 1682 366 1316
1584392509 1682 366 1316
1584392522 1682 367 1315
1584392570 1683 367 1316
1584392665 1684 368 1316
1584392665 1684 368 1316
1584393432 1685 368 1317
1584393686 1686 368 1318
1584394071 1687 368 1319
1584394099 1687 369 1318
1584394251 1688 370 1318
1584394251 1688 370 1318
1584394351 1689 370 1319
1584394426 1689 371 1318
1584395340 1690 371 1319
1584395914 1691 371 1320
1584396782 1692 371 1321
1584396903 1693 371 1322
1584397049 1694 372 1322
1584397049 1694 372 1322
1584397062 1694 373 1321
1584397135 1695 373 1322
1584397184 1695 374 1321
1584397235 1696 374 1322
1584397371 1697 374 1323
1584397656 1697 375 1322
1584397807 1697 376 1321
1584398021 1698 376 1322
1584398423 1699 376 1323
1584398612 1700 376 1324
1584398618 1701 377 1324
1584398618 1701 377 1324
1584398698 1701 378 1323
1584398809 1702 378 1324
1584399170 1703 378 1325
1584399325 1704 378 1326
1584400031 1705 378 1327
1584400404 1706 378 1328
1584400427 1707 378 1329
1584400460 1708 378 1330
1584400543 1708 379 1329
1584400720 1708 380 1328
1584400951 1709 380 1329
1584401321 1710 380 1330
1584401579 1710 381 1329
1584401803 1710 382 1328
1584402511 1711 382 1329
1584402626 1712 382 1330
1584402814 1713 382 1331
1584403377 1714 383 1331
1584403377 1714 383 1331
1584403668 1715 383 1332
1584404183 1716 383 1333
1584404481 1716 384 1332
1584404738 1717 385 1332
1584404738 1717 385 1332
1584404799 1718 385 1333
1584411037 1719 386 1333
1584411037 1719 386 1333
1584411260 1720 387 1333
1584411260 1720 387 1333
1584416845 1720 388 1332
1584420174 1720 389 1331
1584425548 1721 389 1332
1584425562 1722 389 1333
1584426658 1722 390 1332
1584428360 1723 390 1333
1584430319 1724 390 1334
1584430471 1725 390 1335
1584431436 1726 390 1336
1584431825 1726 391 1335
1584431867 1727 391 1336
1584432493 1727 392 1335
1584433247 1728 392 1336
1584433268 1728 393 1335
1584433311 1729 394 1335
1584433311 1729 394 1335
1584433729 1729 395 1334
1584434399 1729 396 1333
1584434985 1730 396 1334
1584435525 1731 396 1335
1584435979 1731 397 1334
1584436657 1732 397 1335
1584436945 1733 398 1335
1584436945 1733 398 1335
1584436949 1733 399 1334
1584436958 1734 399 1335
1584438638 1735 399 1336
1584439057 1736 399 1337
1584441130 1737 399 1338
1584441871 1738 399 1339
1584442072 1739 399 1340
1584443285 1740 399 1341
1584443791 1740 400 1340
1584443821 1740 401 1339
1584443833 1741 402 1339
1584443833 1741 402 1339
1584443922 1742 403 1339
1584443922 1742 403 1339
1584444322 1743 403 1340
1584444634 1744 403 1341
1584444767 1744 404 1340
1584444816 1744 405 1339
1584445251 1745 406 1339
1584445251 1745 406 1339
1584445633 1746 406 1340
1584445914 1746 407 1339
1584446266 1747 407 1340
1584446346 1748 407 1341
1584446451 1748 408 1340
1584447219 1748 409 1339
1584447511 1749 409 1340
1584447611 1750 409 1341
1584447649 1751 409 1342
1584447698 1752 410 1342
1584447698 1752 410 1342
1584448352 1753 410 1343
1584448433 1754 410 1344
1584448666 1755 410 1345
1584449225 1756 410 1346
1584449275 1756 411 1345
1584450078 1757 412 1345
1584450078 1757 412 1345
1584450208 1757 413 1344
1584451094 1758 413 1345
1584451843 1759 413 1346
1584452806 1759 414 1345
1584453048 1760 414 1346
1584453779 1760 415 1345
1584453828 1761 416 1345
1584453828 1761 416 1345
1584454587 1762 416 1346
1584456251 1763 416 1347
1584456762 1764 416 1348
1584456864 1765 416 1349
1584457880 1766 416 1350
1584458032 1766 417 1349
1584459051 1767 417 1350
1584459095 1768 418 1350
1584459095 1768 418 1350
1584459371 1769 418 1351
1584459663 1770 418 1352
1584459691 1770 419 1351
1584460317 1771 419 1352
1584460331 1772 419 1353
1584461011 1772 420 1352
1584461187 1773 420 1353
1584461236 1773 421 1352
1584461332 1773 422 1351
1584462802 1774 422 1352
1584462843 1775 422 1353
1584463038 1776 422 1354
1584463181 1776 423 1353
1584463321 1777 423 1354
1584463364 1778 424 1354
1584463364 1778 424 1354
1584463572 1778 425 1353
1584463592 1779 425 1354
1584464125 1779 426 1353
1584464619 1780 426 1354
1584465037 1781 426 1355
1584465561 1782 426 1356
1584465596 1782 427 1355
1584465994 1783 428 1355
1584465994 1783 428 1355
1584465996 1783 429 1354
1584466028 1784 429 1355
1584466305 1785 429 1356
1584466329 1785 430 1355
1584466376 1786 430 1356
1584466443 1787 430 1357
1584468734 1787 431 1356
1584470849 1788 432 1356
1584470849 1788 432 1356
1584472900 1789 432 1357
1584473109 1789 433 1356
1584473887 1790 433 1357
1584474056 1791 433 1358
1584474065 1792 433 1359
1584474341 1793 433 1360
1584474732 1793 434 1359
1584476057 1793 435 1358
1584476629 1793 436 1357
1584477179 1794 436 1358
1584477502 1794 437 1357
1584478380 1795 438 1357
1584478380 1795 438 1357
1584479106 1795 439 1356
1584482613 1796 439 1357
1584482734 1797 440 1357
1584482734 1797 440 1357
1584483126 1797 441 1356
1584483980 1798 441 1357
1584485518 1799 441 1358
1584485997 1800 441 1359
1584487023 1800 442 1358
1584487432 1800 443 1357
1584489211 1800 444 1356
1584489264 1801 444 1357
1584489904 1802 444 1358
1584490264 1803 445 1358
1584490264 1803 445 1358
1584490642 1804 445 1359
1584491082 1805 445 1360
1584491238 1806 445 1361
1584491596 1807 445 1362
1584492576 1807 446 1361
1584496693 1807 447 1360
1584516458 1808 447 1361
1584518900 1809 447 1362
1584519736 1810 447 1363
1584521381 1811 447 1364
1584521700 1811 448 1363
1584522966 1812 448 1364
1584523173 1813 449 1364
1584523173 1813 449 1364
1584523948 1814 450 1364
1584523948 1814 450 1364
1584524651 1815 451 1364
1584524651 1815 451 1364
1584525126 1816 451 1365
1584525695 1817 452 1365
1584525695 1817 452 1365
1584526297 1818 453 1365
1584526297 1818 453 1365
1584527151 1819 453 1366
1584527990 1819 454 1365
1584528474 1820 454 1366
1584529149 1820 455 1365
1584530077 1821 456 1365
1584530077 1821 456 1365
1584530421 1822 457 1365
1584530421 1822 457 1365
1584531754 1823 457 1366
1584531983 1824 457 1367
1584532210 1824 458 1366
1584532310 1825 459 1366
1584532310 1825 459 1366
1584532336 1826 459 1367
1584533249 1826 460 1366
1584534747 1826 461 1365
1584534894 1827 461 1366
1584535086 1828 461 1367
1584535092 1829 461 1368
1584535418 1830 461 1369
1584537220 1830 462 1368
1584538648 1831 462 1369
1584539807 1831 463 1368
1584539820 1832 463 1369
1584540049 1833 464 1369
1584540049 1833 464 1369
1584540354 1833 465 1368
1584540882 1834 465 1369
1584541085 1835 465 1370
1584542514 1835 466 1369
1584543159 1836 466 1370
1584543688 1837 467 1370
1584543688 1837 467 1370
1584543941 1838 467 1371
1584544153 1839 467 1372
1584544402 1840 467 1373
1584544908 1841 467 1374
1584546423 1841 468 1373
1584547426 1842 468 1374
1584547859 1842 469 1373
1584548330 1843 470 1373
1584548330 1843 470 1373
1584548445 1844 470 1374
1584548994 1845 470 1375
1584552256 1846 470 1376
1584553192 1847 470 1377
1584553247 1847 471 1376
1584553760 1847 472 1375
1584554057 1848 473 1375
1584554057 1848 473 1375
1584554826 1849 473 1376
1584555053 1850 473 1377
1584555817 1851 473 1378
1584556073 1851 474 1377
1584557544 1852 474 1378
1584558535 1852 475 1377
1584558627 1853 475 1378
1584558724 1854 475 1379
1584559186 1855 475 1380
1584559456 1856 475 1381
1584559526 1857 475 1382
1584559590 1857 476 1381
1584560445 1857 477 1380
1584560624 1858 477 1381
1584560989 1858 478 1380
1584561196 1859 478 1381
1584562095 1859 479 1380
1584562554 1860 479 1381
1584562987 1861 479 1382
1584563172 1862 479 1383
1584563644 1863 479 1384
1584563691 1864 479 1385
1584565028 1865 480 1385
1584565028 1865 480 1385
1584565405 1866 481 1385
1584565405 1866 481 1385
1584565862 1866 482 1384
1584566262 1866 483 1383
1584566371 1867 483 1384
1584566725 1867 484 1383
1584567177 1868 484 1384
1584568495 1869 485 1384
1584568495 1869 485 1384
1584569250 1869 486 1383
1584570380 1870 486 1384
1584571226 1871 487 1384
1584571226 1871 487 1384
1584573830 1871 488 1383
1584578348 1872 488 1384
1584578845 1873 488 1385
1584579271 1874 488 1386
1584583793 1874 489 1385
1584603667 1875 489 1386
1584604036 1876 490 1386
1584604036 1876 490 1386
1584604469 1877 490 1387
1584604821 1877 491 1386
1584605428 1877 492 1385
1584606299 1877 493 1384
1584607740 1878 493 1385
1584609691 1878 494 1384
1584610345 1878 495 1383
1584612873 1879 495 1384
1584613092 1879 496 1383
1584613820 1879 497 1382
1584614702 1880 497 1383
1584615646 1880 498 1382
1584615758 1880 499 1381
1584616339 1881 500 1381
1584616339 1881 500 1381
1584618923 1882 501 1381
1584618923 1882 501 1381
1584619030 1883 502 1381
1584619030 1883 502 1381
1584620647 1883 503 1380
1584620707 1884 503 1381
1584620996 1885 503 1382
1584622863 1886 504 1382
1584622863 1886 504 1382
1584625355 1887 504 1383
1584630607 1888 504 1384
1584631991 1889 504 1385
1584632885 1890 504 1386
1584633341 1891 504 1387
1584633994 1892 504 1388
1584636600 1893 504 1389
1584636604 1893 505 1388
1584636858 1894 505 1389
1584637159 1895 505 1390
1584638406 1895 506 1389
1584639441 1896 506 1390
1584640741 1897 506 1391
1584641040 1898 507 1391
1584641040 1898 507 1391
1584641978 1898 508 1390
1584642278 1898 509 1389
1584642848 1898 510 1388
1584644573 1899 510 1389
1584645527 1900 511 1389
1584645527 1900 511 1389
1584646067 1900 512 1388
1584649964 1901 513 1388
1584649964 1901 513 1388
1584650168 1901 514 1387
1584650912 1901 515 1386
1584653809 1902 515 1387
1584654639 1902 516 1386
1584656110 1903 516 1387
1584656499 1904 516 1388
1584657191 1904 517 1387
1584658546 1905 517 1388
1584658935 1905 518 1387
1584660096 1906 518 1388
1584661887 1906 519 1387
1584661944 1906 520 1386
1584665050 1906 521 1385
1584670147 1907 521 1386
1584670993 1907 522 1385
1584677227 1908 522 1386
1584687656 1909 522 1387
1584690136 1910 522 1388
1584690367 1910 523 1387
1584691218 1910 524 1386
1584692267 1911 524 1387
1584693606 1911 525 1386
1584693849 1912 525 1387
1584694018 1913 526 1387
1584694018 1913 526 1387
1584694425 1914 526 1388
1584695155 1914 527 1387
1584696732 1914 528 1386
1584696987 1915 528 1387
1584698314 1916 528 1388
1584698530 1916 529 1387
1584698606 1916 530 1386
1584698690 1917 530 1387
1584699077 1918 530 1388
1584699384 1918 531 1387
1584700442 1919 531 1388
1584702105 1920 531 1389
1584702278 1921 531 1390
1584703510 1922 531 1391
1584703810 1923 531 1392
1584704184 1924 531 1393
1584704650 1925 531 1394
1584705182 1925 532 1393
1584705429 1926 532 1394
1584705448 1926 533 1393
1584706213 1926 534 1392
1584706296 1927 534 1393
1584707866 1928 534 1394
1584708698 1928 535 1393
1584709340 1928 536 1392
1584710044 1928 537 1391
1584710739 1929 537 1392
1584711252 1929 538 1391
1584711611 1929 539 1390
1584712099 1930 539 1391
1584713154 1930 540 1390
1584713291 1930 541 1389
1584713561 1930 542 1388
1584714814 1930 543 1387
1584716695 1930 544 1386
1584716945 1931 544 1387
1584717877 1931 545 1386
1584718199 1932 545 1387
1584720083 1933 545 1388
1584720838 1934 546 1388
1584720838 1934 546 1388
1584720972 1934 547 1387
1584721897 1935 547 1388
1584722315 1936 547 1389
1584722978 1937 547 1390
1584723403 1938 547 1391
1584723771 1939 547 1392
1584723799 1940 547 1393
1584724486 1941 548 1393
1584724486 1941 548 1393
1584725420 1942 548 1394
1584726865 1942 549 1393
1584727860 1943 550 1393
1584727860 1943 550 1393
1584727960 1944 550 1394
1584729025 1944 551 1393
1584732857 1945 551 1394
1584734243 1946 551 1395
1584734344 1947 551 1396
1584734704 1948 551 1397
1584734770 1948 552 1396
1584734819 1948 553 1395
1584734940 1948 554 1394
1584735038 1948 555 1393
1584735101 1949 555 1394
1584735387 1949 556 1393
1584735527 1949 557 1392
1584736301 1950 557 1393
1584736463 1950 558 1392
1584736744 1951 558 1393
1584737966 1952 558 1394
1584737972 1953 558 1395
1584738023 1954 559 1395
1584738023 1954 559 1395
1584740330 1955 560 1395
1584740330 1955 560 1395
1584740400 1956 561 1395
1584740400 1956 561 1395
1584740682 1957 562 1395
1584740682 1957 562 1395
1584740791 1957 563 1394
1584743929 1958 563 1395
1584744992 1958 564 1394
1584745107 1959 564 1395
1584746236 1960 564 1396
1584747353 1961 564 1397
1584749313 1962 565 1397
1584749313 1962 565 1397
1584749771 1963 565 1398
1584755096 1964 566 1398
1584755096 1964 566 1398
1584756654 1965 566 1399
1584756675 1966 566 1400
1584757668 1967 566 1401
1584757735 1967 567 1400
1584771988 1968 567 1401
1584776215 1969 567 1402
1584776360 1970 567 1403
1584778377 1970 568 1402
1584779305 1970 569 1401
1584780776 1970 570 1400
1584784473 1970 571 1399
1584785020 1971 572 1399
1584785020 1971 572 1399
1584785025 1971 573 1398
1584786422 1971 574 1397
1584786444 1972 574 1398
1584786599 1972 575 1397
1584787953 1972 576 1396
1584789478 1972 577 1395
1584790755 1973 577 1396
1584792115 1973 578 1395
1584792184 1973 579 1394
1584793983 1974 579 1395
1584794520 1975 580 1395
1584794520 1975 580 1395
1584796003 1976 580 1396
1584800258 1977 580 1397
1584800351 1978 580 1398
1584800485 1979 581 1398
1584800485 1979 581 1398
1584805214 1979 582 1397
1584808196 1979 583 1396
1584808466 1980 583 1397
1584810580 1981 583 1398
1584811394 1981 584 1397
1584815183 1981 585 1396
1584816006 1982 586 1396
1584816006 1982 586 1396
1584816530 1983 586 1397
1584816715 1984 587 1397
1584816715 1984 587 1397
1584817520 1984 588 1396
1584818027 1984 589 1395
1584820419 1985 589 1396
1584820638 1986 589 1397
1584820740 1986 590 1396
1584822433 1986 591 1395
1584822807 1987 592 1395
1584822807 1987 592 1395
1584823233 1988 592 1396
1584826291 1989 592 1397
1584826700 1990 592 1398
1584827001 1991 592 1399
1584829731 1992 592 1400
1584829988 1993 592 1401
1584831484 1994 592 1402
1584833133 1995 592 1403
1584833292 1996 592 1404
1584833711 1997 593 1404
1584833711 1997 593 1404
1584835103 1997 594 1403
1584835338 1998 595 1403
1584835338 1998 595 1403
1584835468 1998 596 1402
1584836185 1999 596 1403
1584842394 2000 596 1404
1584844297 2001 596 1405
1584848947 2002 596 1406
1584859364 2003 597 1406
1584859364 2003 597 1406
1584864825 2004 598 1406
1584864825 2004 598 1406
1584864858 2005 598 1407
1584865589 2005 599 1406
1584867378 2006 599 1407
1584868200 2006 600 1406
1584869616 2007 601 1406
1584869616 2007 601 1406
1584870156 2008 601 1407
1584870244 2008 602 1406
1584870476 2009 602 1407
1584874411 2010 602 1408
1584874784 2010 603 1407
1584876458 2011 604 1407
1584876458 2011 604 1407
1584877514 2011 605 1406
1584878907 2012 606 1406
1584878907 2012 606 1406
1584880815 2012 607 1405
1584882275 2013 607 1406
1584883291 2014 607 1407
1584884366 2014 608 1406
1584884493 2014 609 1405
1584885004 2015 609 1406
1584885828 2016 610 1406
1584885828 2016 610 1406
1584887480 2017 610 1407
1584888013 2017 611 1406
1584888905 2017 612 1405
1584891027 2017 613 1404
1584892537 2018 613 1405
1584892582 2019 613 1406
1584894447 2020 613 1407
1584898106 2021 613 1408
1584898289 2021 614 1407
1584898669 2021 615 1406
1584899540 2021 616 1405
1584901804 2022 616 1406
1584902064 2023 616 1407
1584903468 2023 617 1406
1584905633 2023 618 1405
1584906240 2023 619 1404
1584906437 2024 620 1404
1584906437 2024 620 1404
1584906853 2024 621 1403
1584906917 2024 622 1402
1584907135 2024 623 1401
1584907450 2025 623 1402
1584907891 2026 623 1403
1584908876 2026 624 1402
1584910477 2026 625 1401
1584911090 2027 626 1401
1584911090 2027 626 1401
1584911108 2028 627 1401
1584911108 2028 627 1401
1584912895 2029 627 1402
1584914113 2029 628 1401
1584914530 2030 628 1402
1584914640 2030 629 1401
1584915515 2030 630 1400
1584916381 2031 631 1400
1584916381 2031 631 1400
1584916532 2031 632 1399
1584916972 2032 633 1399
1584916972 2032 633 1399
1584918155 2033 633 1400
1584918683 2033 634 1399
1584919668 2034 634 1400
1584920397 2035 634 1401
1584920398 2035 635 1400
1584922415 2036 636 1400
1584922415 2036 636 1400
1584922910 2037 636 1401
1584927024 2038 636 1402
1584942277 2039 637 1402
1584942277 2039 637 1402
1584947107 2039 638 1401
1584947455 2040 638 1402
1584947476 2041 638 1403
1584948498 2041 639 1402
1584953973 2041 640 1401
1584957763 2041 641 1400
1584960114 2041 642 1399
1584960833 2041 643 1398
1584961749 2041 644 1397
1584962128 2041 645 1396
1584962174 2042 645 1397
1584963129 2042 646 1396
1584963313 2043 646 1397
1584965033 2044 646 1398
1584965227 2045 647 1398
1584965227 2045 647 1398
1584965571 2045 648 1397
1584966479 2045 649 1396
1584969000 2046 649 1397
1584969036 2047 649 1398
1584969113 2047 650 1397
1584970519 2047 651 1396
1584971706 2048 652 1396
1584971706 2048 652 1396
1584972873 2049 652 1397
1584972980 2049 653 1396
1584974040 2050 653 1397
1584974126 2051 653 1398
1584976460 2052 653 1399
1584976533 2053 653 1400
1584976807 2054 653 1401
1584976976 2054 654 1400
1584977452 2055 655 1400
1584977452 2055 655 1400
1584978015 2056 655 1401
1584979589 2057 655 1402
1584980297 2058 655 1403
1584980375 2059 655 1404
1584980772 2060 655 1405
1584981484 2061 655 1406
1584982934 2062 656 1406
1584982934 2062 656 1406
1584984735 2063 656 1407
1584985383 2064 656 1408
1584986405 2064 657 1407
1584987113 2065 657 1408
1584987935 2066 658 1408
1584987935 2066 658 1408
1584988229 2066 659 1407
1584989238 2066 660 1406
1584989351 2066 661 1405
1584989540 2066 662 1404
1584990336 2066 663 1403
1584990539 2067 663 1404
1584993094 2067 664 1403
1584994701 2068 664 1404
1584995707 2069 664 1405
1584996260 2069 665 1404
1584996477 2069 666 1403
1584997043 2070 667 1403
1584997043 2070 667 1403
1584998048 2070 668 1402
1584998217 2070 669 1401
1584998339 2070 670 1400
1584998580 2070 671 1399
1584999386 2071 671 1400
1585000430 2071 672 1399
1585000496 2072 672 1400
1585000939 2073 672 1401
1585001789 2073 673 1400
1585002202 2074 674 1400
1585002202 2074 674 1400
1585003050 2075 674 1401
1585003638 2075 675 1400
1585004847 2075 676 1399
1585005353 2075 677 1398
1585030438 2076 678 1398
1585030438 2076 678 1398
1585033813 2076 679 1397
1585035780 2076 680 1396
1585038916 2077 680 1397
1585040279 2077 681 1396
1585042190 2078 681 1397
1585043303 2079 682 1397
1585043303 2079 682 1397
1585044645 2079 683 1396
1585044668 2080 683 1397
1585044738 2081 683 1398
1585049094 2081 684 1397
1585049243 2082 685 1397
1585049243 2082 685 1397
1585050769 2082 686 1396
1585053031 2082 687 1395
1585054812 2082 688 1394
1585056718 2082 689 1393
1585062493 2083 689 1394
1585065861 2084 689 1395
1585067017 2084 690 1394
1585067097 2084 691 1393
1585068677 2084 692 1392
1585068956 2084 693 1391
1585069332 2085 694 1391
1585069332 2085 694 1391
1585070050 2086 694 1392
1585070548 2086 695 1391
1585070586 2086 696 1390
1585073473 2087 696 1391
1585076131 2088 696 1392
1585076134 2088 697 1391
1585079220 2088 698 1390
1585082255 2088 699 1389
1585082818 2089 700 1389
1585082818 2089 700 1389
1585083088 2089 701 1388
1585083111 2089 702 1387
1585083477 2089 703 1386
1585084631 2089 704 1385
1585085997 2089 705 1384
1585087134 2089 706 1383
1585087377 2090 707 1383
1585087377 2090 707 1383
1585088569 2090 708 1382
1585090291 2090 709 1381
1585090942 2090 710 1380
1585092957 2090 711 1379
1585094858 2090 712 1378
1585095819 2090 713 1377
1585119539 2091 714 1377
1585119539 2091 714 1377
1585123565 2092 714 1378
1585123787 2093 714 1379
1585126202 2094 715 1379
1585126202 2094 715 1379
1585126539 2095 715 1380
1585129841 2095 716 1379
1585130191 2095 717 1378
1585132908 2096 717 1379
1585133977 2096 718 1378
1585138526 2096 719 1377
1585139712 2097 719 1378
1585139717 2097 720 1377
1585139829 2097 721 1376
1585140391 2097 722 1375
1585143138 2097 723 1374
1585145674 2097 724 1373
1585146673 2097 725 1372
1585149807 2097 726 1371
1585150674 2098 727 1371
1585150674 2098 727 1371
1585151330 2099 727 1372
1585151611 2099 728 1371
1585151754 2100 728 1372
1585152358 2100 729 1371
1585152505 2100 730 1370
1585152614 2100 731 1369
1585154554 2100 732 1368
1585155135 2100 733 1367
1585156434 2101 734 1367
1585156434 2101 734 1367
1585156497 2102 734 1368
1585156664 2103 734 1369
1585157078 2103 735 1368
1585157991 2104 735 1369
1585158049 2104 736 1368
1585158739 2104 737 1367
1585159248 2105 738 1367
1585159248 2105 738 1367
1585159908 2105 739 1366
1585160325 2106 739 1367
1585161290 2106 740 1366
1585163221 2107 741 1366
1585163221 2107 741 1366
1585164365 2108 741 1367
1585164733 2108 742 1366
1585165858 2108 743 1365
1585167174 2108 744 1364
1585167235 2108 745 1363
1585167564 2108 746 1362
1585167828 2108 747 1361
1585167925 2108 748 1360
1585168749 2109 748 1361
1585169359 2109 749 1360
1585169363 2110 749 1361
1585169819 2111 750 1361
1585169819 2111 750 1361
1585170243 2111 751 1360
1585172228 2111 752 1359
1585178033 2112 752 1360
1585180771 2113 752 1361
1585184143 2114 753 1361
1585184143 2114 753 1361
1585184679 2114 754 1360
1585191549 2115 754 1361
1585209090 2115 755 1360
1585217045 2115 756 1359
1585217953 2116 756 1360
1585218593 2117 756 1361
1585219201 2117 757 1360
1585219537 2118 758 1360
1585219537 2118 758 1360
1585219998 2118 759 1359
1585220091 2118 760 1358
1585221759 2118 761 1357
1585223340 2118 762 1356
1585226305 2118 763 1355
1585228728 2119 763 1356
1585229842 2120 764 1356
1585229842 2120 764 1356
1585230591 2120 765 1355
1585238066 2121 765 1356
1585238753 2121 766 1355
1585239511 2121 767 1354
1585240672 2122 767 1355
1585240680 2122 768 1354
1585242874 2122 769 1353
1585243204 2122 770 1352
1585243652 2123 770 1353
1585251319 2125 771 1354
1585251319 2125 771 1354
1585251319 2125 771 1354
1585251655 2125 772 1353
1585254290 2125 773 1352
1585258467 2125 774 1351
1585261278 2125 775 1350
1585261803 2126 776 1350
1585261803 2126 776 1350
1585261920 2127 776 1351
1585262332 2128 776 1352
1585263851 2129 777 1352
1585263851 2129 777 1352
1585267605 2129 778 1351
1585268345 2130 778 1352
1585288515 2131 778 1353
1585295583 2131 779 1352
1585296902 2131 780 1351
1585301109 2132 781 1351
1585301109 2132 781 1351
1585301455 2132 782 1350
1585302994 2132 783 1349
1585304344 2132 784 1348
1585304706 2133 785 1348
1585304706 2133 785 1348
1585305658 2134 786 1348
1585305658 2134 786 1348
1585308298 2134 787 1347
1585310549 2135 787 1348
1585311433 2136 787 1349
1585311899 2137 787 1350
1585312189 2137 788 1349
1585314085 2138 789 1349
1585314085 2138 789 1349
1585316504 2139 789 1350
1585319094 2140 790 1350
1585319094 2140 790 1350
1585319159 2141 790 1351
1585322469 2142 790 1352
1585323422 2142 791 1351
1585327192 2143 791 1352
1585328026 2144 791 1353
1585328164 2144 792 1352
1585328490 2145 792 1353
1585328543 2145 793 1352
1585333771 2146 793 1353
1585337537 2146 794 1352
1585339888 2146 795 1351
1585341219 2146 796 1350
1585346148 2147 797 1350
1585346148 2147 797 1350
1585349707 2147 798 1349
1585350976 2148 798 1350
1585351588 2148 799 1349
1585353987 2148 800 1348
1585353990 2149 800 1349
1585356207 2150 800 1350
1585356337 2150 801 1349
1585356371 2151 801 1350
1585356830 2151 802 1349
1585358690 2151 803 1348
1585360524 2152 803 1349
1585361662 2153 803 1350
1585364669 2153 804 1349
1585369988 2154 804 1350
1585382707 2155 804 1351
1585386805 2156 805 1351
1585386805 2156 805 1351
1585387998 2157 805 1352
1585388193 2158 805 1353
1585389750 2159 805 1354
1585391958 2159 806 1353
1585392523 2160 806 1354
1585392583 2160 807 1353
1585392618 2161 807 1354
1585394219 2161 808 1353
1585394792 2162 808 1354
1585394884 2163 809 1354
1585394884 2163 809 1354
1585395321 2163 810 1353
1585396836 2164 811 1353
1585396836 2164 811 1353
1585396978 2164 812 1352
1585398129 2165 812 1353
1585398427 2166 812 1354
1585400478 2167 812 1355
1585404098 2168 812 1356
1585404557 2169 813 1356
1585404557 2169 813 1356
1585405973 2169 814 1355
1585408119 2169 815 1354
1585411068 2169 816 1353
1585411118 2169 817 1352
1585412626 2170 818 1352
1585412626 2170 818 1352
1585414574 2171 819 1352
1585414574 2171 819 1352
1585417603 2172 820 1352
1585417603 2172 820 1352
1585418435 2172 821 1351
1585419519 2172 822 1350
1585419974 2173 822 1351
1585420028 2173 823 1350
1585420272 2174 823 1351
1585420291 2175 824 1351
1585420291 2175 824 1351
1585420607 2175 825 1350
1585421096 2175 826 1349
1585421386 2176 826 1350
1585423320 2177 827 1350
1585423320 2177 827 1350
1585424064 2178 827 1351
1585424340 2178 828 1350
1585424778 2178 829 1349
1585425099 2178 830 1348
1585427665 2178 831 1347
1585430555 2179 831 1348
1585430645 2180 831 1349
1585435236 2180 832 1348
1585438050 2180 833 1347
1585443346 2180 834 1346
1585443960 2181 835 1346
1585443960 2181 835 1346
1585445513 2181 836 1345
1585445651 2182 837 1345
1585445651 2182 837 1345
1585455928 2182 838 1344
1585461804 2182 839 1343
1585472433 2183 839 1344
1585472694 2183 840 1343
1585476346 2184 840 1344
1585479210 2185 841 1344
1585479210 2185 841 1344
1585479263 2186 841 1345
1585479332 2187 841 1346
1585483132 2188 841 1347
1585483409 2188 842 1346
1585483412 2188 843 1345
1585484033 2188 844 1344
1585484597 2188 845 1343
1585485520 2188 846 1342
1585485704 2188 847 1341
1585487616 2189 848 1341
1585487616 2189 848 1341
1585487826 2189 849 1340
1585490235 2190 849 1341
1585490499 2190 850 1340
1585490932 2191 850 1341
1585493515 2192 850 1342
1585497763 2192 851 1341
1585497914 2192 852 1340
1585498217 2193 852 1341
1585499064 2194 852 1342
1585499511 2194 853 1341
1585500286 2195 853 1342
1585500592 2195 854 1341
1585502071 2195 855 1340
1585503024 2195 856 1339
1585504504 2195 857 1338
1585507458 2195 858 1337
1585509737 2196 858 1338
1585512765 2196 859 1337
1585514615 2197 860 1337
1585514615 2197 860 1337
1585515624 2197 861 1336
1585516106 2198 861 1337
1585519706 2199 861 1338
1585522169 2199 862 1337
1585523035 2199 863 1336
1585524810 2200 864 1336
1585524810 2200 864 1336
1585527163 2201 864 1337
1585527340 2201 865 1336
1585539429 2201 866 1335
1585551151 2201 867 1334
1585555288 2202 867 1335
1585556713 2203 867 1336
1585556714 2203 868 1335
1585559913 2204 868 1336
1585560165 2204 869 1335
1585562510 2204 870 1334
1585564397 2204 871 1333
1585565813 2205 871 1334
1585570161 2206 871 1335
1585570484 2206 872 1334
1585573744 2207 872 1335
1585574379 2207 873 1334
1585578247 2207 874 1333
1585580446 2207 875 1332
1585580878 2207 876 1331
1585580947 2207 877 1330
1585582206 2207 878 1329
1585585271 2207 879 1328
1585585395 2207 880 1327
1585586156 2207 881 1326
1585589129 2208 881 1327
1585590745 2208 882 1326
1585594946 2208 883 1325
1585594955 2208 884 1324
1585596088 2208 885 1323
1585596575 2209 886 1323
1585596575 2209 886 1323
1585597177 2210 886 1324
1585597573 2210 887 1323
1585597756 2210 888 1322
1585599043 2210 889 1321
1585599544 2210 890 1320
1585600164 2210 891 1319
1585602471 2211 892 1319
1585602471 2211 892 1319
1585602970 2212 893 1319
1585602970 2212 893 1319
1585603866 2212 894 1318
1585603933 2212 895 1317
1585608318 2212 896 1316
1585610410 2212 897 1315
1585612585 2213 898 1315
1585612585 2213 898 1315
1585613243 2213 899 1314
1585617631 2213 900 1313
1585617650 2213 901 1312
1585624140 2213 902 1311
1585630900 2214 903 1311
1585630900 2214 903 1311
1585645840 2214 904 1310
1585646880 2214 905 1309
1585647761 2214 906 1308
1585648520 2215 906 1309
1585651726 2215 907 1308
1585655348 2215 908 1307
1585655891 2216 908 1308
1585656286 2216 909 1307
1585656637 2217 909 1308
1585657363 2218 909 1309
1585658180 2219 909 1310
1585658881 2219 910 1309
1585659185 2219 911 1308
1585660389 2219 912 1307
1585662588 2219 913 1306
1585662973 2219 914 1305
1585663394 2220 914 1306
1585663598 2220 915 1305
1585663771 2221 916 1305
1585663771 2221 916 1305
1585665234 2221 917 1304
1585665518 2221 918 1303
1585669104 2222 919 1303
1585669104 2222 919 1303
1585671581 2223 920 1303
1585671581 2223 920 1303
1585673758 2224 920 1304
1585676747 2224 921 1303
1585676899 2224 922 1302
1585678422 2224 923 1301
1585681504 2224 924 1300
1585683070 2225 925 1300
1585683070 2225 925 1300
1585683636 2225 926 1299
1585684693 2225 927 1298
1585694300 2225 928 1297
1585698862 2225 929 1296
1585700778 2225 930 1295
1585704929 2225 931 1294
1585727663 2225 932 1293
1585732076 2225 933 1292
1585732186 2225 934 1291
1585733027 2225 935 1290
1585733236 2225 936 1289
1585734524 2226 937 1289
1585734524 2226 937 1289
1585735873 2226 938 1288
1585738726 2226 939 1287
1585738904 2226 940 1286
1585741318 2226 941 1285
1585742718 2226 942 1284
1585743929 2226 943 1283
1585746800 2226 944 1282
1585747126 2227 944 1283
1585748296 2227 945 1282
1585753528 2228 945 1283
1585754670 2229 945 1284
1585754751 2229 946 1283
1585755446 2229 947 1282
1585759220 2229 948 1281
1585764217 2229 949 1280
1585765280 2229 950 1279
1585767567 2229 951 1278
1585768367 2229 952 1277
1585770006 2229 953 1276
1585771679 2230 953 1277
1585772162 2230 954 1276
1585772508 2230 955 1275
1585773721 2230 956 1274
1585779285 2231 956 1275
1585780960 2231 957 1274
1585781187 2231 958 1273
1585782160 2232 958 1274
1585784845 2233 958 1275
1585786877 2233 959 1274
1585787820 2233 960 1273
1585788319 2234 960 1274
1585791495 2234 961 1273
1585792273 2234 962 1272
1585813000 2234 963 1271
1585814758 2234 964 1270
1585819439 2235 965 1270
1585819439 2235 965 1270
1585820434 2235 966 1269
1585824580 2236 966 1270
1585825123 2236 967 1269
1585825861 2236 968 1268
1585828269 2237 968 1269
1585828862 2237 969 1268
1585829266 2237 970 1267
1585839586 2238 970 1268
1585840532 2238 971 1267
1585840719 2239 971 1268
1585843344 2239 972 1267
1585845237 2240 972 1268
1585846028 2240 973 1267
1585846404 2240 974 1266
1585850280 2240 975 1265
1585850566 2241 976 1265
1585850566 2241 976 1265
1585851896 2242 977 1265
1585851896 2242 977 1265
1585852833 2242 978 1264
1585856582 2242 979 1263
1585856920 2242 980 1262
1585857969 2242 981 1261
1585858443 2242 982 1260
1585859230 2242 983 1259
1585860255 2242 984 1258
1585861686 2242 985 1257
1585862756 2242 986 1256
1585863545 2243 986 1257
1585866232 2243 987 1256
1585866798 2243 988 1255
1585867826 2243 989 1254
1585868544 2244 989 1255
1585870417 2245 989 1256
1585870662 2245 990 1255
1585873966 2245 991 1254
1585878278 2245 992 1253
1585896732 2246 992 1254
1585903814 2246 993 1253
1585908064 2246 994 1252
1585909362 2247 995 1252
1585909362 2247 995 1252
1585909934 2247 996 1251
1585911361 2248 996 1252
1585912066 2248 997 1251
1585913853 2248 998 1250
1585922674 2249 998 1251
1585922965 2249 999 1250
1585923276 2250 1000 1250
1585923276 2250 1000 1250
1585928990 2250 1001 1249
1585929679 2251 1001 1250
1585930158 2252 1002 1250
1585930158 2252 1002 1250
1585933597 2253 1003 1250
1585933597 2253 1003 1250
1585937273 2253 1004 1249
1585937913 2253 1005 1248
1585938272 2254 1005 1249
1585943971 2254 1006 1248
1585948327 2254 1007 1247
1585948341 2254 1008 1246
1585948400 2254 1009 1245
1585956132 2255 1009 1246
1585956148 2256 1009 1247
1585958056 2256 1010 1246
1585958224 2257 1010 1247
1585958764 2257 1011 1246
1585958903 2258 1012 1246
1585958903 2258 1012 1246
1585960524 2258 1013 1245
1585961041 2258 1014 1244
1585967429 2258 1015 1243
1585978559 2259 1015 1244
1585985802 2259 1016 1243
1585988470 2259 1017 1242
1585990855 2260 1017 1243
1585991627 2260 1018 1242
1585991666 2260 1019 1241
1585992211 2260 1020 1240
1585999679 2260 1021 1239
1586002927 2260 1022 1238
1586010874 2260 1023 1237
1586012897 2260 1024 1236
1586018401 2261 1024 1237
1586022561 2262 1025 1237
1586022561 2262 1025 1237
1586024419 2263 1025 1238
1586029787 2263 1026 1237
1586030047 2263 1027 1236
1586030434 2263 1028 1235
1586030559 2263 1029 1234
1586033367 2263 1030 1233
1586033963 2264 1030 1234
1586036773 2264 1031 1233
1586043650 2264 1032 1232
1586045630 2264 1033 1231
1586048708 2264 1034 1230
1586055536 2265 1034 1231
1586071497 2265 1035 1230
1586077545 2265 1036 1229
1586078384 2265 1037 1228
1586082142 2265 1038 1227
1586084722 2266 1039 1227
1586084722 2266 1039 1227
1586087825 2266 1040 1226
1586089976 2266 1041 1225
1586092557 2266 1042 1224
1586094239 2267 1043 1224
1586094239 2267 1043 1224
1586095170 2267 1044 1223
1586095924 2267 1045 1222
1586096921 2268 1045 1223
1586097926 2268 1046 1222
1586098273 2269 1046 1223
1586099228 2269 1047 1222
1586099642 2269 1048 1221
1586101177 2269 1049 1220
1586106175 2270 1050 1220
1586106175 2270 1050 1220
1586107781 2270 1051 1219
1586107782 2270 1052 1218
1586115751 2270 1053 1217
1586116095 2270 1054 1216
1586116282 2271 1055 1216
1586116282 2271 1055 1216
1586117364 2272 1055 1217
1586119463 2272 1056 1216
1586123650 2272 1057 1215
1586124149 2273 1057 1216
1586125109 2273 1058 1215
1586125852 2274 1058 1216
1586133656 2274 1059 1215
1586140078 2275 1060 1215
1586140078 2275 1060 1215
1586166331 2276 1060 1216
1586167324 2277 1060 1217
1586167525 2278 1060 1218
1586172869 2278 1061 1217
1586172964 2278 1062 1216
1586173488 2279 1062 1217
1586173988 2279 1063 1216
1586177855 2279 1064 1215
1586178654 2280 1064 1216
1586180464 2281 1064 1217
1586180827 2282 1065 1217
1586180827 2282 1065 1217
1586180969 2283 1065 1218
1586182562 2283 1066 1217
1586182860 2283 1067 1216
1586185203 2284 1068 1216
1586185203 2284 1068 1216
1586186012 2284 1069 1215
1586189048 2284 1070 1214
1586190231 2284 1071 1213
1586191107 2284 1072 1212
1586193768 2284 1073 1211
1586196788 2285 1074 1211
1586196788 2285 1074 1211
1586197604 2285 1075 1210
1586198448 2286 1076 1210
1586198448 2286 1076 1210
1586199260 2286 1077 1209
1586200945 2286 1078 1208
1586201201 2287 1078 1209
1586202565 2287 1079 1208
1586204953 2288 1079 1209
1586207289 2288 1080 1208
1586207756 2289 1080 1209
1586208994 2289 1081 1208
1586209225 2290 1081 1209
1586209803 2291 1082 1209
1586209803 2291 1082 1209
1586209934 2291 1083 1208
1586210315 2291 1084 1207
1586212871 2291 1085 1206
1586213155 2291 1086 1205
1586213487 2291 1087 1204
1586213840 2291 1088 1203
1586215370 2292 1088 1204
1586215990 2293 1088 1205
1586216760 2293 1089 1204
1586217136 2294 1089 1205
1586220418 2294 1090 1204
1586220876 2295 1090 1205
1586242595 2295 1091 1204
1586245405 2295 1092 1203
1586247020 2295 1093 1202
1586250022 2295 1094 1201
1586250328 2295 1095 1200
1586250735 2295 1096 1199
1586253124 2295 1097 1198
1586255794 2295 1098 1197
1586256037 2295 1099 1196
1586257436 2296 1099 1197
1586257636 2297 1100 1197
1586257636 2297 1100 1197
1586257793 2298 1100 1198
1586262221 2298 1101 1197
1586263222 2298 1102 1196
1586263293 2299 1103 1196
1586263293 2299 1103 1196
1586263835 2299 1104 1195
1586264735 2299 1105 1194
1586266666 2299 1106 1193
1586267032 2300 1107 1193
1586267032 2300 1107 1193
1586267940 2300 1108 1192
1586270361 2300 1109 1191
1586271764 2300 1110 1190
1586271881 2300 1111 1189
1586273011 2301 1111 1190
1586274238 2301 1112 1189
1586280631 2301 1113 1188
1586282212 2301 1114 1187
1586283331 2301 1115 1186
1586284009 2301 1116 1185
1586284339 2301 1117 1184
1586287352 2302 1117 1185
1586287843 2302 1118 1184
1586290007 2302 1119 1183
1586291159 2303 1119 1184
1586291999 2303 1120 1183
1586295689 2303 1121 1182
1586296495 2304 1121 1183
1586296511 2304 1122 1182
1586297309 2304 1123 1181
1586298457 2304 1124 1180
1586298479 2304 1125 1179
1586304813 2304 1126 1178
1586311037 2304 1127 1177
1586319484 2304 1128 1176
1586329465 2304 1129 1175
1586333438 2304 1130 1174
1586333876 2304 1131 1173
1586335393 2304 1132 1172
1586336464 2304 1133 1171
1586338607 2304 1134 1170
1586339017 2304 1135 1169
1586340034 2305 1135 1170
1586344220 2305 1136 1169
1586344691 2306 1137 1169
1586344691 2306 1137 1169
1586344877 2306 1138 1168
1586345687 2306 1139 1167
1586346178 2306 1140 1166
1586347751 2306 1141 1165
1586352309 2307 1141 1166
1586352906 2307 1142 1165
1586353198 2308 1142 1166
1586354348 2308 1143 1165
1586355281 2308 1144 1164
1586361962 2308 1145 1163
1586362431 2308 1146 1162
1586366562 2309 1146 1163
1586369200 2310 1146 1164
1586369408 2310 1147 1163
1586370470 2310 1148 1162
1586372256 2311 1149 1162
1586372256 2311 1149 1162
1586374570 2312 1150 1162
1586374570 2312 1150 1162
1586375239 2312 1151 1161
1586376190 2312 1152 1160
1586376469 2312 1153 1159
1586380714 2313 1154 1159
1586380714 2313 1154 1159
1586381138 2313 1155 1158
1586381404 2313 1156 1157
1586384594 2313 1157 1156
1586384632 2313 1158 1155
1586385011 2313 1159 1154
1586385993 2313 1160 1153
1586386972 2313 1161 1152
1586387611 2313 1162 1151
1586394604 2313 1163 1150
1586397516 2313 1164 1149
1586412894 2313 1165 1148
1586428444 2313 1166 1147
1586429391 2313 1167 1146
1586431925 2313 1168 1145
1586433379 2313 1169 1144
1586436842 2313 1170 1143
1586437720 2313 1171 1142
1586438832 2313 1172 1141
1586439038 2313 1173 1140
1586440722 2313 1174 1139
1586443351 2314 1174 1140
1586444161 2315 1174 1141
1586447061 2315 1175 1140
1586447467 2315 1176 1139
1586451786 2315 1177 1138
1586454758 2315 1178 1137
1586457304 2316 1178 1138
1586460787 2316 1179 1137
1586465081 2316 1180 1136
1586469718 2317 1181 1136
1586469718 2317 1181 1136
1586470945 2317 1182 1135
1586473546 2318 1183 1135
1586473546 2318 1183 1135
1586474301 2318 1184 1134
1586474370 2318 1185 1133
1586477545 2318 1186 1132
1586479803 2318 1187 1131
1586480270 2319 1187 1132
1586480775 2319 1188 1131
1586483090 2320 1189 1131
1586483090 2320 1189 1131
1586488635 2320 1190 1130
1586493060 2320 1191 1129
1586502196 2321 1192 1129
1586502196 2321 1192 1129
1586506971 2321 1193 1128
1586509290 2321 1194 1127
1586509758 2321 1195 1126
1586517007 2321 1196 1125
1586517050 2321 1197 1124
1586522817 2321 1198 1123
1586523782 2321 1199 1122
1586526174 2322 1200 1122
1586526174 2322 1200 1122
1586527282 2322 1201 1121
1586527719 2322 1202 1120
1586533545 2322 1203 1119
1586534997 2322 1204 1118
1586537959 2322 1205 1117
1586541050 2322 1206 1116
1586542898 2322 1207 1115
1586545625 2322 1208 1114
1586546792 2323 1208 1115
1586547063 2323 1209 1114
1586549854 2323 1210 1113
1586550700 2323 1211 1112
1586551301 2323 1212 1111
1586551902 2323 1213 1110
1586556929 2323 1214 1109
1586571150 2323 1215 1108
1586592842 2323 1216 1107
1586593587 2323 1217 1106
1586598128 2323 1218 1105
1586598986 2323 1219 1104
1586601272 2323 1220 1103
1586601310 2323 1221 1102
1586603570 2323 1222 1101
1586603877 2323 1223 1100
1586605061 2323 1224 1099
1586605932 2323 1225 1098
1586611984 2323 1226 1097
1586614055 2323 1227 1096
1586616962 2323 1228 1095
1586617051 2323 1229 1094
1586619265 2323 1230 1093
1586619429 2324 1231 1093
1586619429 2324 1231 1093
1586623787 2325 1231 1094
1586623848 2326 1232 1094
1586623848 2326 1232 1094
1586625500 2326 1233 1093
1586626571 2326 1234 1092
1586627751 2327 1235 1092
1586627751 2327 1235 1092
1586628030 2328 1235 1093
1586630368 2328 1236 1092
1586633076 2328 1237 1091
1586633899 2328 1238 1090
1586634477 2328 1239 1089
1586643296 2328 1240 1088
1586649596 2328 1241 1087
1586653267 2329 1241 1088
1586654915 2330 1242 1088
1586654915 2330 1242 1088
1586667643 2330 1243 1087
1586686200 2330 1244 1086
1586688618 2331 1244 1087
1586688908 2332 1244 1088
1586689247 2332 1245 1087
1586689470 2332 1246 1086
1586690707 2332 1247 1085
1586691455 2332 1248 1084
1586694900 2332 1249 1083
1586695295 2333 1250 1083
1586695295 2333 1250 1083
1586696313 2334 1251 1083
1586696313 2334 1251 1083
1586696418 2334 1252 1082
1586697144 2334 1253 1081
1586698324 2334 1254 1080
1586706393 2334 1255 1079
1586706423 2334 1256 1078
1586707820 2335 1256 1079
1586707993 2336 1257 1079
1586707993 2336 1257 1079
1586708073 2336 1258 1078
1586708195 2336 1259 1077
1586709915 2336 1260 1076
1586711368 2336 1261 1075
1586711729 2336 1262 1074
1586711928 2337 1262 1075
1586712368 2337 1263 1074
1586716040 2337 1264 1073
1586717521 2337 1265 1072
1586718500 2337 1266 1071
1586720951 2338 1266 1072
1586721480 2338 1267 1071
1586722301 2338 1268 1070
1586726482 2338 1269 1069
1586730471 2338 1270 1068
1586731510 2338 1271 1067
1586739211 2338 1272 1066
1586742129 2338 1273 1065
1586742804 2339 1273 1066
1586758161 2339 1274 1065
1586767831 2339 1275 1064
1586768656 2340 1275 1065
1586772825 2340 1276 1064
1586772841 2340 1277 1063
1586774139 2341 1278 1063
1586774139 2341 1278 1063
1586776882 2342 1278 1064
1586777676 2342 1279 1063
1586782326 2342 1280 1062
1586784499 2342 1281 1061
1586793507 2342 1282 1060
1586802863 2342 1283 1059
1586808307 2342 1284 1058
1586808336 2343 1284 1059
1586808411 2343 1285 1058
1586808458 2344 1286 1058
1586808458 2344 1286 1058
1586808618 2344 1287 1057
1586808638 2344 1288 1056
1586808751 2344 1289 1055
1586808781 2344 1290 1054
1586808786 2344 1291 1053
1586808909 2344 1292 1052
1586808919 2344 1293 1051
1586809063 2344 1294 1050
1586809184 2344 1295 1049
1586809210 2344 1296 1048
1586809248 2345 1297 1048
1586809248 2345 1297 1048
1586809543 2346 1297 1049
1586809576 2346 1298 1048
1586809594 2346 1299 1047
1586809614 2346 1300 1046
1586809632 2346 1301 1045
1586809691 2346 1302 1044
1586809799 2346 1303 1043
1586809960 2346 1304 1042
1586809983 2346 1305 1041
1586810098 2346 1306 1040
1586810184 2346 1307 1039
1586810244 2346 1308 1038
1586810787 2347 1308 1039
1586811062 2347 1309 1038
1586811231 2347 1310 1037
1586811360 2348 1310 1038
1586811513 2348 1311 1037
1586811586 2348 1312 1036
1586811700 2348 1313 1035
1586811833 2348 1314 1034
1586812306 2348 1315 1033
1586812405 2349 1315 1034
1586813743 2350 1316 1034
1586813743 2350 1316 1034
1586814080 2351 1316 1035
1586814321 2351 1317 1034
1586814428 2352 1318 1034
1586814428 2352 1318 1034
1586815525 2353 1318 1035
1586817663 2353 1319 1034
1586817822 2354 1320 1034
1586817822 2354 1320 1034
1586818913 2354 1321 1033
1586819093 2355 1321 1034
1586819684 2355 1322 1033
1586820031 2355 1323 1032
1586820709 2356 1324 1032
1586820709 2356 1324 1032
1586821160 2356 1325 1031
1586822306 2357 1325 1032
1586822451 2357 1326 1031
1586822802 2358 1327 1031
1586822802 2358 1327 1031
1586823172 2358 1328 1030
1586824907 2358 1329 1029
1586826224 2358 1330 1028
1586826603 2358 1331 1027
1586827138 2359 1331 1028
1586827532 2359 1332 1027
1586827865 2360 1332 1028
1586832604 2360 1333 1027
1586834416 2360 1334 1026
1586835436 2360 1335 1025
1586849381 2360 1336 1024
1586851986 2360 1337 1023
1586852646 2360 1338 1022
1586855083 2360 1339 1021
1586855392 2360 1340 1020
1586855493 2360 1341 1019
1586855604 2360 1342 1018
1586857706 2360 1343 1017
1586858197 2360 1344 1016
1586858462 2360 1345 1015
1586859036 2360 1346 1014
1586861284 2361 1347 1014
1586861284 2361 1347 1014
1586861374 2361 1348 1013
1586862356 2361 1349 1012
1586862569 2361 1350 1011
1586863296 2361 1351 1010
1586864665 2361 1352 1009
1586868010 2361 1353 1008
1586868407 2361 1354 1007
1586869734 2361 1355 1006
1586869759 2362 1355 1007
1586869772 2362 1356 1006
1586870050 2363 1356 1007
1586870089 2363 1357 1006
1586870139 2363 1358 1005
1586871022 2363 1359 1004
1586871692 2363 1360 1003
1586872137 2364 1361 1003
1586872137 2364 1361 1003
1586874318 2364 1362 1002
1586874550 2364 1363 1001
1586875104 2364 1364 1000
1586876747 2364 1365 999
1586878855 2364 1366 998
1586880210 2364 1367 997
1586881877 2364 1368 996
1586883574 2364 1369 995
1586884407 2364 1370 994
1586886407 2364 1371 993
1586886578 2365 1372 993
1586886578 2365 1372 993
1586887562 2365 1373 992
1586891379 2366 1373 993
1586893337 2367 1374 993
1586893337 2367 1374 993
1586893357 2367 1375 992
1586895482 2367 1376 991
1586896041 2367 1377 990
1586897574 2367 1378 989
1586898541 2367 1379 988
1586900020 2367 1380 987
1586900696 2367 1381 986
1586903349 2367 1382 985
1586904795 2368 1383 985
1586904795 2368 1383 985
1586904875 2368 1384 984
1586906984 2368 1385 983
1586937335 2368 1386 982
1586942134 2368 1387 981
1586943416 2368 1388 980
1586947331 2369 1388 981
1586949196 2369 1389 980
1586949463 2369 1390 979
1586950408 2369 1391 978
1586950857 2370 1391 979
1586952267 2370 1392 978
1586955796 2370 1393 977
1586956968 2370 1394 976
1586957014 2370 1395 975
1586957572 2370 1396 974
1586958467 2371 1396 975
1586959691 2371 1397 974
1586960890 2371 1398 973
1586962212 2371 1399 972
1586967760 2371 1400 971
1586971702 2371 1401 970
1586974594 2371 1402 969
1586976316 2371 1403 968
1586977822 2372 1404 968
1586977822 2372 1404 968
1586978066 2372 1405 967
1586979899 2373 1405 968
1586980143 2373 1406 967
1586980209 2373 1407 966
1586980770 2373 1408 965
1586981465 2373 1409 964
1586983131 2373 1410 963
1586986278 2373 1411 962
1586987719 2374 1411 963
1586996608 2374 1412 962
1586999388 2374 1413 961
1587008020 2374 1414 960
1587008159 2374 1415 959
1587022287 2374 1416 958
1587028023 2374 1417 957
1587028313 2374 1418 956
1587029238 2375 1418 957
1587036968 2375 1419 956
1587037881 2375 1420 955
1587041883 2375 1421 954
1587042501 2375 1422 953
1587048471 2375 1423 952
1587048541 2375 1424 951
1587048799 2375 1425 950
1587049993 2375 1426 949
1587050116 2375 1427 948
1587050543 2375 1428 947
1587052948 2375 1429 946
1587055358 2375 1430 945
1587059746 2376 1430 946
1587062263 2376 1431 945
1587062889 2376 1432 944
1587063154 2376 1433 943
1587063224 2376 1434 942
1587066449 2376 1435 941
1587066698 2376 1436 940
1587067934 2376 1437 939
1587069693 2376 1438 938
1587071467 2376 1439 937
1587072941 2376 1440 936
1587073381 2377 1440 937
1587073686 2377 1441 936
1587080119 2378 1442 936
1587080119 2378 1442 936
1587084827 2378 1443 935
1587085139 2378 1444 934
1587087166 2378 1445 933
1587099757 2378 1446 932
1587107877 2378 1447 931
1587109364 2378 1448 930
1587110369 2378 1449 929
1587111216 2378 1450 928
1587111902 2378 1451 927
1587113463 2378 1452 926
1587114984 2378 1453 925
1587115598 2378 1454 924
1587116434 2378 1455 923
1587118833 2378 1456 922
1587119785 2378 1457 921
1587125114 2378 1458 920
1587126449 2378 1459 919
1587127834 2378 1460 918
1587127945 2378 1461 917
1587136073 2378 1462 916
1587136721 2379 1463 916
1587136721 2379 1463 916
1587138537 2379 1464 915
1587138812 2380 1464 916
1587139252 2380 1465 915
1587139400 2381 1465 916
1587140673 2382 1466 916
1587140673 2382 1466 916
1587140774 2383 1467 916
1587140774 2383 1467 916
1587142294 2383 1468 915
1587144483 2383 1469 914
1587146302 2383 1470 913
1587146621 2383 1471 912
1587146828 2383 1472 911
1587146933 2383 1473 910
1587149097 2383 1474 909
1587149305 2384 1474 910
1587150454 2384 1475 909
1587153662 2384 1476 908
1587153695 2384 1477 907
1587154704 2384 1478 906
1587157478 2384 1479 905
1587159915 2384 1480 904
1587160530 2384 1481 903
1587162228 2384 1482 902
1587168594 2385 1482 903
1587175186 2385 1483 902
1587175508 2386 1484 902
1587175508 2386 1484 902
1587178567 2386 1485 901
1587181510 2386 1486 900
1587181569 2386 1487 899
1587200619 2387 1487 900
1587200915 2387 1488 899
1587205964 2387 1489 898
1587206619 2387 1490 897
1587207297 2387 1491 896
1587208834 2388 1492 896
1587208834 2388 1492 896
1587210001 2388 1493 895
1587210213 2389 1493 896
1587215496 2389 1494 895
1587219859 2389 1495 894
1587220757 2390 1495 895
1587221063 2390 1496 894
1587221923 2390 1497 893
1587222039 2390 1498 892
1587222554 2390 1499 891
1587223103 2391 1500 891
1587223103 2391 1500 891
1587223151 2391 1501 890
1587223276 2391 1502 889
1587224702 2391 1503 888
1587225332 2391 1504 887
1587229027 2391 1505 886
1587229138 2391 1506 885
1587229316 2391 1507 884
1587230027 2391 1508 883
1587231254 2391 1509 882
1587233034 2391 1510 881
1587233461 2391 1511 880
1587234001 2391 1512 879
1587234037 2391 1513 878
1587235097 2391 1514 877
1587235686 2392 1514 878
1587235704 2393 1514 879
1587237833 2393 1515 878
1587238428 2393 1516 877
1587238774 2393 1517 876
1587238831 2393 1518 875
1587238887 2394 1519 875
1587238887 2394 1519 875
1587239610 2395 1519 876
1587241127 2395 1520 875
1587242878 2395 1521 874
1587243441 2395 1522 873
1587244313 2395 1523 872
1587244537 2395 1524 871
1587246398 2395 1525 870
1587246459 2395 1526 869
1587248164 2395 1527 868
1587248959 2395 1528 867
1587252525 2395 1529 866
1587254262 2396 1529 867
1587257798 2396 1530 866
1587260308 2396 1531 865
1587261679 2397 1531 866
1587264213 2397 1532 865
1587271697 2397 1533 864
1587288430 2397 1534 863
1587294587 2397 1535 862
1587296548 2397 1536 861
1587297920 2397 1537 860
1587299017 2398 1538 860
1587299017 2398 1538 860
1587301295 2398 1539 859
1587304694 2398 1540 858
1587306140 2399 1541 858
1587306140 2399 1541 858
1587308641 2399 1542 857
1587314366 2399 1543 856
1587314730 2399 1544 855
1587318397 2399 1545 854
1587319120 2399 1546 853
1587319793 2399 1547 852
1587320496 2400 1548 852
1587320496 2400 1548 852
1587320779 2401 1548 853
1587320787 2401 1549 852
1587320972 2401 1550 851
1587322177 2402 1550 852
1587322178 2402 1551 851
1587322850 2402 1552 850
1587322852 2402 1553 849
1587323487 2402 1554 848
1587324209 2402 1555 847
1587324521 2402 1556 846
1587324792 2403 1557 846
1587324792 2403 1557 846
1587325116 2403 1558 845
1587325811 2403 1559 844
1587325966 2403 1560 843
1587333155 2403 1561 842
1587335186 2403 1562 841
1587337817 2403 1563 840
1587338191 2403 1564 839
1587339383 2404 1565 839
1587339383 2404 1565 839
1587340834 2404 1566 838
1587344879 2405 1566 839
1587354998 2405 1567 838
1587367458 2405 1568 837
1587372871 2405 1569 836
1587375378 2405 1570 835
1587378373 2405 1571 834
1587382910 2405 1572 833
1587385418 2405 1573 832
1587386769 2405 1574 831
1587390104 2405 1575 830
1587393804 2405 1576 829
1587397051 2406 1577 829
1587397051 2406 1577 829
1587397303 2406 1578 828
1587397713 2406 1579 827
1587402510 2407 1579 828
1587402538 2407 1580 827
1587403093 2408 1581 827
1587403093 2408 1581 827
1587403518 2408 1582 826
1587404003 2408 1583 825
1587406783 2408 1584 824
1587406930 2408 1585 823
1587409431 2408 1586 822
1587409652 2408 1587 821
1587410910 2408 1588 820
1587411154 2408 1589 819
1587411865 2408 1590 818
1587412676 2408 1591 817
1587415263 2408 1592 816
1587415480 2408 1593 815
1587415667 2408 1594 814
1587416298 2408 1595 813
1587422804 2408 1596 812
1587426490 2408 1597 811
1587427246 2408 1598 810
1587428437 2408 1599 809
1587429895 2408 1600 808
1587442261 2408 1601 807
1587459090 2408 1602 806
1587459751 2408 1603 805
1587460492 2408 1604 804
1587461283 2409 1604 805
1587462206 2409 1605 804
1587462879 2409 1606 803
1587463300 2409 1607 802
1587466015 2409 1608 801
1587470114 2409 1609 800
1587470648 2410 1609 801
1587471281 2410 1610 800
1587471890 2411 1610 801
1587471908 2411 1611 800
1587472086 2411 1612 799
1587475367 2411 1613 798
1587476589 2411 1614 797
1587476774 2411 1615 796
1587476979 2411 1616 795
1587478120 2411 1617 794
1587480586 2411 1618 793
1587481037 2411 1619 792
1587481172 2411 1620 791
1587482169 2411 1621 790
1587485187 2411 1622 789
1587487299 2411 1623 788
1587487540 2411 1624 787
1587488793 2411 1625 786
1587490277 2411 1626 785
1587490390 2411 1627 784
1587491618 2411 1628 783
1587491960 2411 1629 782
1587492989 2411 1630 781
1587494947 2411 1631 780
1587495926 2412 1632 780
1587495926 2412 1632 780
1587496179 2412 1633 779
1587497038 2412 1634 778
1587498763 2413 1635 778
1587498763 2413 1635 778
1587499698 2413 1636 777
1587499959 2414 1637 777
1587499959 2414 1637 777
1587511870 2415 1637 778
1587539243 2416 1637 779
1587549267 2417 1637 780
1587570243 2418 1637 781
1587592012 2419 1637 782
1587595194 2420 1637 783
1587644363 2421 1637 784
1587645366 2422 1637 785
1587647615 2423 1637 786
1587724929 2424 1637 787
1587726321 2425 1637 788
1587729615 2426 1637 789
1587742326 2427 1637 790
1587762593 2428 1637 791
1587819968 2429 1637 792
1587838120 2430 1637 793
1587846345 2431 1637 794
1587856384 2432 1637 795
1587857274 2433 1637 796
1587859442 2434 1637 797
1587860616 2435 1637 798
1587891002 2436 1637 799
1587913492 2437 1637 800
1587933119 2438 1637 801
1587945481 2439 1637 802
1588015356 2440 1637 803
1588015992 2441 1637 804
1588086561 2442 1637 805
1588089493 2443 1637 806
1588090888 2444 1637 807
1588093201 2445 1637 808
