1580083200 231 10 221
1580688000 384 22 362
1581292800 439 29 410
1581897600 474 35 439
1582502400 502 40 462
1583107200 758 57 701
1583712000 1016 96 920
1584316800 1522 199 1323
1584921600 2011 416 1595
1585526400 2173 541 1632
1586131200 2246 633 1613
1586736000 2308 711 1597
1587340800 2372 773 1599
1587945600 2406 825 1581
1588550400 2430 873 1557
1589155200 2452 917 1535
1589760000 2466 943 1523
1590364800 2478 959 1519
1590969600 2489 981 1508
1591574400 2493 1002 1491
1592179200 2494 1010 1484
1592784000 2496 1020 1476
1593388800 2504 1031 1473
1593993600 2507 1034 1473
1594598400 2511 1043 1468
1595203200 2516 1050 1466
1595808000 2523 1060 1463
1596412800 2530 1068 1462
1597017600 2538 1079 1459
1597622400 2549 1093 1456
1598227200 2560 1106 1454
1598832000 2576 1125 1451
1599436800 2590 1136 1454
1600041600 2602 1158 1444
1600646400 2611 1171 1440
1601251200 2627 1191 1436
1601856000 2636 1207 1429
1602460800 2645 1219 1426
1603065600 2670 1254 1416
1603670400 2689 1276 1413
1604275200 2751 1392 1359
1604880000 2765 1436 1329
1605484800 2779 1471 1308
1606089600 2788 1491 1297
1606694400 2790 1504 1286
1607299200 2801 1521 1280
1607904000 2811 1541 1270
1608508800 2821 1566 1255
1609113600 2826 1583 1243
1609718400 2839 1605 1234
1610323200 2852 1640 1212
1610928000 2866 1667 1199
1611532800 2877 1689 1188
1612137600 2889 1732 1157
1612742400 2896 1761 1135
1613347200 2904 1786 1118
1613952000 2910 1802 1108
1614556800 2913 1817 1096
1615161600 2921 1844 1077
1615766400 2933 1866 1067
1616371200 2950 1933 1017
1616976000 2956 1979 977
1617580800 2970 2093 877
1618185600 2981 2164 817
1618790400 2988 2218 770
1619395200 2991 2273 718
1620000000 2999 2352 647
1620604800 3008 2466 542
1621209600 3030 2608 422
1621814400 3046 2635 411
