1580083200 233 11 222
1580688000 386 25 361
1581292800 441 33 408
1581897600 476 40 436
1582502400 504 45 459
1583107200 760 63 697
1583712000 1020 105 915
1584316800 1528 215 1313
1584921600 2017 455 1562
1585526400 2180 593 1587
1586131200 2253 697 1556
1586736000 2316 788 1528
1587340800 2380 870 1510
1587945600 2414 932 1482
1588550400 2438 996 1442
1589155200 2460 1050 1410
1589760000 2474 1086 1388
1590364800 2486 1107 1379
1590969600 2497 1142 1355
1591574400 2501 1164 1337
1592179200 2502 1176 1326
1592784000 2504 1188 1316
1593388800 2512 1203 1309
1593993600 2515 1209 1306
1594598400 2519 1219 1300
1595203200 2524 1232 1292
1595808000 2531 1248 1283
1596412800 2538 1260 1278
1597017600 2546 1279 1267
1597622400 2557 1304 1253
1598227200 2568 1322 1246
1598832000 2584 1348 1236
1599436800 2598 1364 1234
1600041600 2610 1390 1220
1600646400 2619 1413 1206
1601251200 2635 1445 1190
1601856000 2644 1467 1177
1602460800 2653 1487 1166
1603065600 2678 1541 1137
1603670400 2698 1589 1109
1604275200 2760 1810 950
1604880000 2774 1918 856
1605484800 2788 2018 770
1606089600 2797 2098 699
1606694400 2799 2177 622
1607299200 2810 2232 578
1607904000 2820 2366 454
1608508800 2830 2386 444
