1579611316 1
1579611555 2
1579617811 3
1579627499 4
1579629367 5
1579678473 6
1579724250 7
1579727123 8
1579727177 9
1579727975 10
1579730378 11
1579733220 12
1579734792 13
1579735590 14
1579760592 15
1579772175 16
1579776449 17
1579778672 18
1579784057 19
1579784270 20
1579784502 21
1579793640 22
1579806529 23
1579811179 24
1579821659 25
1579844499 26
1579849340 27
1579853947 28
1579854262 29
1579858590 30
1579861015 31
1579861671 32
1579863724 33
1579870844 34
1579872263 35
1579880211 36
1579886746 37
1579897615 38
1579898093 39
1579898366 40
1579899120 41
1579899597 42
1579899783 43
1579899824 44
1579900290 45
1579900351 46
1579900500 47
1579900888 48
1579901210 49
1579902344 50
1579905912 51
1579906049 52
1579906859 53
1579906939 54
1579908329 55
1579915186 56
1579915723 57
1579916416 58
1579917630 59
1579920712 60
1579944902 61
1579949445 62
1579966349 63
1579967349 64
1579979761 65
1579979940 66
1579982056 67
1579984623 68
1579990366 69
1580034093 70
1580036556 71
1580039816 72
1580072563 73
1580077054 74
1580116947 75
1580130647 76
1580134245 77
1580139983 78
1580145999 79
1580147519 80
1580150937 81
1580179150 82
1580208891 83
1580215430 84
1580218095 85
1580237499 86
1580239614 87
1580239642 88
1580281426 89
1580291450 90
1580292256 91
1580294692 92
1580329136 93
1580372528 94
1580380689 95
1580386391 96
1580390124 97
1580393334 98
1580404348 99
1580418110 100
1580478927 101
1580484853 102
1580494200 103
1580545588 104
1580546975 105
1580547601 106
1580555486 107
1580559931 108
1580571642 109
1580596569 110
1580654725 111
1580721735 112
1580724385 113
1580740545 114
1580740922 115
1580762786 116
1580763051 117
1580920567 118
1580978260 119
1581010663 120
1581061851 121
1581070613 122
1581193042 123
1581331161 124
1581429752 125
1581585241 126
1581635783 127
1581884638 128
1582272984 129
1582391951 130
1582402425 131
1582420665 132
1582461884 133
1582483015 134
1582555762 135
1582558310 136
1582563983 137
1582573286 138
1582575979 139
1582627726 140
1582628613 141
1582631966 142
1582638763 143
1582651225 144
1582666546 145
1582722355 146
1582738899 147
1582781146 148
1582786046 149
1582809112 150
1582810821 151
1582836786 152
1582838314 153
1582841279 154
1582847664 155
1582876968 156
1582883970 157
1582884112 158
1582887068 159
1582899172 160
1582906321 161
1582918892 162
1582939292 163
1582993180 164
1582994276 165
1583005014 166
1583010636 167
1583018787 168
1583049042 169
1583143847 170
1583151695 171
1583155695 172
1583156047 173
1583176819 174
1583186026 175
1583238361 176
1583266056 177
1583271259 178
1583317526 179
1583329766 180
1583333553 181
1583348858 182
1583359476 183
1583364588 184
1583391427 185
1583398157 186
1583410520 187
1583426515 188
1583438645 189
1583455362 190
1583489104 191
1583502942 192
1583504220 193
1583526375 194
1583538214 195
1583608959 196
1583614769 197
1583615655 198
1583625739 199
1583637915 200
1583662122 201
1583696359 202
1583700177 203
1583744788 204
1583763567 205
1583767396 206
1583784344 207
1583916382 208
1583918962 209
1583931353 210
1583933197 211
1583961419 212
1584009297 213
1584009865 214
1584013582 215
1584021612 216
1584022269 217
1584036545 218
1584050949 219
1584052927 220
1584053131 221
1584057057 222
1584059849 223
1584102150 224
1584106094 225
1584106438 226
1584127174 227
1584147330 228
1584186496 229
1584189688 230
1584196519 231
1584197030 232
1584215272 233
1584217074 234
1584217468 235
1584217584 236
1584221734 237
1584222407 238
1584231836 239
1584265334 240
1584269354 241
1584271870 242
1584271991 243
1584282818 244
1584291410 245
1584294775 246
1584297172 247
1584309219 248
1584310953 249
1584318635 250
1584354402 251
1584359105 252
1584378048 253
1584378341 254
1584382435 255
1584391129 256
1584397371 257
1584401321 258
1584404183 259
1584425562 260
1584439057 261
1584456864 262
1584477179 263
1584535086 264
1584548445 265
1584548994 266
1584570380 267
1584579271 268
1584630607 269
1584639441 270
1584677227 271
1584720083 272
1584745107 273
1584800258 274
1584810580 275
1584833133 276
1584870156 277
1584892537 278
1584892582 279
1584912895 280
1584974040 281
1584976533 282
1584979589 283
1584980772 284
1584981484 285
1584987113 286
1585157991 287
1585288515 288
1585310549 289
1585328026 290
1585333771 291
1585387998 292
1585421386 293
1585430555 294
1585479263 295
1585509737 296
1585555288 297
1585771679 298
1585782160 299
1585845237 300
1585863545 301
1585978559 302
1586018401 303
1586024419 304
1586055536 305
1586117364 306
1586125852 307
1586166331 308
1586167525 309
1586180464 310
1586207756 311
1586287352 312
1586366562 313
1586480270 314
1586707820 315
1586814080 316
1586987719 317
1587059746 318
1587168594 319
1587402510 320
1587471890 321
1587539243 322
1587729615 323
1587838120 324
1587846345 325
1588015992 326
1588163866 327
1588335402 328
1588553946 329
1588711572 330
1588756707 331
1588964238 332
1590056110 333
1590060606 334
1590311890 335
1590317795 336
1590674666 337
1590782132 338
1590976337 339
1591230086 340
1591271783 341
