1579611316 1
1579611555 2
1579611751 3
1579640280 4
1579640775 5
1579646008 6
1579678473 7
1579724250 8
1579727123 9
1579727177 10
1579727975 11
1579730378 12
1579733220 13
1579734009 14
1579734792 15
1579735590 16
1579737627 17
1579760592 18
1579772175 19
1579776449 20
1579778672 21
1579784057 22
1579784270 23
1579784502 24
1579791432 25
1579792908 26
1579811179 27
1579821659 28
1579827367 29
1579849340 30
1579853947 31
1579854262 32
1579858590 33
1579861015 34
1579861671 35
1579872263 36
1579880211 37
1579886746 38
1579888707 39
1579897615 40
1579898366 41
1579899120 42
1579899597 43
1579899783 44
1579899824 45
1579900351 46
1579900500 47
1579900888 48
1579901083 49
1579901210 50
1579901630 51
1579901886 52
1579905912 53
1579906049 54
1579906055 55
1579906227 56
1579906859 57
1579906939 58
1579908329 59
1579915723 60
1579917298 61
1579934676 62
1579940047 63
1579943708 64
1579946835 65
1579950615 66
1579953209 67
1579957910 68
1579962525 69
1579966349 70
1579967323 71
1579968270 72
1579975431 73
1579976055 74
1579976177 75
1579978580 76
1579979761 77
1579979940 78
1579982056 79
1579984623 80
1579987781 81
1579990366 82
1579995294 83
1580025385 84
1580034093 85
1580036233 86
1580036556 87
1580039617 88
1580039816 89
1580040653 90
1580072563 91
1580079026 92
1580116947 93
1580119156 94
1580121793 95
1580130647 96
1580134245 97
1580135310 98
1580142357 99
1580143850 100
1580145999 101
1580147519 102
1580149929 103
1580149994 104
1580150937 105
1580153583 106
1580186044 107
1580205290 108
1580214642 109
1580218095 110
1580237499 111
1580239491 112
1580281426 113
1580291450 114
1580292256 115
1580297046 116
1580309486 117
1580314182 118
1580372528 119
1580378199 120
1580380689 121
1580386391 122
1580390124 123
1580393334 124
1580404348 125
1580418110 126
1580419059 127
1580472399 128
1580484853 129
1580495775 130
1580545588 131
1580546975 132
1580547601 133
1580549272 134
1580555486 135
1580559931 136
1580571642 137
1580596569 138
1580647089 139
1580654725 140
1580659674 141
1580740545 142
1580740922 143
1580762786 144
1580858244 145
1580920567 146
1580986937 147
1581070613 148
1581159381 149
1581159953 150
1581183489 151
1581187306 152
1581193042 153
1581334312 154
1581339543 155
1581414559 156
1581428997 157
1581435264 158
1581509957 159
1581585241 160
1581635783 161
1581646190 162
1581770395 163
1582385296 164
1582391951 165
1582423902 166
1582457845 167
1582483015 168
1582497493 169
1582549914 170
1582554319 171
1582555762 172
1582558442 173
1582559505 174
1582561004 175
1582562717 176
1582563983 177
1582568627 178
1582573286 179
1582573993 180
1582575979 181
1582620595 182
1582627726 183
1582630853 184
1582631966 185
1582638763 186
1582641162 187
1582643188 188
1582645706 189
1582651225 190
1582666546 191
1582673226 192
1582717298 193
1582722355 194
1582728811 195
1582732714 196
1582754587 197
1582755496 198
1582786046 199
1582803516 200
1582809112 201
1582809645 202
1582810821 203
1582833326 204
1582836786 205
1582838314 206
1582839768 207
1582841279 208
1582849603 209
1582870865 210
1582876968 211
1582899158 212
1582899172 213
1582902555 214
1582906321 215
1582909276 216
1582918892 217
1582920244 218
1582922689 219
1582962218 220
1582994276 221
1583005014 222
1583006481 223
1583011724 224
1583013290 225
1583065191 226
1583072042 227
1583082260 228
1583087673 229
1583091915 230
1583095000 231
1583100276 232
1583131695 233
1583136924 234
1583143847 235
1583148676 236
1583151672 237
1583155695 238
1583158490 239
1583159875 240
1583168876 241
1583187874 242
1583220371 243
1583238361 244
1583239723 245
1583246002 246
1583249276 247
1583260664 248
1583268079 249
1583271259 250
1583278055 251
1583316804 252
1583326008 253
1583326851 254
1583329707 255
1583329766 256
1583337199 257
1583398157 258
1583405206 259
1583410520 260
1583432622 261
1583432997 262
1583434109 263
1583437268 264
1583438645 265
1583446175 266
1583451252 267
1583455362 268
1583489104 269
1583490809 270
1583491793 271
1583502357 272
1583502776 273
1583504046 274
1583518309 275
1583523014 276
1583523508 277
1583526375 278
1583543124 279
1583608959 280
1583614769 281
1583625739 282
1583663416 283
1583700177 284
1583724944 285
1583744788 286
1583757348 287
1583763567 288
1583772231 289
1583778825 290
1583782888 291
1583784344 292
1583791485 293
1583826500 294
1583848213 295
1583916382 296
1583918962 297
1583933197 298
1583951652 299
1583988858 300
1583998732 301
1584001484 302
1584009266 303
1584009316 304
1584021612 305
1584030778 306
1584042253 307
1584043316 308
1584043330 309
1584043391 310
1584043765 311
1584044318 312
1584044722 313
1584045733 314
1584048984 315
1584050949 316
1584055645 317
1584088150 318
1584091257 319
1584105279 320
1584125525 321
1584127174 322
1584147330 323
1584149891 324
1584186496 325
1584196519 326
1584197030 327
1584203493 328
1584212096 329
1584213881 330
1584217074 331
1584217468 332
1584217584 333
1584218398 334
1584218747 335
1584223121 336
1584228655 337
1584230471 338
1584231836 339
1584235319 340
1584259794 341
1584269354 342
1584271431 343
1584271870 344
1584273731 345
1584279118 346
1584284060 347
1584291410 348
1584293788 349
1584294775 350
1584303737 351
1584309219 352
1584310953 353
1584318635 354
1584355923 355
1584364939 356
1584373996 357
1584374822 358
1584382435 359
1584388677 360
1584389629 361
1584394351 362
1584397135 363
1584398423 364
1584399325 365
1584404183 366
1584439057 367
1584463592 368
1584478380 369
1584532336 370
1584543159 371
1584543941 372
1584570380 373
1584630607 374
1584632885 375
1584703510 376
1584716945 377
1584732857 378
1584736744 379
1584756675 380
1584757668 381
1584800258 382
1584810580 383
1584829731 384
1584842394 385
1584870156 386
1584902064 387
1584912895 388
1584922910 389
1584974040 390
1584976807 391
1584979589 392
1584980772 393
1584987113 394
1585311899 395
1585328026 396
1585333771 397
1585356371 398
1585361662 399
1585387998 400
1585389750 401
1585400478 402
1585421386 403
1585430555 404
1585479263 405
1585597177 406
1585782160 407
1585784845 408
1586024419 409
1586125852 410
1586166331 411
1586180464 412
1586287352 413
1586352309 414
1586526174 415
1586623848 416
1586707820 417
1586819093 418
1587073381 419
1587299017 420
1587402510 421
1587471890 422
1587539243 423
1587647615 424
1587891002 425
1588163866 426
1588335402 427
1588422315 428
1588756707 429
1590060606 430
1590674666 431
1590687933 432
1592837643 433
1592898386 434
1593459816 435
1594303365 436
1595090195 437
1595680752 438
1597020246 439
1597688266 440
1597846742 441
1598197407 442
1598216779 443
1598963997 444
1599039249 445
1599177289 446
1600070298 447
1600499517 448
1600953505 449
1600979095 450
1601051821 451
1601919560 452
1602777054 453
1602846289 454
1602851214 455
1603288843 456
1603664813 457
1603739185 458
1603809948 459
1603825136 460
1603917077 461
1603968950 462
1604164219 463
1604601222 464
1606514217 465
1606742238 466
1607166479 467
1608504240 468
1609087530 469
1609422200 470
1609449216 471
1609603871 472
1609617098 473
1609619072 474
1609717855 475
1609788707 476
1609919236 477
1609935225 478
1610018327 479
1610036836 480
1610180768 481
1610277207 482
1610302473 483
1610362316 484
