1580083200 232 11 221
1580688000 385 25 360
1581292800 440 33 407
1581897600 475 40 435
1582502400 503 45 458
1583107200 759 64 695
1583712000 1019 106 913
1584316800 1527 216 1311
1584921600 2016 455 1561
1585526400 2180 592 1588
1586131200 2253 695 1558
1586736000 2316 785 1531
1587340800 2380 866 1514
1587945600 2414 928 1486
1588550400 2438 991 1447
1589155200 2460 1043 1417
1589760000 2474 1075 1399
1590364800 2486 1095 1391
1590969600 2497 1128 1369
1591574400 2501 1150 1351
1592179200 2502 1162 1340
1592784000 2504 1174 1330
1593388800 2512 1188 1324
1593993600 2515 1193 1322
1594598400 2519 1203 1316
1595203200 2524 1216 1308
1595808000 2531 1231 1300
1596412800 2538 1243 1295
1597017600 2546 1262 1284
1597622400 2557 1287 1270
1598227200 2568 1305 1263
1598832000 2584 1331 1253
1599436800 2598 1347 1251
1600041600 2610 1372 1238
1600646400 2619 1395 1224
1601251200 2635 1426 1209
1601856000 2644 1448 1196
1602460800 2653 1468 1185
1603065600 2678 1521 1157
1603670400 2698 1565 1133
1604275200 2760 1772 988
1604880000 2774 1876 898
1605484800 2788 1966 822
1606089600 2797 2032 765
1606694400 2799 2099 700
1607299200 2810 2138 672
1607904000 2820 2233 587
1608508800 2830 2366 464
1609113600 2836 2395 441
