1579611316 1
1579611555 2
1579611751 3
1579613366 4
1579617811 5
1579621979 6
1579622150 7
1579627499 8
1579629367 9
1579630675 10
1579630765 11
1579631666 12
1579636944 13
1579639995 14
1579640280 15
1579640775 16
1579646008 17
1579678473 18
1579693339 19
1579724250 20
1579727123 21
1579727177 22
1579727975 23
1579730378 24
1579730809 25
1579733220 26
1579734009 27
1579734215 28
1579734792 29
1579735590 30
1579737627 31
1579738363 32
1579740900 33
1579742068 34
1579760592 35
1579772175 36
1579775467 37
1579776449 38
1579777951 39
1579778672 40
1579778830 41
1579784057 42
1579784270 43
1579784502 44
1579787783 45
1579791432 46
1579792908 47
1579792912 48
1579793285 49
1579793640 50
1579793677 51
1579802143 52
1579805056 53
1579806529 54
1579811179 55
1579821659 56
1579822944 57
1579823091 58
1579826431 59
1579827367 60
1579840018 61
1579844499 62
1579849146 63
1579849340 64
1579852403 65
1579853947 66
1579854262 67
1579858552 68
1579858590 69
1579858604 70
1579861015 71
1579861671 72
1579863724 73
1579870016 74
1579870844 75
1579871363 76
1579872263 77
1579873194 78
1579874713 79
1579875857 80
1579877603 81
1579880211 82
1579880806 83
1579885751 84
1579886544 85
1579886746 86
1579887026 87
1579887245 88
1579888707 89
1579890751 90
1579892037 91
1579897192 92
1579897615 93
1579897628 94
1579898020 95
1579898093 96
1579898104 97
1579898295 98
1579898366 99
1579899120 100
1579899597 101
1579899783 102
1579899824 103
1579900037 104
1579900093 105
1579900136 106
1579900290 107
1579900351 108
1579900500 109
1579900515 110
1579900888 111
1579901083 112
1579901210 113
1579901630 114
1579901787 115
1579901886 116
1579901916 117
1579902344 118
1579903110 119
1579904004 120
1579904013 121
1579904655 122
1579904674 123
1579904963 124
1579905912 125
1579906049 126
1579906055 127
1579906227 128
1579906351 129
1579906556 130
1579906859 131
1579906939 132
1579906979 133
1579907338 134
1579908229 135
1579908293 136
1579908329 137
1579908840 138
1579909219 139
1579911342 140
1579915186 141
1579915723 142
1579916416 143
1579917298 144
1579917630 145
1579919733 146
1579920712 147
1579922026 148
1579924938 149
1579934676 150
1579938071 151
1579938750 152
1579939400 153
1579940047 154
1579943548 155
1579943708 156
1579943871 157
1579944323 158
1579944902 159
1579946835 160
1579947236 161
1579947909 162
1579949445 163
1579949468 164
1579949652 165
1579949677 166
1579950448 167
1579950615 168
1579951014 169
1579951945 170
1579953209 171
1579956895 172
1579957886 173
1579957910 174
1579958003 175
1579958330 176
1579961352 177
1579961635 178
1579962300 179
1579962525 180
1579962557 181
1579964705 182
1579966349 183
1579966383 184
1579967323 185
1579967349 186
1579968270 187
1579969765 188
1579972703 189
1579972896 190
1579973982 191
1579975431 192
1579975776 193
1579976055 194
1579976177 195
1579976762 196
1579977121 197
1579978580 198
1579979761 199
1579979940 200
1579982056 201
1579982100 202
1579984623 203
1579986219 204
1579987781 205
1579990366 206
1579995294 207
1579999312 208
1580021099 209
1580023491 210
1580025385 211
1580032617 212
1580032644 213
1580034093 214
1580036233 215
1580036556 216
1580037245 217
1580039617 218
1580039816 219
1580040653 220
1580041049 221
1580041576 222
1580044253 223
1580056459 224
1580063156 225
1580069107 226
1580072563 227
1580073364 228
1580077054 229
1580077921 230
1580078790 231
1580079026 232
1580081552 233
1580082532 234
1580109046 235
1580116947 236
1580118638 237
1580119156 238
1580121793 239
1580122138 240
1580129294 241
1580129688 242
1580130647 243
1580133359 244
1580134245 245
1580135310 246
1580135506 247
1580135682 248
1580137293 249
1580139983 250
1580140796 251
1580141917 252
1580142357 253
1580143850 254
1580145999 255
1580147519 256
1580148839 257
1580149825 258
1580149929 259
1580149994 260
1580150937 261
1580152565 262
1580153583 263
1580157337 264
1580157604 265
1580162604 266
1580163235 267
1580163355 268
1580179150 269
1580180392 270
1580186044 271
1580200461 272
1580204608 273
1580205290 274
1580208217 275
1580208891 276
1580209087 277
1580209441 278
1580209664 279
1580209714 280
1580210960 281
1580214064 282
1580214642 283
1580214715 284
1580215430 285
1580218095 286
1580218312 287
1580234905 288
1580237499 289
1580239491 290
1580239614 291
1580239642 292
1580240823 293
1580242009 294
1580242271 295
1580244435 296
1580246007 297
1580250782 298
1580252123 299
1580263337 300
1580266899 301
1580281426 302
1580286821 303
1580289227 304
1580291450 305
1580291926 306
1580292256 307
1580293317 308
1580293461 309
1580294692 310
1580295949 311
1580297046 312
1580304197 313
1580305313 314
1580308050 315
1580309486 316
1580314182 317
1580328596 318
1580329136 319
1580333196 320
1580334924 321
1580341579 322
1580352894 323
1580361242 324
1580372528 325
1580378199 326
1580378646 327
1580379102 328
1580380689 329
1580381070 330
1580381504 331
1580383871 332
1580386391 333
1580389339 334
1580390124 335
1580393334 336
1580396988 337
1580397439 338
1580404348 339
1580418110 340
1580418279 341
1580419059 342
1580420960 343
1580425672 344
1580460065 345
1580461280 346
1580464664 347
1580468550 348
1580472399 349
1580473279 350
1580474163 351
1580477055 352
1580478927 353
1580484853 354
1580487904 355
1580494200 356
1580495775 357
1580495851 358
1580497424 359
1580503648 360
1580503712 361
1580505690 362
1580518207 363
1580545588 364
1580546975 365
1580547601 366
1580549272 367
1580554637 368
1580555486 369
1580559931 370
1580563178 371
1580571642 372
1580596569 373
1580597746 374
1580602005 375
1580611880 376
1580615662 377
1580641210 378
1580641805 379
1580645299 380
1580647089 381
1580654725 382
1580655562 383
1580659674 384
1580673381 385
1580682687 386
1580684741 387
1580699492 388
1580716630 389
1580721735 390
1580724385 391
1580728884 392
1580740545 393
1580740922 394
1580744082 395
1580748471 396
1580762786 397
1580768440 398
1580772379 399
1580802759 400
1580819234 401
1580825801 402
1580836548 403
1580837864 404
1580843552 405
1580858244 406
1580866186 407
1580889641 408
1580905759 409
1580913537 410
1580916749 411
1580920567 412
1580921681 413
1580921851 414
1580927084 415
1580936329 416
1580978260 417
1580986937 418
1581010663 419
1581061851 420
1581070613 421
1581072844 422
1581074277 423
1581086123 424
1581094415 425
1581098706 426
1581118315 427
1581157548 428
1581158479 429
1581159381 430
1581159953 431
1581161411 432
1581162629 433
1581172511 434
1581176407 435
1581177359 436
1581181207 437
1581183489 438
1581187306 439
1581188385 440
1581193042 441
1581195345 442
1581324821 443
1581331161 444
1581331394 445
1581334312 446
1581339543 447
1581357967 448
1581370515 449
1581412981 450
1581414559 451
1581419656 452
1581428997 453
1581429752 454
1581435264 455
1581442081 456
1581445993 457
1581449554 458
1581450308 459
1581496171 460
1581509957 461
1581513139 462
1581546660 463
1581581725 464
1581582731 465
1581585241 466
1581585824 467
1581594387 468
1581610854 469
1581612353 470
1581635783 471
1581646190 472
1581679386 473
1581770395 474
1581771472 475
1581798034 476
1581884638 477
1581924361 478
1581943066 479
1581953185 480
1581983608 481
1581998295 482
1582116561 483
1582141950 484
1582220672 485
1582272984 486
1582282745 487
1582284629 488
1582326576 489
1582377942 490
1582385296 491
1582390772 492
1582391951 493
1582396817 494
1582402425 495
1582410431 496
1582420665 497
1582423902 498
1582456071 499
1582457845 500
1582461884 501
1582463236 502
1582482830 503
1582483015 504
1582497493 505
1582497549 506
1582535958 507
1582537820 508
1582541375 509
1582544318 510
1582546289 511
1582547431 512
1582549050 513
1582549138 514
1582549914 515
1582554319 516
1582555618 517
1582555659 518
1582555762 519
1582558310 520
1582558442 521
1582559505 522
1582561004 523
1582561573 524
1582561978 525
1582562195 526
1582562717 527
1582563983 528
1582565270 529
1582565759 530
1582568627 531
1582571134 532
1582573286 533
1582573993 534
1582575979 535
1582581666 536
1582598944 537
1582614333 538
1582615975 539
1582620595 540
1582622443 541
1582627726 542
1582628613 543
1582629053 544
1582630446 545
1582630853 546
1582631966 547
1582633462 548
1582638628 549
1582638763 550
1582640340 551
1582641162 552
1582642459 553
1582643188 554
1582645706 555
1582646299 556
1582648592 557
1582650461 558
1582651225 559
1582655012 560
1582655306 561
1582655367 562
1582659266 563
1582659301 564
1582662828 565
1582665550 566
1582666546 567
1582668436 568
1582673226 569
1582673343 570
1582702480 571
1582712684 572
1582714369 573
1582715238 574
1582715729 575
1582716039 576
1582717298 577
1582720744 578
1582722355 579
1582724283 580
1582724605 581
1582725429 582
1582728811 583
1582732492 584
1582732619 585
1582732714 586
1582733528 587
1582734922 588
1582735067 589
1582735408 590
1582735601 591
1582736182 592
1582737595 593
1582738899 594
1582739226 595
1582740609 596
1582744299 597
1582745431 598
1582747271 599
1582752458 600
1582753999 601
1582754587 602
1582754765 603
1582755496 604
1582781146 605
1582785858 606
1582786046 607
1582795284 608
1582797060 609
1582797451 610
1582797889 611
1582799164 612
1582801259 613
1582802861 614
1582803516 615
1582805661 616
1582806431 617
1582809112 618
1582809645 619
1582810821 620
1582811578 621
1582811752 622
1582818178 623
1582822971 624
1582826009 625
1582827871 626
1582833326 627
1582836786 628
1582837282 629
1582838314 630
1582838841 631
1582839768 632
1582841199 633
1582841279 634
1582842132 635
1582843507 636
1582843895 637
1582846870 638
1582847664 639
1582849603 640
1582851554 641
1582854281 642
1582870865 643
1582872089 644
1582873197 645
1582876968 646
1582879735 647
1582880484 648
1582880893 649
1582882183 650
1582883645 651
1582883970 652
1582884112 653
1582886279 654
1582886664 655
1582887068 656
1582888323 657
1582888836 658
1582889001 659
1582890578 660
1582891735 661
1582893249 662
1582894109 663
1582897018 664
1582899158 665
1582899172 666
1582900772 667
1582901583 668
1582901972 669
1582902555 670
1582903999 671
1582906321 672
1582909276 673
1582911754 674
1582912062 675
1582913556 676
1582918759 677
1582918892 678
1582919023 679
1582919717 680
1582920244 681
1582922689 682
1582923317 683
1582923575 684
1582923783 685
1582928171 686
1582931983 687
1582933156 688
1582935651 689
1582939292 690
1582957039 691
1582959634 692
1582960509 693
1582962218 694
1582962507 695
1582967196 696
1582973475 697
1582974341 698
1582976265 699
1582976268 700
1582978340 701
1582986017 702
1582986686 703
1582987636 704
1582990379 705
1582990926 706
1582992395 707
1582992628 708
1582993180 709
1582994276 710
1582998494 711
1582999938 712
1583000348 713
1583000756 714
1583002524 715
1583005014 716
1583005185 717
1583005572 718
1583006131 719
1583006155 720
1583006481 721
1583010269 722
1583010636 723
1583010946 724
1583011724 725
1583013290 726
1583013644 727
1583015969 728
1583017232 729
1583018787 730
1583021646 731
1583044078 732
1583049042 733
1583058550 734
1583061724 735
1583062578 736
1583065191 737
1583072042 738
1583074110 739
1583077462 740
1583080027 741
1583082260 742
1583083304 743
1583084335 744
1583085795 745
1583087673 746
1583089711 747
1583090422 748
1583090849 749
1583091164 750
1583091777 751
1583091915 752
1583093498 753
1583093790 754
1583093841 755
1583095000 756
1583100276 757
1583100396 758
1583101696 759
1583102192 760
1583103340 761
1583105552 762
1583108849 763
1583115640 764
1583131695 765
1583132180 766
1583132608 767
1583136924 768
1583142250 769
1583143847 770
1583148676 771
1583148926 772
1583151672 773
1583151695 774
1583151823 775
1583153334 776
1583154010 777
1583155665 778
1583155695 779
1583156047 780
1583157797 781
1583158490 782
1583159875 783
1583160067 784
1583162859 785
1583164380 786
1583165324 787
1583167820 788
1583168212 789
1583168388 790
1583168876 791
1583170301 792
1583170607 793
1583170657 794
1583176121 795
1583176819 796
1583181768 797
1583184677 798
1583184726 799
1583184797 800
1583185240 801
1583186026 802
1583186484 803
1583186961 804
1583187874 805
1583189093 806
1583190945 807
1583193331 808
1583193843 809
1583196207 810
1583198653 811
1583220371 812
1583226444 813
1583228639 814
1583233159 815
1583235269 816
1583238361 817
1583238806 818
1583239491 819
1583239723 820
1583240739 821
1583241226 822
1583244336 823
1583246002 824
1583246336 825
1583247714 826
1583249219 827
1583249276 828
1583254819 829
1583255173 830
1583257851 831
1583260664 832
1583261701 833
1583265172 834
1583265571 835
1583265761 836
1583266056 837
1583266872 838
1583268079 839
1583269982 840
1583271259 841
1583271873 842
1583278055 843
1583279920 844
1583306960 845
1583307812 846
1583312153 847
1583316804 848
1583317287 849
1583317526 850
1583322666 851
1583323546 852
1583324701 853
1583326008 854
1583326796 855
1583326851 856
1583329707 857
1583329766 858
1583332387 859
1583333553 860
1583333785 861
1583335222 862
1583335783 863
1583337199 864
1583337975 865
1583338335 866
1583344069 867
1583346646 868
1583347076 869
1583348858 870
1583350184 871
1583352957 872
1583353853 873
1583359476 874
1583359624 875
1583364588 876
1583372542 877
1583380549 878
1583387023 879
1583390165 880
1583391427 881
1583396050 882
1583397004 883
1583398157 884
1583398264 885
1583399990 886
1583402131 887
1583404628 888
1583404933 889
1583405206 890
1583405779 891
1583407969 892
1583410520 893
1583410746 894
1583411088 895
1583413297 896
1583413520 897
1583415867 898
1583417396 899
1583420357 900
1583421541 901
1583423911 902
1583425391 903
1583426054 904
1583426515 905
1583428076 906
1583431629 907
1583432622 908
1583432997 909
1583434109 910
1583437042 911
1583437268 912
1583437934 913
1583438645 914
1583439390 915
1583440606 916
1583442074 917
1583444599 918
1583444894 919
1583446175 920
1583448634 921
1583451252 922
1583455362 923
1583456117 924
1583460415 925
1583481795 926
1583482837 927
1583486516 928
1583487723 929
1583487750 930
1583488161 931
1583489104 932
1583489620 933
1583490809 934
1583491793 935
1583493356 936
1583494195 937
1583498447 938
1583500372 939
1583502357 940
1583502776 941
1583502942 942
1583503109 943
1583504046 944
1583504220 945
1583506390 946
1583506817 947
1583507778 948
1583507851 949
1583508542 950
1583512801 951
1583516683 952
1583518309 953
1583521633 954
1583523014 955
1583523508 956
1583525044 957
1583525210 958
1583526375 959
1583531166 960
1583533921 961
1583538214 962
1583539557 963
1583543124 964
1583548163 965
1583570868 966
1583572314 967
1583572469 968
1583574314 969
1583580628 970
1583584152 971
1583584677 972
1583587384 973
1583589852 974
1583594211 975
1583596315 976
1583599326 977
1583601605 978
1583604168 979
1583608959 980
1583609464 981
1583611726 982
1583613775 983
1583614769 984
1583614870 985
1583615655 986
1583616071 987
1583619428 988
1583625565 989
1583625739 990
1583633920 991
1583637915 992
1583638146 993
1583646243 994
1583655198 995
1583660557 996
1583662122 997
1583663416 998
1583667935 999
1583669007 1000
1583670517 1001
1583672828 1002
1583673059 1003
1583673226 1004
1583675607 1005
1583679377 1006
1583680251 1007
1583680914 1008
1583684085 1009
1583685229 1010
1583690335 1011
1583692576 1012
1583694339 1013
1583696780 1014
1583699910 1015
1583700177 1016
1583703376 1017
1583706195 1018
1583706383 1019
1583706602 1020
1583709824 1021
1583711113 1022
1583713283 1023
1583715360 1024
1583724944 1025
1583734573 1026
1583737708 1027
1583744677 1028
1583744788 1029
1583745880 1030
1583746584 1031
1583755915 1032
1583757348 1033
1583757420 1034
1583761852 1035
1583762414 1036
1583763398 1037
1583763567 1038
1583767396 1039
1583768343 1040
1583768722 1041
1583770805 1042
1583771803 1043
1583771869 1044
1583772231 1045
1583772333 1046
1583772465 1047
1583776537 1048
1583778825 1049
1583782810 1050
1583782888 1051
1583784344 1052
1583785090 1053
1583785928 1054
1583786999 1055
1583787396 1056
1583790111 1057
1583790496 1058
1583791485 1059
1583794288 1060
1583795516 1061
1583799918 1062
1583800180 1063
1583800460 1064
1583801264 1065
1583816476 1066
1583826500 1067
1583827615 1068
1583832091 1069
1583832986 1070
1583834461 1071
1583836407 1072
1583839480 1073
1583839881 1074
1583840635 1075
1583841059 1076
1583842421 1077
1583843509 1078
1583844807 1079
1583844963 1080
1583847478 1081
1583848213 1082
1583849807 1083
1583853754 1084
1583855305 1085
1583855713 1086
1583859888 1087
1583863946 1088
1583865779 1089
1583866945 1090
1583870780 1091
1583871684 1092
1583898259 1093
1583911358 1094
1583912331 1095
1583912883 1096
1583913184 1097
1583916382 1098
1583918962 1099
1583920638 1100
1583922046 1101
1583933197 1102
1583934954 1103
1583937801 1104
1583940791 1105
1583941386 1106
1583945865 1107
1583947908 1108
1583949421 1109
1583949647 1110
1583951652 1111
1583952568 1112
1583953323 1113
1583954390 1114
1583954753 1115
1583957008 1116
1583958576 1117
1583961415 1118
1583961419 1119
1583961950 1120
1583963329 1121
1583963615 1122
1583964215 1123
1583965735 1124
1583968352 1125
1583969483 1126
1583969544 1127
1583970080 1128
1583971804 1129
1583973557 1130
1583974878 1131
1583976073 1132
1583980767 1133
1583980807 1134
1583988858 1135
1583989126 1136
1583992428 1137
1583998732 1138
1584000090 1139
1584000892 1140
1584001484 1141
1584003074 1142
1584003794 1143
1584007557 1144
1584007776 1145
1584008348 1146
1584009266 1147
1584009297 1148
1584009316 1149
1584009865 1150
1584011401 1151
1584012897 1152
1584013359 1153
1584013582 1154
1584014076 1155
1584017842 1156
1584019384 1157
1584020001 1158
1584021612 1159
1584022009 1160
1584022269 1161
1584024031 1162
1584025706 1163
1584025998 1164
1584029582 1165
1584030426 1166
1584030778 1167
1584033341 1168
1584033602 1169
1584035120 1170
1584036545 1171
1584039510 1172
1584039668 1173
1584040451 1174
1584041336 1175
1584042253 1176
1584042361 1177
1584042823 1178
1584043275 1179
1584043316 1180
1584043330 1181
1584043351 1182
1584043367 1183
1584043391 1184
1584043427 1185
1584043476 1186
1584043515 1187
1584043631 1188
1584043646 1189
1584043738 1190
1584043765 1191
1584043816 1192
1584044318 1193
1584044373 1194
1584044405 1195
1584044722 1196
1584044814 1197
1584044872 1198
1584045196 1199
1584045216 1200
1584045454 1201
1584045733 1202
1584047255 1203
1584047733 1204
1584047857 1205
1584047957 1206
1584048272 1207
1584048799 1208
1584048984 1209
1584049489 1210
1584049823 1211
1584050059 1212
1584050165 1213
1584050949 1214
1584051150 1215
1584051350 1216
1584052701 1217
1584052927 1218
1584053131 1219
1584054807 1220
1584055601 1221
1584055645 1222
1584056053 1223
1584057057 1224
1584057757 1225
1584058901 1226
1584059485 1227
1584059849 1228
1584060080 1229
1584071834 1230
1584075439 1231
1584079510 1232
1584079568 1233
1584080401 1234
1584081554 1235
1584082531 1236
1584083341 1237
1584087096 1238
1584088091 1239
1584088150 1240
1584090231 1241
1584091257 1242
1584092550 1243
1584093655 1244
1584094450 1245
1584095317 1246
1584096938 1247
1584098998 1248
1584100275 1249
1584101767 1250
1584102150 1251
1584102553 1252
1584104796 1253
1584105279 1254
1584106094 1255
1584106438 1256
1584106816 1257
1584107665 1258
1584109653 1259
1584110896 1260
1584111891 1261
1584114441 1262
1584114458 1263
1584114937 1264
1584118451 1265
1584119351 1266
1584120803 1267
1584122433 1268
1584122583 1269
1584125525 1270
1584125721 1271
1584125944 1272
1584126229 1273
1584127174 1274
1584127716 1275
1584128617 1276
1584129430 1277
1584131970 1278
1584132939 1279
1584133610 1280
1584135937 1281
1584136241 1282
1584136491 1283
1584136753 1284
1584137422 1285
1584137585 1286
1584137812 1287
1584137986 1288
1584138104 1289
1584139102 1290
1584140004 1291
1584141095 1292
1584145853 1293
1584147330 1294
1584149891 1295
1584166434 1296
1584176087 1297
1584177771 1298
1584179949 1299
1584181088 1300
1584181360 1301
1584181985 1302
1584183437 1303
1584184029 1304
1584184613 1305
1584186496 1306
1584186875 1307
1584187272 1308
1584189358 1309
1584189688 1310
1584190967 1311
1584192993 1312
1584193804 1313
1584194806 1314
1584196516 1315
1584196519 1316
1584196982 1317
1584197030 1318
1584198538 1319
1584201100 1320
1584201823 1321
1584202937 1322
1584203493 1323
1584207487 1324
1584209232 1325
1584209496 1326
1584209943 1327
1584212096 1328
1584213881 1329
1584214174 1330
1584214618 1331
1584215222 1332
1584215272 1333
1584215574 1334
1584215953 1335
1584216016 1336
1584216111 1337
1584217017 1338
1584217074 1339
1584217468 1340
1584217510 1341
1584217584 1342
1584217661 1343
1584217728 1344
1584217938 1345
1584218130 1346
1584218398 1347
1584218437 1348
1584218609 1349
1584218747 1350
1584218752 1351
1584218757 1352
1584218921 1353
1584218926 1354
1584219054 1355
1584219306 1356
1584219923 1357
1584220291 1358
1584220401 1359
1584220750 1360
1584220857 1361
1584220896 1362
1584221080 1363
1584221491 1364
1584221565 1365
1584221656 1366
1584221664 1367
1584221734 1368
1584222221 1369
1584222342 1370
1584222407 1371
1584223121 1372
1584223446 1373
1584223522 1374
1584223806 1375
1584224552 1376
1584224728 1377
1584225157 1378
1584225463 1379
1584225948 1380
1584226030 1381
1584226387 1382
1584226730 1383
1584227310 1384
1584228224 1385
1584228448 1386
1584228655 1387
1584228709 1388
1584228762 1389
1584230471 1390
1584230508 1391
1584230633 1392
1584231105 1393
1584231127 1394
1584231836 1395
1584232760 1396
1584233485 1397
1584233602 1398
1584234405 1399
1584235319 1400
1584235329 1401
1584235456 1402
1584235846 1403
1584236160 1404
1584237774 1405
1584252017 1406
1584254250 1407
1584256800 1408
1584258453 1409
1584259587 1410
1584259794 1411
1584259941 1412
1584261510 1413
1584261600 1414
1584261735 1415
1584263044 1416
1584263125 1417
1584263314 1418
1584263727 1419
1584265334 1420
1584266719 1421
1584267366 1422
1584268067 1423
1584268285 1424
1584268451 1425
1584268453 1426
1584269354 1427
1584271431 1428
1584271621 1429
1584271870 1430
1584271991 1431
1584272080 1432
1584272379 1433
1584272453 1434
1584273427 1435
1584273705 1436
1584273731 1437
1584273797 1438
1584273824 1439
1584274228 1440
1584275060 1441
1584275106 1442
1584275526 1443
1584276423 1444
1584277364 1445
1584279118 1446
1584280143 1447
1584280207 1448
1584280658 1449
1584281015 1450
1584282583 1451
1584282818 1452
1584283191 1453
1584284060 1454
1584284093 1455
1584285493 1456
1584286721 1457
1584287018 1458
1584287107 1459
1584287449 1460
1584287556 1461
1584288969 1462
1584289446 1463
1584290342 1464
1584291410 1465
1584291824 1466
1584292255 1467
1584292483 1468
1584292899 1469
1584292998 1470
1584293260 1471
1584293396 1472
1584293589 1473
1584293641 1474
1584293788 1475
1584294018 1476
1584294123 1477
1584294397 1478
1584294643 1479
1584294775 1480
1584295196 1481
1584295349 1482
1584295528 1483
1584295551 1484
1584296028 1485
1584296132 1486
1584297020 1487
1584297051 1488
1584297172 1489
1584298096 1490
1584298541 1491
1584299300 1492
1584299330 1493
1584299433 1494
1584300024 1495
1584300239 1496
1584301560 1497
1584301598 1498
1584302599 1499
1584303481 1500
1584303737 1501
1584304546 1502
1584304546 1503
1584304863 1504
1584304882 1505
1584305241 1506
1584305456 1507
1584305965 1508
1584306014 1509
1584306689 1510
1584307247 1511
1584307335 1512
1584307473 1513
1584308454 1514
1584309219 1515
1584310057 1516
1584310339 1517
1584310654 1518
1584310953 1519
1584311800 1520
1584311899 1521
1584311959 1522
1584312368 1523
1584312433 1524
1584312637 1525
1584313412 1526
1584313855 1527
1584314495 1528
1584314586 1529
1584315039 1530
1584318635 1531
1584320675 1532
1584322907 1533
1584322974 1534
1584324385 1535
1584325782 1536
1584328234 1537
1584328789 1538
1584329646 1539
1584335305 1540
1584339301 1541
1584341464 1542
1584342243 1543
1584342803 1544
1584344641 1545
1584344840 1546
1584345456 1547
1584346635 1548
1584346691 1549
1584346978 1550
1584347593 1551
1584347607 1552
1584347911 1553
1584348544 1554
1584348810 1555
1584349240 1556
1584349615 1557
1584351189 1558
1584351422 1559
1584352274 1560
1584352706 1561
1584352806 1562
1584353819 1563
1584354266 1564
1584354402 1565
1584355192 1566
1584355466 1567
1584355923 1568
1584356336 1569
1584356396 1570
1584356462 1571
1584356723 1572
1584356886 1573
1584357079 1574
1584357590 1575
1584357965 1576
1584358281 1577
1584358295 1578
1584358947 1579
1584359105 1580
1584359423 1581
1584359497 1582
1584359592 1583
1584359750 1584
1584360103 1585
1584360150 1586
1584360428 1587
1584361423 1588
1584362027 1589
1584362632 1590
1584362677 1591
1584362847 1592
1584362882 1593
1584363072 1594
1584363197 1595
1584363815 1596
1584364160 1597
1584364939 1598
1584365561 1599
1584365575 1600
1584366717 1601
1584368013 1602
1584368017 1603
1584368076 1604
1584369862 1605
1584369942 1606
1584370980 1607
1584371232 1608
1584371310 1609
1584372010 1610
1584372211 1611
1584372549 1612
1584373576 1613
1584373765 1614
1584373969 1615
1584373996 1616
1584374822 1617
1584375396 1618
1584375440 1619
1584376089 1620
1584376233 1621
1584376235 1622
1584376760 1623
1584377004 1624
1584377840 1625
1584377924 1626
1584378048 1627
1584378341 1628
1584378406 1629
1584379259 1630
1584379717 1631
1584379972 1632
1584379994 1633
1584380038 1634
1584382435 1635
1584382656 1636
1584382672 1637
1584383414 1638
1584383981 1639
1584384311 1640
1584384715 1641
1584384880 1642
1584385060 1643
1584385111 1644
1584385292 1645
1584385630 1646
1584385633 1647
1584386217 1648
1584386768 1649
1584386977 1650
1584387555 1651
1584388081 1652
1584388104 1653
1584388317 1654
1584388656 1655
1584388677 1656
1584389086 1657
1584389134 1658
1584389164 1659
1584389290 1660
1584389457 1661
1584389629 1662
1584389802 1663
1584389937 1664
1584391129 1665
1584391646 1666
1584391838 1667
1584392509 1668
1584392570 1669
1584392665 1670
1584393432 1671
1584393686 1672
1584394071 1673
1584394251 1674
1584394351 1675
1584395340 1676
1584395914 1677
1584396782 1678
1584396903 1679
1584397049 1680
1584397135 1681
1584397235 1682
1584397371 1683
1584398021 1684
1584398423 1685
1584398612 1686
1584398618 1687
1584398809 1688
1584399170 1689
1584399325 1690
1584400031 1691
1584400404 1692
1584400427 1693
1584400460 1694
1584400951 1695
1584401321 1696
1584402511 1697
1584402626 1698
1584402814 1699
1584403377 1700
1584403668 1701
1584404183 1702
1584404738 1703
1584404799 1704
1584411037 1705
1584411260 1706
1584425548 1707
1584425562 1708
1584428360 1709
1584430319 1710
1584430471 1711
1584431436 1712
1584431867 1713
1584433247 1714
1584433311 1715
1584434985 1716
1584435525 1717
1584436657 1718
1584436945 1719
1584436958 1720
1584438638 1721
1584439057 1722
1584441130 1723
1584441871 1724
1584442072 1725
1584443285 1726
1584443833 1727
1584443922 1728
1584444322 1729
1584444634 1730
1584445251 1731
1584445633 1732
1584446266 1733
1584446346 1734
1584447511 1735
1584447611 1736
1584447649 1737
1584447698 1738
1584448352 1739
1584448433 1740
1584448666 1741
1584449225 1742
1584450078 1743
1584451094 1744
1584451843 1745
1584453048 1746
1584453828 1747
1584454587 1748
1584456251 1749
1584456762 1750
1584456864 1751
1584457880 1752
1584459051 1753
1584459095 1754
1584459371 1755
1584459663 1756
1584460317 1757
1584460331 1758
1584461187 1759
1584462802 1760
1584462843 1761
1584463038 1762
1584463321 1763
1584463364 1764
1584463592 1765
1584464619 1766
1584465037 1767
1584465561 1768
1584465994 1769
1584466028 1770
1584466305 1771
1584466376 1772
1584466443 1773
1584470849 1774
1584472900 1775
1584473887 1776
1584474056 1777
1584474065 1778
1584474341 1779
1584477179 1780
1584478380 1781
1584482613 1782
1584482734 1783
1584483980 1784
1584485518 1785
1584485997 1786
1584489264 1787
1584489904 1788
1584490264 1789
1584490642 1790
1584491238 1791
1584491596 1792
1584516458 1793
1584518900 1794
1584519736 1795
1584521381 1796
1584522966 1797
1584523173 1798
1584523948 1799
1584524651 1800
1584525126 1801
1584525695 1802
1584526297 1803
1584527151 1804
1584528474 1805
1584530077 1806
1584530421 1807
1584531754 1808
1584531983 1809
1584532310 1810
1584532336 1811
1584534894 1812
1584535086 1813
1584535092 1814
1584535418 1815
1584538648 1816
1584539820 1817
1584540049 1818
1584540882 1819
1584541085 1820
1584543159 1821
1584543688 1822
1584543941 1823
1584544153 1824
1584544402 1825
1584544908 1826
1584547426 1827
1584548330 1828
1584548445 1829
1584548994 1830
1584552256 1831
1584553192 1832
1584554057 1833
1584554826 1834
1584555053 1835
1584555817 1836
1584557544 1837
1584558627 1838
1584558724 1839
1584559186 1840
1584559456 1841
1584559526 1842
1584560624 1843
1584561196 1844
1584562554 1845
1584562987 1846
1584563172 1847
1584563644 1848
1584563691 1849
1584565028 1850
1584565405 1851
1584566371 1852
1584567177 1853
1584568495 1854
1584570380 1855
1584571226 1856
1584578348 1857
1584578845 1858
1584579271 1859
1584603667 1860
1584604036 1861
1584604469 1862
1584607740 1863
1584612873 1864
1584614702 1865
1584616339 1866
1584618923 1867
1584619030 1868
1584620707 1869
1584620996 1870
1584622863 1871
1584625355 1872
1584630607 1873
1584631991 1874
1584632885 1875
1584633994 1876
1584636600 1877
1584636858 1878
1584637159 1879
1584639441 1880
1584640741 1881
1584641040 1882
1584644573 1883
1584645527 1884
1584649964 1885
1584653809 1886
1584656110 1887
1584656499 1888
1584658546 1889
1584660096 1890
1584670147 1891
1584677227 1892
1584687656 1893
1584690136 1894
1584692267 1895
1584693849 1896
1584694018 1897
1584694425 1898
1584696987 1899
1584698314 1900
1584698690 1901
1584699077 1902
1584700442 1903
1584702105 1904
1584702278 1905
1584703510 1906
1584703810 1907
1584704184 1908
1584704650 1909
1584705429 1910
1584706296 1911
1584707866 1912
1584710739 1913
1584712099 1914
1584716945 1915
1584718199 1916
1584720083 1917
1584720838 1918
1584721897 1919
1584722315 1920
1584722978 1921
1584723403 1922
1584723771 1923
1584723799 1924
1584724486 1925
1584725420 1926
1584727860 1927
1584727960 1928
1584732857 1929
1584734243 1930
1584734344 1931
1584734704 1932
1584735101 1933
1584736301 1934
1584736744 1935
1584737966 1936
1584737972 1937
1584738023 1938
1584740330 1939
1584740400 1940
1584740682 1941
1584743929 1942
1584745107 1943
1584746236 1944
1584747353 1945
1584749313 1946
1584749771 1947
1584755096 1948
1584756654 1949
1584756675 1950
1584757668 1951
1584771988 1952
1584776215 1953
1584776360 1954
1584785020 1955
1584786444 1956
1584790755 1957
1584793983 1958
1584794520 1959
1584796003 1960
1584800258 1961
1584800351 1962
1584800485 1963
1584808466 1964
1584810580 1965
1584816006 1966
1584816530 1967
1584816715 1968
1584820419 1969
1584820638 1970
1584822807 1971
1584823233 1972
1584826291 1973
1584826700 1974
1584827001 1975
1584829731 1976
1584829988 1977
1584831484 1978
1584833133 1979
1584833292 1980
1584833711 1981
1584835338 1982
1584836185 1983
1584842394 1984
1584844297 1985
1584848947 1986
1584859364 1987
1584864825 1988
1584864858 1989
1584867378 1990
1584869616 1991
1584870156 1992
1584870476 1993
1584874411 1994
1584876458 1995
1584878907 1996
1584882275 1997
1584883291 1998
1584885004 1999
1584885828 2000
1584887480 2001
1584892537 2002
1584892582 2003
1584894447 2004
1584898106 2005
1584901804 2006
1584902064 2007
1584906437 2008
1584907450 2009
1584907891 2010
1584911090 2011
1584911108 2012
1584912895 2013
1584914530 2014
1584916381 2015
1584916972 2016
1584918155 2017
1584919668 2018
1584920397 2019
1584922415 2020
1584922910 2021
1584927024 2022
1584942277 2023
1584947455 2024
1584947476 2025
1584962174 2026
1584963313 2027
1584965033 2028
1584965227 2029
1584969000 2030
1584969036 2031
1584971706 2032
1584972873 2033
1584974040 2034
1584974126 2035
1584976460 2036
1584976533 2037
1584976807 2038
1584977452 2039
1584978015 2040
1584979589 2041
1584980297 2042
1584980772 2043
1584981484 2044
1584982934 2045
1584984735 2046
1584985383 2047
1584987113 2048
1584987935 2049
1584990539 2050
1584994701 2051
1584995707 2052
1584997043 2053
1584999386 2054
1585000496 2055
1585000939 2056
1585002202 2057
1585003050 2058
1585030438 2059
1585038916 2060
1585042190 2061
1585043303 2062
1585044668 2063
1585044738 2064
1585049243 2065
1585062493 2066
1585065861 2067
1585069332 2068
1585070050 2069
1585073473 2070
1585076131 2071
1585082818 2072
1585087377 2073
1585119539 2074
1585123565 2075
1585123787 2076
1585126202 2077
1585126539 2078
1585132908 2079
1585139712 2080
1585150674 2081
1585151330 2082
1585151754 2083
1585156434 2084
1585156497 2085
1585156664 2086
1585157991 2087
1585159248 2088
1585160325 2089
1585163221 2090
1585164365 2091
1585168749 2092
1585169363 2093
1585169819 2094
1585178033 2095
1585180771 2096
1585184143 2097
1585191549 2098
1585217953 2099
1585218593 2100
1585219537 2101
1585228728 2102
1585229842 2103
1585238066 2104
1585240672 2105
1585243652 2106
1585251319 2107
1585251319 2108
1585261803 2109
1585262332 2110
1585263851 2111
1585268345 2112
1585288515 2113
1585301109 2114
1585304706 2115
1585305658 2116
1585310549 2117
1585311433 2118
1585311899 2119
1585314085 2120
1585316504 2121
1585319094 2122
1585319159 2123
1585322469 2124
1585327192 2125
1585328026 2126
1585328490 2127
1585333771 2128
1585346148 2129
1585350976 2130
1585353990 2131
1585356207 2132
1585356371 2133
1585360524 2134
1585361662 2135
1585369988 2136
1585382707 2137
1585386805 2138
1585387998 2139
1585388193 2140
1585389750 2141
1585391338 2142
1585392523 2143
1585392618 2144
1585394792 2145
1585394884 2146
1585396836 2147
1585398129 2148
1585398427 2149
1585400478 2150
1585404098 2151
1585404557 2152
1585412626 2153
1585414574 2154
1585417603 2155
1585419974 2156
1585420272 2157
1585420291 2158
1585421386 2159
1585423320 2160
1585424064 2161
1585430555 2162
1585430645 2163
1585443960 2164
1585445651 2165
1585472433 2166
1585476346 2167
1585479210 2168
1585479263 2169
1585479332 2170
1585483132 2171
1585487616 2172
1585490235 2173
1585490932 2174
1585493515 2175
1585498217 2176
1585499064 2177
1585500286 2178
1585509737 2179
1585514615 2180
1585516106 2181
1585519706 2182
1585524810 2183
1585527163 2184
1585555288 2185
1585556713 2186
1585559913 2187
1585565813 2188
1585570161 2189
1585573744 2190
1585589129 2191
1585596575 2192
1585597177 2193
1585602471 2194
1585602970 2195
1585612585 2196
1585630900 2197
1585648520 2198
1585655891 2199
1585656637 2200
1585657363 2201
1585658180 2202
1585663394 2203
1585663771 2204
1585669104 2205
1585671581 2206
1585673758 2207
1585683070 2208
1585734524 2209
1585747126 2210
1585753528 2211
1585754670 2212
1585771679 2213
1585779285 2214
1585782160 2215
1585784845 2216
1585788319 2217
1585819439 2218
1585824580 2219
1585828269 2220
1585839586 2221
1585845237 2222
1585850566 2223
1585851896 2224
1585863545 2225
1585868544 2226
1585870417 2227
1585896732 2228
1585909362 2229
1585911361 2230
1585922674 2231
1585923276 2232
1585929679 2233
1585930158 2234
1585933597 2235
1585938272 2236
1585956132 2237
1585956148 2238
1585958224 2239
1585958903 2240
1585978559 2241
1585990855 2242
1586018401 2243
1586022561 2244
1586024419 2245
1586033963 2246
1586055536 2247
1586084722 2248
1586094239 2249
1586096921 2250
1586098273 2251
1586106175 2252
1586116282 2253
1586117364 2254
1586124149 2255
1586125852 2256
1586140078 2257
1586166331 2258
1586167324 2259
1586167525 2260
1586173488 2261
1586178654 2262
1586180464 2263
1586180827 2264
1586180969 2265
1586185203 2266
1586196788 2267
1586198448 2268
1586201201 2269
1586204953 2270
1586207756 2271
1586209225 2272
1586209803 2273
1586215370 2274
1586215990 2275
1586217136 2276
1586220876 2277
1586257436 2278
1586257636 2279
1586257793 2280
1586263293 2281
1586267032 2282
1586273011 2283
1586287352 2284
1586291159 2285
1586296495 2286
1586340034 2287
1586344691 2288
1586352309 2289
1586353198 2290
1586366562 2291
1586369200 2292
1586372256 2293
1586374570 2294
1586380714 2295
1586443351 2296
1586444161 2297
1586469718 2298
1586473546 2299
1586480270 2300
1586483090 2301
1586502196 2302
1586526174 2303
1586546792 2304
1586619429 2305
1586623787 2306
1586623848 2307
1586627751 2308
1586628030 2309
1586653267 2310
1586654915 2311
1586688618 2312
1586688908 2313
1586695295 2314
1586696313 2315
1586707820 2316
1586707993 2317
1586711928 2318
1586720951 2319
1586742804 2320
1586768656 2321
1586774139 2322
1586776882 2323
1586808336 2324
1586808458 2325
1586809248 2326
1586809543 2327
1586810787 2328
1586811360 2329
1586812405 2330
1586813743 2331
1586814080 2332
1586814428 2333
1586815525 2334
1586817822 2335
1586819093 2336
1586820709 2337
1586822306 2338
1586822802 2339
1586827138 2340
1586827865 2341
1586861284 2342
1586869759 2343
1586870050 2344
1586872137 2345
1586886578 2346
1586891379 2347
1586893337 2348
1586904795 2349
1586947331 2350
1586950857 2351
1586958467 2352
1586977822 2353
1586979899 2354
1586987719 2355
1587029238 2356
1587059746 2357
1587073381 2358
1587080119 2359
1587136721 2360
1587138812 2361
1587139400 2362
1587140673 2363
1587140774 2364
1587149305 2365
1587168594 2366
1587175508 2367
1587200619 2368
1587208834 2369
1587210213 2370
1587220757 2371
1587223103 2372
1587235686 2373
1587235704 2374
1587238887 2375
1587239610 2376
1587254262 2377
1587261679 2378
1587299017 2379
1587306140 2380
1587320496 2381
1587320779 2382
1587324792 2383
1587339383 2384
1587344879 2385
1587397051 2386
1587402510 2387
1587403093 2388
1587461283 2389
1587471890 2390
1587495926 2391
1587498763 2392
1587499959 2393
1587511870 2394
1587539243 2395
1587549267 2396
1587570243 2397
1587592012 2398
1587595194 2399
1587644363 2400
1587645366 2401
1587647615 2402
1587724929 2403
1587726321 2404
1587729615 2405
1587742326 2406
1587762593 2407
1587819968 2408
1587838120 2409
1587846345 2410
1587856384 2411
1587857274 2412
1587859442 2413
1587860616 2414
1587891002 2415
1587913492 2416
1587933119 2417
1587945481 2418
1588015992 2419
1588086561 2420
1588089493 2421
1588090888 2422
1588093201 2423
1588113491 2424
1588149741 2425
1588163866 2426
1588181489 2427
1588196144 2428
1588236411 2429
1588245006 2430
1588245247 2431
1588258162 2432
1588274752 2433
1588281474 2434
1588290785 2435
1588335402 2436
1588348232 2437
1588353601 2438
1588422315 2439
1588443322 2440
1588508906 2441
1588510780 2442
1588553946 2443
1588678574 2444
1588711572 2445
1588714176 2446
1588756707 2447
1588764674 2448
1588765228 2449
1588800382 2450
1588868510 2451
1588868688 2452
1588873336 2453
1588945360 2454
1588960193 2455
1588964238 2456
1589031904 2457
1589046370 2458
1589052771 2459
1589054435 2460
1589122640 2461
1589142107 2462
1589147525 2463
1589151966 2464
1589158220 2465
1589185295 2466
1589196756 2467
1589199978 2468
1589202262 2469
1589240803 2470
1589279565 2471
1589283745 2472
1589289898 2473
1589300676 2474
1589315651 2475
1589466719 2476
1589712998 2477
1589717842 2478
1589797025 2479
1589815205 2480
1589838154 2481
1589888721 2482
1590000499 2483
1590056110 2484
1590060606 2485
1590174302 2486
1590311890 2487
1590317795 2488
1590320194 2489
1590364234 2490
1590392359 2491
1590434559 2492
1590488619 2493
1590528518 2494
1590674666 2495
1590685472 2496
1590687762 2497
1590687933 2498
1590761553 2499
1590782132 2500
1590844281 2501
1590976337 2502
1591042554 2503
1591230086 2504
1591271783 2505
1591966267 2506
1592331989 2507
1592485322 2508
1592837643 2509
1592898386 2510
1593015879 2511
1593017013 2512
1593038373 2513
1593090633 2514
1593128449 2515
1593215394 2516
1593447713 2517
1593459816 2518
1593605710 2519
1594024819 2520
1594144217 2521
1594285384 2522
1594303365 2523
1594632323 2524
1594723510 2525
1594821611 2526
1595090195 2527
1595148222 2528
1595262121 2529
1595513781 2530
1595537065 2531
1595584791 2532
1595638088 2533
1595669522 2534
1595680752 2535
1595843992 2536
1595886709 2537
1595893651 2538
1595943850 2539
1596069774 2540
1596131843 2541
1596145097 2542
1596464543 2543
1596530671 2544
1596598872 2545
1596747183 2546
1596754699 2547
1596912584 2548
1596977015 2549
1597007931 2550
1597020246 2551
1597082767 2552
1597153938 2553
1597170712 2554
1597173858 2555
1597236518 2556
1597434161 2557
1597515885 2558
1597516596 2559
1597571362 2560
1597587812 2561
1597671212 2562
1597685005 2563
1597688266 2564
1597846742 2565
1597876840 2566
1597917450 2567
1598000591 2568
1598121994 2569
1598125472 2570
1598197407 2571
1598216779 2572
1598277714 2573
1598282805 2574
1598348282 2575
1598390567 2576
1598527931 2577
1598535366 2578
1598555073 2579
1598564729 2580
1598620262 2581
1598622164 2582
1598644967 2583
1598746945 2584
1598799027 2585
1598802393 2586
1598807934 2587
1598817549 2588
1598869391 2589
1598870265 2590
1598957261 2591
1598957978 2592
1598963997 2593
1598973812 2594
1598993028 2595
1599002780 2596
1599039249 2597
1599072602 2598
1599177289 2599
1599209826 2600
1599403183 2601
1599431442 2602
1599523296 2603
1599567535 2604
1599567721 2605
1599644533 2606
1599660548 2607
1599738169 2608
1599741671 2609
1599767348 2610
1599820694 2611
1599848698 2612
1599855621 2613
1599946100 2614
1600070298 2615
1600092539 2616
1600102759 2617
1600127038 2618
1600161383 2619
1600390943 2620
1600452959 2621
1600499517 2622
1600547248 2623
1600683145 2624
1600810301 2625
1600858594 2626
1600898846 2627
1600905178 2628
1600953505 2629
1600979095 2630
1601032705 2631
1601039818 2632
1601051821 2633
1601107230 2634
1601112171 2635
1601116139 2636
1601118883 2637
1601119923 2638
1601192717 2639
1601288127 2640
1601288299 2641
1601329392 2642
1601336806 2643
1601463061 2644
1601482767 2645
1601548466 2646
1601622750 2647
1601833467 2648
1601889740 2649
1601898737 2650
1601919560 2651
1601939179 2652
1602006048 2653
1602105082 2654
1602160645 2655
1602407235 2656
1602439875 2657
1602518523 2658
1602543174 2659
1602576336 2660
1602582762 2661
1602586810 2662
1602629684 2663
1602669909 2664
1602682622 2665
1602706150 2666
1602706473 2667
1602706704 2668
1602709270 2669
1602758110 2670
1602777054 2671
1602781955 2672
1602786163 2673
1602846289 2674
1602851214 2675
1602864258 2676
1602948416 2677
1602968630 2678
1602971213 2679
1603019592 2680
1603020178 2681
1603024307 2682
1603125347 2683
1603194993 2684
1603195410 2685
1603223195 2686
1603232164 2687
1603235787 2688
1603288843 2689
1603291795 2690
1603392641 2691
1603441046 2692
1603458706 2693
1603467388 2694
1603477602 2695
1603482585 2696
1603494994 2697
1603615667 2698
1603655884 2699
1603658475 2700
1603661126 2701
1603664813 2702
1603672681 2703
1603716410 2704
1603731920 2705
1603735882 2706
1603739185 2707
1603742157 2708
1603790132 2709
1603795782 2710
1603796351 2711
1603798845 2712
1603809948 2713
1603817813 2714
1603819740 2715
