1579611316 1
1579611555 2
1579613366 3
1579617811 4
1579621979 5
1579622150 6
1579627499 7
1579629367 8
1579630675 9
1579630765 10
1579631666 11
1579636944 12
1579639995 13
1579640280 14
1579640775 15
1579646008 16
1579678473 17
1579693339 18
1579724250 19
1579727123 20
1579727177 21
1579727975 22
1579730378 23
1579730809 24
1579733220 25
1579734009 26
1579734215 27
1579734792 28
1579735590 29
1579737627 30
1579738363 31
1579740900 32
1579742068 33
1579760592 34
1579772175 35
1579775467 36
1579776449 37
1579777951 38
1579778672 39
1579778830 40
1579784057 41
1579784270 42
1579784502 43
1579787783 44
1579791432 45
1579792908 46
1579792912 47
1579793285 48
1579793640 49
1579793677 50
1579802143 51
1579805056 52
1579806529 53
1579811179 54
1579821659 55
1579822944 56
1579823091 57
1579826431 58
1579827367 59
1579840018 60
1579844499 61
1579849146 62
1579849340 63
1579852403 64
1579853947 65
1579854262 66
1579858552 67
1579858590 68
1579858604 69
1579861015 70
1579861671 71
1579863724 72
1579870016 73
1579870844 74
1579871363 75
1579872263 76
1579873194 77
1579874713 78
1579875857 79
1579877603 80
1579880211 81
1579880806 82
1579885751 83
1579886544 84
1579886746 85
1579887026 86
1579887245 87
1579888707 88
1579890751 89
1579892037 90
1579897192 91
1579897615 92
1579897628 93
1579898020 94
1579898093 95
1579898104 96
1579898295 97
1579898366 98
1579899120 99
1579899597 100
1579899783 101
1579899824 102
1579900037 103
1579900093 104
1579900136 105
1579900290 106
1579900351 107
1579900500 108
1579900515 109
1579900888 110
1579901083 111
1579901210 112
1579901630 113
1579901787 114
1579901886 115
1579901916 116
1579902344 117
1579903110 118
1579904004 119
1579904013 120
1579904655 121
1579904674 122
1579904963 123
1579905912 124
1579906049 125
1579906055 126
1579906227 127
1579906351 128
1579906556 129
1579906859 130
1579906939 131
1579906979 132
1579907338 133
1579908229 134
1579908293 135
1579908329 136
1579908840 137
1579909219 138
1579911342 139
1579915186 140
1579915723 141
1579916416 142
1579917298 143
1579917630 144
1579919733 145
1579920712 146
1579922026 147
1579924938 148
1579934676 149
1579938071 150
1579938750 151
1579939400 152
1579940047 153
1579943548 154
1579943708 155
1579943871 156
1579944323 157
1579944902 158
1579946835 159
1579947236 160
1579947909 161
1579949445 162
1579949468 163
1579949652 164
1579949677 165
1579950448 166
1579950615 167
1579951014 168
1579951945 169
1579953209 170
1579956895 171
1579957886 172
1579957910 173
1579958003 174
1579958330 175
1579961352 176
1579961635 177
1579962300 178
1579962525 179
1579962557 180
1579964705 181
1579966349 182
1579966383 183
1579967323 184
1579967349 185
1579968270 186
1579969765 187
1579972703 188
1579972896 189
1579973982 190
1579975431 191
1579975776 192
1579976055 193
1579976177 194
1579976762 195
1579977121 196
1579978580 197
1579979761 198
1579979940 199
1579982056 200
1579982100 201
1579984623 202
1579986219 203
1579987781 204
1579990366 205
1579995294 206
1579999312 207
1580021099 208
1580023491 209
1580025385 210
1580032617 211
1580032644 212
1580034093 213
1580036233 214
1580036556 215
1580037245 216
1580039617 217
1580039816 218
1580040653 219
1580041049 220
1580041576 221
1580044253 222
1580056459 223
1580057179 224
1580063156 225
1580065990 226
1580069107 227
1580072563 228
1580073364 229
1580077054 230
1580077921 231
1580078790 232
1580079026 233
1580081552 234
1580082532 235
1580109046 236
1580116947 237
1580118638 238
1580119156 239
1580121793 240
1580122138 241
1580129294 242
1580129688 243
1580130647 244
1580133359 245
1580134245 246
1580135310 247
1580135506 248
1580135682 249
1580137293 250
1580139983 251
1580140796 252
1580141917 253
1580142357 254
1580143850 255
1580145999 256
1580147519 257
1580148839 258
1580149825 259
1580149929 260
1580149994 261
1580150937 262
1580152565 263
1580153583 264
1580157337 265
1580157604 266
1580162604 267
1580163235 268
1580163355 269
1580179150 270
1580180392 271
1580186044 272
1580200461 273
1580204608 274
1580205290 275
1580208217 276
1580208891 277
1580209087 278
1580209441 279
1580209664 280
1580209714 281
1580210960 282
1580214064 283
1580214642 284
1580214715 285
1580215430 286
1580218095 287
1580218312 288
1580233880 289
1580234905 290
1580237499 291
1580239491 292
1580239614 293
1580239642 294
1580240823 295
1580242009 296
1580242271 297
1580244435 298
1580246007 299
1580250782 300
1580252123 301
1580263337 302
1580266899 303
1580281426 304
1580286821 305
1580289227 306
1580291450 307
1580291926 308
1580292256 309
1580293317 310
1580293461 311
1580294692 312
1580295949 313
1580297046 314
1580304197 315
1580305313 316
1580308050 317
1580309486 318
1580314182 319
1580328596 320
1580329136 321
1580333196 322
1580334924 323
1580341579 324
1580352894 325
1580361242 326
1580372528 327
1580378199 328
1580378646 329
1580379102 330
1580380689 331
1580381070 332
1580381504 333
1580383871 334
1580386391 335
1580389339 336
1580390124 337
1580393334 338
1580396988 339
1580397439 340
1580404348 341
1580418110 342
1580418279 343
1580419059 344
1580420960 345
1580425672 346
1580460065 347
1580461280 348
1580464664 349
1580468550 350
1580472399 351
1580473279 352
1580474163 353
1580477055 354
1580478927 355
1580484853 356
1580487904 357
1580494200 358
1580495775 359
1580495851 360
1580497424 361
1580503648 362
1580503712 363
1580505690 364
1580518207 365
1580545588 366
1580546975 367
1580547601 368
1580549272 369
1580554637 370
1580555486 371
1580559931 372
1580563178 373
1580571642 374
1580596569 375
1580597746 376
1580602005 377
1580611880 378
1580615662 379
1580641210 380
1580641805 381
1580645299 382
1580647089 383
1580654725 384
1580655562 385
1580659674 386
1580673381 387
1580682687 388
1580684741 389
1580699492 390
1580716630 391
1580721735 392
1580724385 393
1580728884 394
1580740545 395
1580740922 396
1580744082 397
1580748471 398
1580762786 399
1580763051 400
1580768440 401
1580772379 402
1580802759 403
1580819234 404
1580825801 405
1580836548 406
1580837864 407
1580843552 408
1580858244 409
1580866186 410
1580889641 411
1580905759 412
1580913537 413
1580916749 414
1580920567 415
1580921681 416
1580921851 417
1580927084 418
1580936329 419
1580978260 420
1580986937 421
1581010663 422
1581061851 423
1581070613 424
1581072844 425
1581074277 426
1581086123 427
1581094415 428
1581098706 429
1581118315 430
1581119816 431
1581157548 432
1581158479 433
1581159381 434
1581159953 435
1581161411 436
1581162629 437
1581172511 438
1581176407 439
1581177359 440
1581181207 441
1581183489 442
1581187306 443
1581188385 444
1581193042 445
1581195345 446
1581324821 447
1581331161 448
1581331394 449
1581334312 450
1581339543 451
1581352644 452
1581357967 453
1581370515 454
1581412981 455
1581414559 456
1581419656 457
1581428997 458
1581429752 459
1581435264 460
1581442081 461
1581445993 462
1581449554 463
1581450308 464
1581496171 465
1581509957 466
1581513139 467
1581546660 468
1581581725 469
1581582731 470
1581585241 471
1581585824 472
1581594387 473
1581610854 474
1581612353 475
1581635783 476
1581646190 477
1581679386 478
1581770395 479
1581771472 480
1581798034 481
1581884638 482
1581924361 483
1581943066 484
1581953185 485
1581983608 486
1581998295 487
1582116561 488
1582141950 489
1582220672 490
1582272984 491
1582282745 492
1582284629 493
1582326576 494
1582377942 495
1582385296 496
1582390772 497
1582391951 498
1582396817 499
1582402425 500
1582410431 501
1582420665 502
1582423902 503
1582456071 504
1582457845 505
1582461884 506
1582463236 507
1582482830 508
1582483015 509
1582497493 510
1582497549 511
1582535958 512
1582537820 513
1582541025 514
1582541375 515
1582544318 516
1582546289 517
1582547431 518
1582549050 519
1582549138 520
1582549914 521
1582554319 522
1582555618 523
1582555659 524
1582555762 525
1582558310 526
1582558442 527
1582559505 528
1582561004 529
1582561573 530
1582561978 531
1582562195 532
1582562717 533
1582563983 534
1582565270 535
1582565759 536
1582568627 537
1582571134 538
1582573286 539
1582573993 540
1582575979 541
1582581666 542
1582598944 543
1582614333 544
1582615975 545
1582620595 546
1582622443 547
1582627726 548
1582628613 549
1582629053 550
1582630446 551
1582630853 552
1582631966 553
1582633462 554
1582638628 555
1582638763 556
1582640340 557
1582641162 558
1582642459 559
1582643188 560
1582645706 561
1582646299 562
1582648592 563
1582650461 564
1582651225 565
1582655012 566
1582655306 567
1582655367 568
1582659266 569
1582659301 570
1582662828 571
1582665550 572
1582666546 573
1582668436 574
1582673226 575
1582673343 576
1582702480 577
1582712684 578
1582714369 579
1582715238 580
1582715729 581
1582716039 582
1582717298 583
1582720744 584
1582722355 585
1582724283 586
1582724605 587
1582725429 588
1582728811 589
1582730322 590
1582732492 591
1582732619 592
1582732714 593
1582733528 594
1582734922 595
1582735067 596
1582735408 597
1582735601 598
1582736182 599
1582737595 600
1582738899 601
1582739226 602
1582740609 603
1582744299 604
1582745431 605
1582747271 606
1582752458 607
1582753999 608
1582754587 609
1582754765 610
1582755496 611
1582781146 612
1582785858 613
1582786046 614
1582795284 615
1582797060 616
1582797451 617
1582797889 618
1582799164 619
1582801259 620
1582802861 621
1582803516 622
1582805661 623
1582806431 624
1582809112 625
1582809645 626
1582810821 627
1582811578 628
1582811752 629
1582818178 630
1582822971 631
1582826009 632
1582827871 633
1582833326 634
1582836786 635
1582837282 636
1582838314 637
1582838841 638
1582839768 639
1582841199 640
1582841279 641
1582842132 642
1582843507 643
1582843895 644
1582846870 645
1582847664 646
1582849603 647
1582851554 648
1582854281 649
1582870865 650
1582872089 651
1582873197 652
1582876968 653
1582879735 654
1582880484 655
1582880893 656
1582882183 657
1582882889 658
1582883645 659
1582883970 660
1582884112 661
1582886279 662
1582886664 663
1582887068 664
1582888323 665
1582888836 666
1582889001 667
1582890578 668
1582891735 669
1582893249 670
1582894109 671
1582897018 672
1582899158 673
1582899172 674
1582900772 675
1582901583 676
1582901972 677
1582902555 678
1582903999 679
1582906321 680
1582909276 681
1582911754 682
1582912062 683
1582913556 684
1582918759 685
1582918892 686
1582919023 687
1582919717 688
1582920244 689
1582922689 690
1582923317 691
1582923575 692
1582923783 693
1582928171 694
1582931983 695
1582933156 696
1582935651 697
1582939292 698
1582957039 699
1582959634 700
1582960509 701
1582962218 702
1582962507 703
1582967196 704
1582972173 705
1582973475 706
1582974341 707
1582976265 708
1582976268 709
1582978340 710
1582986017 711
1582986686 712
1582987636 713
1582990379 714
1582990926 715
1582992395 716
1582992628 717
1582993180 718
1582994276 719
1582998494 720
1582999938 721
1583000348 722
1583000756 723
1583002524 724
1583005014 725
1583005185 726
1583005572 727
1583006131 728
1583006155 729
1583006481 730
1583010269 731
1583010636 732
1583010946 733
1583011724 734
1583013290 735
1583013644 736
1583015969 737
1583017232 738
1583018787 739
1583021646 740
1583044078 741
1583049042 742
1583058550 743
1583061724 744
1583062578 745
1583065191 746
1583072042 747
1583074110 748
1583077462 749
1583080027 750
1583082260 751
1583083304 752
1583084335 753
1583085795 754
1583087673 755
1583089711 756
1583090422 757
1583090849 758
1583091164 759
1583091777 760
1583091915 761
1583093498 762
1583093790 763
1583093841 764
1583095000 765
1583100276 766
1583100396 767
1583101696 768
1583102192 769
1583103340 770
1583105552 771
1583108849 772
1583115640 773
1583131695 774
1583132180 775
1583132608 776
1583136924 777
1583142250 778
1583143847 779
1583148676 780
1583148926 781
1583151672 782
1583151695 783
1583151823 784
1583153334 785
1583154010 786
1583155665 787
1583155695 788
1583156047 789
1583157797 790
1583158490 791
1583159875 792
1583160067 793
1583162859 794
1583164380 795
1583165324 796
1583166187 797
1583167820 798
1583168212 799
1583168388 800
1583168876 801
1583170301 802
1583170607 803
1583170657 804
1583176121 805
1583176819 806
1583181768 807
1583184677 808
1583184726 809
1583184797 810
1583185240 811
1583186026 812
1583186484 813
1583186961 814
1583187874 815
1583189093 816
1583190945 817
1583193331 818
1583193843 819
1583196207 820
1583198653 821
1583220371 822
1583226444 823
1583228639 824
1583233159 825
1583235269 826
1583238361 827
1583238806 828
1583239491 829
1583239723 830
1583240739 831
1583241226 832
1583244336 833
1583246002 834
1583246336 835
1583247714 836
1583249219 837
1583249276 838
1583254819 839
1583255173 840
1583257851 841
1583260664 842
1583261701 843
1583265172 844
1583265571 845
1583265761 846
1583266056 847
1583266872 848
1583268079 849
1583269982 850
1583271259 851
1583271873 852
1583278055 853
1583279920 854
1583306960 855
1583307812 856
1583312153 857
1583316804 858
1583317287 859
1583317526 860
1583322666 861
1583323546 862
1583324701 863
1583326008 864
1583326796 865
1583326851 866
1583329707 867
1583329766 868
1583332387 869
1583333553 870
1583333785 871
1583335222 872
1583335783 873
1583337199 874
1583337975 875
1583338335 876
1583344069 877
1583346646 878
1583347076 879
1583348858 880
1583350184 881
1583352957 882
1583353853 883
1583359476 884
1583359624 885
1583364588 886
1583372542 887
1583380549 888
1583387023 889
1583390165 890
1583391427 891
1583396050 892
1583397004 893
1583398157 894
1583398264 895
1583399990 896
1583402131 897
1583404628 898
1583404933 899
1583405206 900
1583405779 901
1583407969 902
1583410520 903
1583410746 904
1583411088 905
1583413297 906
1583413520 907
1583415867 908
1583417396 909
1583420357 910
1583421541 911
1583423911 912
1583425391 913
1583426054 914
1583426515 915
1583428076 916
1583431629 917
1583432622 918
1583432997 919
1583434109 920
1583437042 921
1583437268 922
1583437934 923
1583438645 924
1583439390 925
1583440606 926
1583442074 927
1583444599 928
1583444894 929
1583446175 930
1583448634 931
1583451252 932
1583455362 933
1583456117 934
1583460415 935
1583476393 936
1583481795 937
1583482837 938
1583486516 939
1583487723 940
1583487750 941
1583488161 942
1583489104 943
1583489620 944
1583490809 945
1583491793 946
1583493356 947
1583494195 948
1583498447 949
1583500372 950
1583502357 951
1583502776 952
1583502942 953
1583503109 954
1583504046 955
1583504220 956
1583506390 957
1583506817 958
1583507778 959
1583507851 960
1583508542 961
1583512801 962
1583516683 963
1583518309 964
1583521633 965
1583523014 966
1583523508 967
1583525044 968
1583525210 969
1583526375 970
1583531166 971
1583533921 972
1583538214 973
1583539557 974
1583543124 975
1583548163 976
1583570868 977
1583572314 978
1583572469 979
1583574314 980
1583580628 981
1583584152 982
1583584677 983
1583587384 984
1583589852 985
1583594211 986
1583596315 987
1583599326 988
1583601605 989
1583604168 990
1583608959 991
1583609464 992
1583611726 993
1583613775 994
1583614769 995
1583614870 996
1583615655 997
1583616071 998
1583619428 999
1583625565 1000
1583625739 1001
1583633920 1002
1583637915 1003
1583638146 1004
1583646243 1005
1583655198 1006
1583660557 1007
1583662122 1008
1583663416 1009
1583667935 1010
1583669007 1011
1583670517 1012
1583672828 1013
1583673059 1014
1583673226 1015
1583675607 1016
1583679377 1017
1583680251 1018
1583680914 1019
1583684085 1020
1583685229 1021
1583690335 1022
1583692576 1023
1583694339 1024
1583696359 1025
1583696780 1026
1583699910 1027
1583700177 1028
1583703376 1029
1583706195 1030
1583706383 1031
1583706602 1032
1583709824 1033
1583711113 1034
1583713283 1035
1583715360 1036
1583724944 1037
1583734573 1038
1583737708 1039
1583744677 1040
1583744788 1041
1583745880 1042
1583746584 1043
1583755915 1044
1583757348 1045
1583757420 1046
1583761852 1047
1583762414 1048
1583763398 1049
1583763567 1050
1583767396 1051
1583768343 1052
1583768722 1053
1583770805 1054
1583771803 1055
1583771869 1056
1583772231 1057
1583772333 1058
1583772465 1059
1583776537 1060
1583778825 1061
1583782810 1062
1583782888 1063
1583784344 1064
1583785090 1065
1583785928 1066
1583786999 1067
1583787396 1068
1583790111 1069
1583790496 1070
1583791485 1071
1583794288 1072
1583795516 1073
1583799918 1074
1583800180 1075
1583800460 1076
1583801264 1077
1583816476 1078
1583826500 1079
1583827615 1080
1583830685 1081
1583832091 1082
1583832986 1083
1583834461 1084
1583836407 1085
1583839480 1086
1583839881 1087
1583840635 1088
1583841059 1089
1583842421 1090
1583843509 1091
1583844807 1092
1583844963 1093
1583847478 1094
1583848213 1095
1583849807 1096
1583853754 1097
1583855305 1098
1583855713 1099
1583859888 1100
1583863946 1101
1583865779 1102
1583866945 1103
1583870780 1104
1583871684 1105
1583898259 1106
1583911358 1107
1583912331 1108
1583912883 1109
1583913184 1110
1583916382 1111
1583918962 1112
1583920638 1113
1583922046 1114
1583931353 1115
1583933197 1116
1583934954 1117
1583937801 1118
1583940791 1119
1583941386 1120
1583945865 1121
1583947908 1122
1583949421 1123
1583949647 1124
1583951652 1125
1583952568 1126
1583953323 1127
1583954390 1128
1583954753 1129
1583957008 1130
1583958576 1131
1583961415 1132
1583961419 1133
1583961950 1134
1583963329 1135
1583963615 1136
1583964215 1137
1583965735 1138
1583968352 1139
1583969483 1140
1583969544 1141
1583970080 1142
1583971804 1143
1583973557 1144
1583974878 1145
1583976073 1146
1583980767 1147
1583980807 1148
1583988858 1149
1583989126 1150
1583992428 1151
1583998732 1152
1584000090 1153
1584000892 1154
1584001484 1155
1584003074 1156
1584003794 1157
1584007557 1158
1584007776 1159
1584008348 1160
1584009266 1161
1584009297 1162
1584009316 1163
1584009865 1164
1584011401 1165
1584012897 1166
1584013359 1167
1584013582 1168
1584014076 1169
1584017842 1170
1584019384 1171
1584020001 1172
1584021612 1173
1584022009 1174
1584022269 1175
1584024031 1176
1584025706 1177
1584025998 1178
1584029582 1179
1584030426 1180
1584030778 1181
1584033341 1182
1584033602 1183
1584035120 1184
1584036545 1185
1584039510 1186
1584039668 1187
1584040451 1188
1584041336 1189
1584042253 1190
1584042361 1191
1584042823 1192
1584043275 1193
1584043316 1194
1584043330 1195
1584043351 1196
1584043367 1197
1584043391 1198
1584043427 1199
1584043476 1200
1584043515 1201
1584043631 1202
1584043646 1203
1584043738 1204
1584043765 1205
1584043816 1206
1584044318 1207
1584044373 1208
1584044405 1209
1584044722 1210
1584044814 1211
1584044872 1212
1584045196 1213
1584045216 1214
1584045454 1215
1584045733 1216
1584047255 1217
1584047733 1218
1584047857 1219
1584047957 1220
1584048272 1221
1584048799 1222
1584048984 1223
1584049489 1224
1584049823 1225
1584050059 1226
1584050165 1227
1584050949 1228
1584051150 1229
1584051350 1230
1584052701 1231
1584052927 1232
1584053131 1233
1584054807 1234
1584055601 1235
1584055645 1236
1584056053 1237
1584057057 1238
1584057757 1239
1584058901 1240
1584059485 1241
1584059849 1242
1584060080 1243
1584071834 1244
1584075439 1245
1584079510 1246
1584079568 1247
1584080401 1248
1584081554 1249
1584082531 1250
1584083341 1251
1584087096 1252
1584088091 1253
1584088150 1254
1584090231 1255
1584091257 1256
1584092550 1257
1584093655 1258
1584094450 1259
1584095317 1260
1584096938 1261
1584098998 1262
1584100275 1263
1584101767 1264
1584102150 1265
1584102553 1266
1584104796 1267
1584105279 1268
1584106094 1269
1584106438 1270
1584106816 1271
1584107665 1272
1584109653 1273
1584110896 1274
1584111891 1275
1584114441 1276
1584114458 1277
1584114937 1278
1584118451 1279
1584119351 1280
1584120803 1281
1584122433 1282
1584122583 1283
1584125525 1284
1584125721 1285
1584125944 1286
1584126229 1287
1584127174 1288
1584127716 1289
1584128617 1290
1584129430 1291
1584131970 1292
1584132939 1293
1584133610 1294
1584135937 1295
1584136241 1296
1584136491 1297
1584136753 1298
1584137422 1299
1584137585 1300
1584137812 1301
1584137986 1302
1584138104 1303
1584139102 1304
1584140004 1305
1584141095 1306
1584145853 1307
1584147330 1308
1584149891 1309
1584166434 1310
1584176087 1311
1584177771 1312
1584179949 1313
1584181088 1314
1584181360 1315
1584181985 1316
1584183437 1317
1584184029 1318
1584184613 1319
1584186496 1320
1584186875 1321
1584187272 1322
1584189358 1323
1584189688 1324
1584190967 1325
1584192993 1326
1584193804 1327
1584194806 1328
1584196516 1329
1584196519 1330
1584196982 1331
1584197030 1332
1584198538 1333
1584201100 1334
1584201823 1335
1584202937 1336
1584203493 1337
1584207487 1338
1584209232 1339
1584209496 1340
1584209943 1341
1584212096 1342
1584213881 1343
1584214174 1344
1584214618 1345
1584215222 1346
1584215272 1347
1584215574 1348
1584215953 1349
1584216016 1350
1584216111 1351
1584217017 1352
1584217074 1353
1584217468 1354
1584217510 1355
1584217584 1356
1584217661 1357
1584217728 1358
1584217938 1359
1584218130 1360
1584218398 1361
1584218437 1362
1584218609 1363
1584218747 1364
1584218752 1365
1584218757 1366
1584218921 1367
1584218926 1368
1584219054 1369
1584219306 1370
1584219923 1371
1584220291 1372
1584220401 1373
1584220750 1374
1584220857 1375
1584220896 1376
1584221080 1377
1584221491 1378
1584221565 1379
1584221656 1380
1584221664 1381
1584221734 1382
1584222221 1383
1584222342 1384
1584222407 1385
1584223121 1386
1584223446 1387
1584223522 1388
1584223806 1389
1584224552 1390
1584224728 1391
1584225157 1392
1584225463 1393
1584225948 1394
1584226030 1395
1584226387 1396
1584226730 1397
1584227310 1398
1584228224 1399
1584228448 1400
1584228655 1401
1584228709 1402
1584228762 1403
1584230471 1404
1584230508 1405
1584230633 1406
1584231105 1407
1584231127 1408
1584231836 1409
1584232760 1410
1584233485 1411
1584233602 1412
1584234405 1413
1584235319 1414
1584235329 1415
1584235456 1416
1584235846 1417
1584236160 1418
1584237774 1419
1584252017 1420
1584254250 1421
1584256800 1422
1584258453 1423
1584259587 1424
1584259794 1425
1584259941 1426
1584261510 1427
1584261600 1428
1584261735 1429
1584263044 1430
1584263125 1431
1584263314 1432
1584263727 1433
1584265334 1434
1584266719 1435
1584267366 1436
1584268067 1437
1584268285 1438
1584268451 1439
1584268453 1440
1584269354 1441
1584271431 1442
1584271621 1443
1584271870 1444
1584271991 1445
1584272080 1446
1584272379 1447
1584272453 1448
1584273427 1449
1584273705 1450
1584273731 1451
1584273797 1452
1584273824 1453
1584274228 1454
1584275060 1455
1584275106 1456
1584275526 1457
1584276423 1458
1584277364 1459
1584279118 1460
1584280143 1461
1584280207 1462
1584280658 1463
1584281015 1464
1584282583 1465
1584282818 1466
1584283191 1467
1584284060 1468
1584284093 1469
1584285493 1470
1584286721 1471
1584287018 1472
1584287107 1473
1584287449 1474
1584287556 1475
1584288969 1476
1584289446 1477
1584290342 1478
1584291410 1479
1584291824 1480
1584292255 1481
1584292483 1482
1584292899 1483
1584292998 1484
1584293260 1485
1584293396 1486
1584293589 1487
1584293641 1488
1584293788 1489
1584294018 1490
1584294123 1491
1584294397 1492
1584294643 1493
1584294775 1494
1584295196 1495
1584295349 1496
1584295528 1497
1584295551 1498
1584296028 1499
1584296132 1500
1584297020 1501
1584297051 1502
1584297172 1503
1584298096 1504
1584298541 1505
1584299300 1506
1584299330 1507
1584299433 1508
1584300024 1509
1584300239 1510
1584301560 1511
1584301598 1512
1584302599 1513
1584303481 1514
1584303737 1515
1584304546 1516
1584304546 1517
1584304863 1518
1584304882 1519
1584305241 1520
1584305456 1521
1584305965 1522
1584306014 1523
1584306689 1524
1584307247 1525
1584307335 1526
1584307473 1527
1584308454 1528
1584309219 1529
1584310057 1530
1584310339 1531
1584310654 1532
1584310953 1533
1584311800 1534
1584311899 1535
1584311959 1536
1584312368 1537
1584312433 1538
1584312637 1539
1584313412 1540
1584313855 1541
1584314495 1542
1584314586 1543
1584315039 1544
1584318635 1545
1584320675 1546
1584322907 1547
1584322974 1548
1584324385 1549
1584325782 1550
1584328234 1551
1584328789 1552
1584329646 1553
1584335305 1554
1584339301 1555
1584341464 1556
1584342243 1557
1584342803 1558
1584344641 1559
1584344840 1560
1584345456 1561
1584346635 1562
1584346691 1563
1584346978 1564
1584347593 1565
1584347607 1566
1584347911 1567
1584348544 1568
1584348810 1569
1584349240 1570
1584349615 1571
1584351189 1572
1584351422 1573
1584352274 1574
1584352706 1575
1584352806 1576
1584353819 1577
1584354266 1578
1584354402 1579
1584355192 1580
1584355466 1581
1584355923 1582
1584356336 1583
1584356396 1584
1584356462 1585
1584356723 1586
1584356886 1587
1584357079 1588
1584357590 1589
1584357965 1590
1584358281 1591
1584358295 1592
1584358947 1593
1584359105 1594
1584359423 1595
1584359497 1596
1584359592 1597
1584359750 1598
1584360103 1599
1584360150 1600
1584360428 1601
1584361423 1602
1584362027 1603
1584362632 1604
1584362677 1605
1584362847 1606
1584362882 1607
1584363072 1608
1584363197 1609
1584363815 1610
1584364160 1611
1584364939 1612
1584365561 1613
1584365575 1614
1584366717 1615
1584368013 1616
1584368017 1617
1584368076 1618
1584369862 1619
1584369942 1620
1584370980 1621
1584371232 1622
1584371310 1623
1584372010 1624
1584372211 1625
1584372549 1626
1584373576 1627
1584373765 1628
1584373969 1629
1584373996 1630
1584374822 1631
1584375396 1632
1584375440 1633
1584376089 1634
1584376233 1635
1584376235 1636
1584376760 1637
1584377004 1638
1584377840 1639
1584377924 1640
1584378048 1641
1584378341 1642
1584378406 1643
1584379259 1644
1584379717 1645
1584379972 1646
1584379994 1647
1584380038 1648
1584382435 1649
1584382656 1650
1584382672 1651
1584383414 1652
1584383981 1653
1584384311 1654
1584384715 1655
1584384880 1656
1584385060 1657
1584385111 1658
1584385292 1659
1584385630 1660
1584385633 1661
1584386217 1662
1584386768 1663
1584386977 1664
1584387555 1665
1584388081 1666
1584388104 1667
1584388317 1668
1584388656 1669
1584388677 1670
1584389086 1671
1584389134 1672
1584389164 1673
1584389290 1674
1584389457 1675
1584389629 1676
1584389802 1677
1584389937 1678
1584391129 1679
1584391646 1680
1584391838 1681
1584392509 1682
1584392570 1683
1584392665 1684
1584393432 1685
1584393686 1686
1584394071 1687
1584394251 1688
1584394351 1689
1584395340 1690
1584395914 1691
1584396782 1692
1584396903 1693
1584397049 1694
1584397135 1695
1584397235 1696
1584397371 1697
1584398021 1698
1584398423 1699
1584398612 1700
1584398618 1701
1584398809 1702
1584399170 1703
1584399325 1704
1584400031 1705
1584400404 1706
1584400427 1707
1584400460 1708
1584400951 1709
1584401321 1710
1584402511 1711
1584402626 1712
1584402814 1713
1584403377 1714
1584403668 1715
1584404183 1716
1584404738 1717
1584404799 1718
1584411037 1719
1584411260 1720
1584425548 1721
1584425562 1722
1584428360 1723
1584430319 1724
1584430471 1725
1584431436 1726
1584431867 1727
1584433247 1728
1584433311 1729
1584434985 1730
1584435525 1731
1584436657 1732
1584436945 1733
1584436958 1734
1584438638 1735
1584439057 1736
1584441130 1737
1584441871 1738
1584442072 1739
1584443285 1740
1584443833 1741
1584443922 1742
1584444322 1743
1584444634 1744
1584445251 1745
1584445633 1746
1584446266 1747
1584446346 1748
1584447511 1749
1584447611 1750
1584447649 1751
1584447698 1752
1584448352 1753
1584448433 1754
1584448666 1755
1584449225 1756
1584450078 1757
1584451094 1758
1584451843 1759
1584453048 1760
1584453828 1761
1584454587 1762
1584456251 1763
1584456762 1764
1584456864 1765
1584457880 1766
1584459051 1767
1584459095 1768
1584459371 1769
1584459663 1770
1584460317 1771
1584460331 1772
1584461187 1773
1584462802 1774
1584462843 1775
1584463038 1776
1584463321 1777
1584463364 1778
1584463592 1779
1584464619 1780
1584465037 1781
1584465561 1782
1584465994 1783
1584466028 1784
1584466305 1785
1584466376 1786
1584466443 1787
1584470849 1788
1584472900 1789
1584473887 1790
1584474056 1791
1584474065 1792
1584474341 1793
1584477179 1794
1584478380 1795
1584482613 1796
1584482734 1797
1584483980 1798
1584485518 1799
1584485997 1800
1584489264 1801
1584489904 1802
1584490264 1803
1584490642 1804
1584491082 1805
1584491238 1806
1584491596 1807
1584516458 1808
1584518900 1809
1584519736 1810
1584521381 1811
1584522966 1812
1584523173 1813
1584523948 1814
1584524651 1815
1584525126 1816
1584525695 1817
1584526297 1818
1584527151 1819
1584528474 1820
1584530077 1821
1584530421 1822
1584531754 1823
1584531983 1824
1584532310 1825
1584532336 1826
1584534894 1827
1584535086 1828
1584535092 1829
1584535418 1830
1584538648 1831
1584539820 1832
1584540049 1833
1584540882 1834
1584541085 1835
1584543159 1836
1584543688 1837
1584543941 1838
1584544153 1839
1584544402 1840
1584544908 1841
1584547426 1842
1584548330 1843
1584548445 1844
1584548994 1845
1584552256 1846
1584553192 1847
1584554057 1848
1584554826 1849
1584555053 1850
1584555817 1851
1584557544 1852
1584558627 1853
1584558724 1854
1584559186 1855
1584559456 1856
1584559526 1857
1584560624 1858
1584561196 1859
1584562554 1860
1584562987 1861
1584563172 1862
1584563644 1863
1584563691 1864
1584565028 1865
1584565405 1866
1584566371 1867
1584567177 1868
1584568495 1869
1584570380 1870
1584571226 1871
1584578348 1872
1584578845 1873
1584579271 1874
1584603667 1875
1584604036 1876
1584604469 1877
1584607740 1878
1584612873 1879
1584614702 1880
1584616339 1881
1584618923 1882
1584619030 1883
1584620707 1884
1584620996 1885
1584622863 1886
1584625355 1887
1584630607 1888
1584631991 1889
1584632885 1890
1584633341 1891
1584633994 1892
1584636600 1893
1584636858 1894
1584637159 1895
1584639441 1896
1584640741 1897
1584641040 1898
1584644573 1899
1584645527 1900
1584649964 1901
1584653809 1902
1584656110 1903
1584656499 1904
1584658546 1905
1584660096 1906
1584670147 1907
1584677227 1908
1584687656 1909
1584690136 1910
1584692267 1911
1584693849 1912
1584694018 1913
1584694425 1914
1584696987 1915
1584698314 1916
1584698690 1917
1584699077 1918
1584700442 1919
1584702105 1920
1584702278 1921
1584703510 1922
1584703810 1923
1584704184 1924
1584704650 1925
1584705429 1926
1584706296 1927
1584707866 1928
1584710739 1929
1584712099 1930
1584716945 1931
1584718199 1932
1584720083 1933
1584720838 1934
1584721897 1935
1584722315 1936
1584722978 1937
1584723403 1938
1584723771 1939
1584723799 1940
1584724486 1941
1584725420 1942
1584727860 1943
1584727960 1944
1584732857 1945
1584734243 1946
1584734344 1947
1584734704 1948
1584735101 1949
1584736301 1950
1584736744 1951
1584737966 1952
1584737972 1953
1584738023 1954
1584740330 1955
1584740400 1956
1584740682 1957
1584743929 1958
1584745107 1959
1584746236 1960
1584747353 1961
1584749313 1962
1584749771 1963
1584755096 1964
1584756654 1965
1584756675 1966
1584757668 1967
1584771988 1968
1584776215 1969
1584776360 1970
1584785020 1971
1584786444 1972
1584790755 1973
1584793983 1974
1584794520 1975
1584796003 1976
1584800258 1977
1584800351 1978
1584800485 1979
1584808466 1980
1584810580 1981
1584816006 1982
1584816530 1983
1584816715 1984
1584820419 1985
1584820638 1986
1584822807 1987
1584823233 1988
1584826291 1989
1584826700 1990
1584827001 1991
1584829731 1992
1584829988 1993
1584831484 1994
1584833133 1995
1584833292 1996
1584833711 1997
1584835338 1998
1584836185 1999
1584842394 2000
1584844297 2001
1584848947 2002
1584859364 2003
1584864825 2004
1584864858 2005
1584867378 2006
1584869616 2007
1584870156 2008
1584870476 2009
1584874411 2010
1584876458 2011
1584878907 2012
1584882275 2013
1584883291 2014
1584885004 2015
1584885828 2016
1584887480 2017
1584892537 2018
1584892582 2019
1584894447 2020
1584898106 2021
1584901804 2022
1584902064 2023
1584906437 2024
1584907450 2025
1584907891 2026
1584911090 2027
1584911108 2028
1584912895 2029
1584914530 2030
1584916381 2031
1584916972 2032
1584918155 2033
1584919668 2034
1584920397 2035
1584922415 2036
1584922910 2037
1584927024 2038
1584942277 2039
1584947455 2040
1584947476 2041
1584962174 2042
1584963313 2043
1584965033 2044
1584965227 2045
1584969000 2046
1584969036 2047
1584971706 2048
1584972873 2049
1584974040 2050
1584974126 2051
1584976460 2052
1584976533 2053
1584976807 2054
1584977452 2055
1584978015 2056
1584979589 2057
1584980297 2058
1584980375 2059
1584980772 2060
1584981484 2061
1584982934 2062
1584984735 2063
1584985383 2064
1584987113 2065
1584987935 2066
1584990539 2067
1584994701 2068
1584995707 2069
1584997043 2070
1584999386 2071
1585000496 2072
1585000939 2073
1585002202 2074
1585003050 2075
1585030438 2076
1585038916 2077
1585042190 2078
1585043303 2079
1585044668 2080
1585044738 2081
1585049243 2082
1585062493 2083
1585065861 2084
1585069332 2085
1585070050 2086
1585073473 2087
1585076131 2088
1585082818 2089
1585087377 2090
1585119539 2091
1585123565 2092
1585123787 2093
1585126202 2094
1585126539 2095
1585132908 2096
1585139712 2097
1585150674 2098
1585151330 2099
1585151754 2100
1585156434 2101
1585156497 2102
1585156664 2103
1585157991 2104
1585159248 2105
1585160325 2106
1585163221 2107
1585164365 2108
1585168749 2109
1585169363 2110
1585169819 2111
1585178033 2112
1585180771 2113
1585184143 2114
1585191549 2115
1585217953 2116
1585218593 2117
1585219537 2118
1585228728 2119
1585229842 2120
1585238066 2121
1585240672 2122
1585243652 2123
1585251319 2124
1585251319 2125
1585261803 2126
1585261920 2127
1585262332 2128
1585263851 2129
1585268345 2130
1585288515 2131
1585301109 2132
1585304706 2133
1585305658 2134
1585310549 2135
1585311433 2136
1585311899 2137
1585314085 2138
1585316504 2139
1585319094 2140
1585319159 2141
1585322469 2142
1585327192 2143
1585328026 2144
1585328490 2145
1585333771 2146
1585346148 2147
1585350976 2148
1585353990 2149
1585356207 2150
1585356371 2151
1585360524 2152
1585361662 2153
1585369988 2154
1585382707 2155
1585386805 2156
1585387998 2157
1585388193 2158
1585389750 2159
1585392523 2160
1585392618 2161
1585394792 2162
1585394884 2163
1585396836 2164
1585398129 2165
1585398427 2166
1585400478 2167
1585404098 2168
1585404557 2169
1585412626 2170
1585414574 2171
1585417603 2172
1585419974 2173
1585420272 2174
1585420291 2175
1585421386 2176
1585423320 2177
1585424064 2178
1585430555 2179
1585430645 2180
1585443960 2181
1585445651 2182
1585472433 2183
1585476346 2184
1585479210 2185
1585479263 2186
1585479332 2187
1585483132 2188
1585487616 2189
1585490235 2190
1585490932 2191
1585493515 2192
1585498217 2193
1585499064 2194
1585500286 2195
1585509737 2196
1585514615 2197
1585516106 2198
1585519706 2199
1585524810 2200
1585527163 2201
1585555288 2202
1585556713 2203
1585559913 2204
1585565813 2205
1585570161 2206
1585573744 2207
1585589129 2208
1585596575 2209
1585597177 2210
1585602471 2211
1585602970 2212
1585612585 2213
1585630900 2214
1585648520 2215
1585655891 2216
1585656637 2217
1585657363 2218
1585658180 2219
1585663394 2220
1585663771 2221
1585669104 2222
1585671581 2223
1585673758 2224
1585683070 2225
1585734524 2226
1585747126 2227
1585753528 2228
1585754670 2229
1585771679 2230
1585779285 2231
1585782160 2232
1585784845 2233
1585788319 2234
1585819439 2235
1585824580 2236
1585828269 2237
1585839586 2238
1585840719 2239
1585845237 2240
1585850566 2241
1585851896 2242
1585863545 2243
1585868544 2244
1585870417 2245
1585896732 2246
1585909362 2247
1585911361 2248
1585922674 2249
1585923276 2250
1585929679 2251
1585930158 2252
1585933597 2253
1585938272 2254
1585956132 2255
1585956148 2256
1585958224 2257
1585958903 2258
1585978559 2259
1585990855 2260
1586018401 2261
1586022561 2262
1586024419 2263
1586033963 2264
1586055536 2265
1586084722 2266
1586094239 2267
1586096921 2268
1586098273 2269
1586106175 2270
1586116282 2271
1586117364 2272
1586124149 2273
1586125852 2274
1586140078 2275
1586166331 2276
1586167324 2277
1586167525 2278
1586173488 2279
1586178654 2280
1586180464 2281
1586180827 2282
1586180969 2283
1586185203 2284
1586196788 2285
1586198448 2286
1586201201 2287
1586204953 2288
1586207756 2289
1586209225 2290
1586209803 2291
1586215370 2292
1586215990 2293
1586217136 2294
1586220876 2295
1586257436 2296
1586257636 2297
1586257793 2298
1586263293 2299
1586267032 2300
1586273011 2301
1586287352 2302
1586291159 2303
1586296495 2304
1586340034 2305
1586344691 2306
1586352309 2307
1586353198 2308
1586366562 2309
1586369200 2310
1586372256 2311
1586374570 2312
1586380714 2313
1586443351 2314
1586444161 2315
1586457304 2316
1586469718 2317
1586473546 2318
1586480270 2319
1586483090 2320
1586502196 2321
1586526174 2322
1586546792 2323
1586619429 2324
1586623787 2325
1586623848 2326
1586627751 2327
1586628030 2328
1586653267 2329
1586654915 2330
1586688618 2331
1586688908 2332
1586695295 2333
1586696313 2334
1586707820 2335
1586707993 2336
1586711928 2337
1586720951 2338
1586742804 2339
1586768656 2340
1586774139 2341
1586776882 2342
1586808336 2343
1586808458 2344
1586809248 2345
1586809543 2346
1586810787 2347
1586811360 2348
1586812405 2349
1586813743 2350
1586814080 2351
1586814428 2352
1586815525 2353
1586817822 2354
1586819093 2355
1586820709 2356
1586822306 2357
1586822802 2358
1586827138 2359
1586827865 2360
1586861284 2361
1586869759 2362
1586870050 2363
1586872137 2364
1586886578 2365
1586891379 2366
1586893337 2367
1586904795 2368
1586947331 2369
1586950857 2370
1586958467 2371
1586977822 2372
1586979899 2373
1586987719 2374
1587029238 2375
1587059746 2376
1587073381 2377
1587080119 2378
1587136721 2379
1587138812 2380
1587139400 2381
1587140673 2382
1587140774 2383
1587149305 2384
1587168594 2385
1587175508 2386
1587200619 2387
1587208834 2388
1587210213 2389
1587220757 2390
1587223103 2391
1587235686 2392
1587235704 2393
1587238887 2394
1587239610 2395
1587254262 2396
1587261679 2397
1587299017 2398
1587306140 2399
1587320496 2400
1587320779 2401
1587322177 2402
1587324792 2403
1587339383 2404
1587344879 2405
1587397051 2406
1587402510 2407
1587403093 2408
1587461283 2409
1587470648 2410
