1579611316 1
1579611751 2
1579621979 3
1579629367 4
1579636944 5
1579639995 6
1579678473 7
1579724250 8
1579730378 9
1579733220 10
1579734009 11
1579734215 12
1579734792 13
1579735590 14
1579772175 15
1579776449 16
1579778672 17
1579784270 18
1579784502 19
1579792908 20
1579811179 21
1579840018 22
1579849340 23
1579852403 24
1579854262 25
1579858590 26
1579861015 27
1579861671 28
1579872263 29
1579880211 30
1579898104 31
1579899120 32
1579899597 33
1579899824 34
1579900888 35
1579901210 36
1579901630 37
1579901787 38
1579904004 39
1579904013 40
1579905912 41
1579906351 42
1579906939 43
1579908329 44
1579915723 45
1579917630 46
1579934676 47
1579940047 48
1579943548 49
1579944902 50
1579946835 51
1579950615 52
1579953209 53
1579966349 54
1579967349 55
1579968270 56
1579975776 57
1579976055 58
1579976177 59
1579978580 60
1579979940 61
1579982056 62
1579984623 63
1579990366 64
1580025385 65
1580034093 66
1580036556 67
1580040653 68
1580044253 69
1580072563 70
1580077054 71
1580079026 72
1580109046 73
1580116947 74
1580119156 75
1580121793 76
1580130647 77
1580135310 78
1580142357 79
1580147519 80
1580149929 81
1580200461 82
1580209714 83
1580214642 84
1580215430 85
1580237499 86
1580239614 87
1580240823 88
1580246007 89
1580289227 90
1580291450 91
1580309486 92
1580329136 93
1580372528 94
1580378199 95
1580379102 96
1580386391 97
1580390124 98
1580393334 99
1580418110 100
1580419059 101
1580545588 102
1580555486 103
1580559931 104
1580571642 105
1580596569 106
1580597746 107
1580645299 108
1580647089 109
1580654725 110
1580740545 111
1580858244 112
1581010663 113
1581070613 114
1581072844 115
1581159953 116
1581183489 117
1581193042 118
1581334312 119
1581339543 120
1581414559 121
1581428997 122
1581496171 123
1581509957 124
1581635783 125
1582326576 126
1582385296 127
1582391951 128
1582497549 129
1582546289 130
1582549914 131
1582555659 132
1582555762 133
1582563983 134
1582568627 135
1582571134 136
1582615975 137
1582627726 138
1582631966 139
1582645706 140
1582646299 141
1582651225 142
1582666546 143
1582673226 144
1582717298 145
1582732714 146
1582752458 147
1582795284 148
1582801259 149
1582809112 150
1582809645 151
1582836786 152
1582838314 153
1582839768 154
1582841279 155
1582842132 156
1582843507 157
1582876968 158
1582887068 159
1582888323 160
1582899172 161
1582902555 162
1582913556 163
1582978340 164
1582986686 165
1582994276 166
1583005014 167
1583006481 168
1583013290 169
1583017232 170
1583072042 171
1583080027 172
1583084335 173
1583091164 174
1583100276 175
1583151695 176
1583156047 177
1583160067 178
1583176121 179
1583186961 180
1583193843 181
1583196207 182
1583220371 183
1583239491 184
1583249276 185
1583278055 186
1583326851 187
1583329766 188
1583391427 189
1583396050 190
1583398157 191
1583405206 192
1583410520 193
1583432997 194
1583437268 195
1583446175 196
1583455362 197
1583489104 198
1583490809 199
1583491793 200
1583493356 201
1583502776 202
1583504046 203
1583518309 204
1583523014 205
1583526375 206
1583614769 207
1583614870 208
1583646243 209
1583662122 210
1583673059 211
1583692576 212
1583724944 213
1583734573 214
1583757348 215
1583763398 216
1583767396 217
1583778825 218
1583784344 219
1583826500 220
1583859888 221
1583865779 222
1583866945 223
1583871684 224
1583916382 225
1583918962 226
1583933197 227
1583937801 228
1583940791 229
1583961415 230
1583961419 231
1583980767 232
1584009266 233
1584021612 234
1584039668 235
1584043391 236
1584043427 237
1584045454 238
1584048984 239
1584049489 240
1584050949 241
1584075439 242
1584088150 243
1584102150 244
1584105279 245
1584106438 246
1584127174 247
1584132939 248
1584136241 249
1584147330 250
1584181985 251
1584184029 252
1584196519 253
1584197030 254
1584217074 255
1584217584 256
1584217661 257
1584219306 258
1584230471 259
1584256800 260
1584259794 261
1584261600 262
1584265334 263
1584267366 264
1584271870 265
1584273731 266
1584287449 267
1584288969 268
1584294018 269
1584294775 270
1584301560 271
1584305456 272
1584310953 273
1584318635 274
1584354402 275
1584359497 276
1584364160 277
1584364939 278
1584374822 279
1584382435 280
1584383414 281
1584395340 282
1584397135 283
1584398021 284
1584399325 285
1584404183 286
1584404799 287
1584431867 288
1584434985 289
1584439057 290
1584448352 291
1584456864 292
1584463592 293
1584522966 294
1584528474 295
1584532336 296
1584540882 297
1584543941 298
1584548994 299
1584554826 300
1584555817 301
1584563644 302
1584656499 303
1584693849 304
1584694425 305
1584703510 306
1584721897 307
1584790755 308
1584882275 309
1584912895 310
1584914530 311
1584974040 312
1584976533 313
1584987935 314
1585000496 315
1585178033 316
1585251319 317
1585288515 318
1585311899 319
1585327192 320
1585333771 321
1585356371 322
1585392523 323
1585430555 324
1585472433 325
1585476346 326
1585479263 327
1585509737 328
1585527163 329
1585771679 330
1585782160 331
1586096921 332
1586117364 333
1586125852 334
1586166331 335
1586180464 336
1586352309 337
1586623848 338
1586707820 339
1587059746 340
1587073381 341
1587299017 342
1587402510 343
1587471890 344
1587742326 345
1587846345 346
1587857274 347
1588163866 348
1588245006 349
1588335402 350
1588510780 351
1588868510 352
1590060606 353
1590311890 354
1592485322 355
1593215394 356
1593459816 357
1594821611 358
1595090195 359
1595513781 360
1598197407 361
1598216779 362
1598746945 363
1599039249 364
1599660548 365
1600092539 366
1600499517 367
1601107230 368
1601118883 369
1601919560 370
1602439875 371
1602851214 372
1603020178 373
1603288843 374
1603664813 375
1603825136 376
1603845303 377
1603935241 378
1605203334 379
1606742238 380
1607109632 381
1609530183 382
1609585492 383
1609760651 384
1610302473 385
1610362316 386
1610737466 387
1612189481 388
1612741922 389
1613124153 390
1615203963 391
1615486206 392
1615977722 393
1617693033 394
1618008131 395
1618480170 396
1620057781 397
1620903424 398
1621002130 399
1621008803 400
1623188200 401
1623582840 402
1624897287 403
1625062667 404
1625146262 405
1625150897 406
1625745490 407
1625758040 408
1626128467 409
1626194877 410
1626303701 411
1626381445 412
1626432208 413
1626462317 414
1626555133 415
1626704611 416
1626776151 417
1626788121 418
1627082447 419
1627092268 420
1627342013 421
1627507770 422
1627753372 423
1627934211 424
1628003846 425
1628019356 426
1628081982 427
1628113322 428
1628290380 429
1628328511 430
1628365086 431
1628478250 432
1628856811 433
1628863051 434
1629135849 435
1629328938 436
1629823533 437
1629826552 438
1629843512 439
1629849693 440
1629895787 441
1629900468 442
1629966120 443
1629976446 444
1629986322 445
1630072691 446
1630251002 447
1630267236 448
1630319757 449
1630337380 450
1630347527 451
