1579478400 2090 2 234 234
1580083200 6794 17 322 154
1580688000 3472 8 265 56
1581292800 3136 8 232 35
1581897600 2240 5 219 29
1582502400 12025 25 586 259
1583107200 21086 25 775 262
1583712000 39394 28 1272 509
1584316800 46717 84 1577 491
1584921600 35026 54 1266 164
1585526400 26780 25 1106 73
1586131200 24676 26 1000 63
1586736000 23774 40 974 65
1587340800 16421 24 775 34
1587945600 16773 11 762 24
1588550400 15833 13 709 22
1589155200 10277 10 617 14
1589760000 6670 4 473 12
1590364800 7860 5 456 11
1590969600 5380 3 358 4
1591574400 3030 0 309 1
1592179200 2962 2 297 2
1592784000 3732 0 338 8
1593388800 2018 2 248 4
1593993600 3309 3 310 4
1594598400 4664 5 360 5
