1579564800 24 0 16 16
1579651200 22 0 16 13
1579737600 134 0 39 28
1579824000 630 0 114 81
1579910400 673 2 147 68
1579996800 607 0 113 29
1580083200 962 1 143 34
1580169600 1221 4 151 32
1580256000 1187 4 155 23
1580342400 1136 3 161 22
1580428800 1145 2 143 18
1580515200 633 3 113 12
1580601600 510 0 102 13
1580688000 629 3 121 13
1580774400 616 2 114 7
1580860800 480 1 108 10
1580947200 348 1 108 3
1581033600 487 0 111 9
1581120000 540 1 121 15
1581206400 372 0 87 0
1581292800 545 0 124 8
1581379200 514 0 109 10
1581465600 430 2 107 4
1581552000 763 0 123 8
1581638400 221 0 75 2
1581724800 378 4 83 3
1581811200 285 2 71 1
1581897600 239 0 76 4
1581984000 262 0 77 1
1582070400 237 2 73 2
1582156800 241 1 79 1
1582243200 200 0 70 4
1582329600 374 1 96 7
1582416000 687 1 117 10
1582502400 1008 2 199 31
1582588800 1074 6 214 34
1582675200 1730 3 247 35
1582761600 1878 4 249 35
1582848000 2354 5 295 50
1582934400 1990 4 275 43
1583020800 1991 1 269 32
1583107200 2531 3 357 47
1583193600 2691 7 335 36
1583280000 2467 2 323 32
1583366400 3487 10 385 46
1583452800 3794 2 397 41
1583539200 2834 0 311 27
1583625600 3282 1 364 34
1583712000 3454 0 418 39
1583798400 3509 3 438 32
1583884800 3664 1 445 37
1583971200 6583 8 644 96
1584057600 5924 7 613 68
1584144000 6990 5 624 97
1584230400 9270 4 802 141
1584316800 10342 17 963 169
1584403200 7427 9 805 88
1584489600 6198 9 741 70
1584576000 5649 18 702 35
1584662400 5457 9 682 55
1584748800 5759 6 648 36
1584835200 5885 16 651 38
1584921600 6994 9 672 40
1585008000 5204 7 593 15
1585094400 4805 7 615 23
1585180800 3539 1 538 16
1585267200 4325 5 586 19
1585353600 4813 9 555 32
1585440000 5346 16 580 20
1585526400 4079 4 558 13
1585612800 3937 2 513 12
1585699200 4025 6 549 8
1585785600 3781 1 530 12
1585872000 3994 4 486 12
1585958400 3093 4 432 7
1586044800 3871 4 463 10
1586131200 4225 4 533 20
1586217600 4286 5 521 10
1586304000 4014 5 487 9
1586390400 3695 0 453 5
1586476800 2994 8 416 5
1586563200 2847 3 415 5
1586649600 2615 1 389 10
1586736000 4957 5 547 19
1586822400 3691 22 485 11
1586908800 3168 2 427 6
1586995200 3126 1 394 4
1587081600 2791 5 394 6
1587168000 2531 0 353 12
1587254400 3514 5 373 8
1587340800 2163 2 347 4
1587427200 2454 6 362 7
1587513600 2913 3 368 5
1587600000 2690 2 359 3
1587686400 2054 1 334 5
1587772800 1844 6 311 5
1587859200 2303 4 293 6
1587945600 2227 3 330 2
