1579611316 1
1579611751 2
1579629367 3
1579630675 4
1579636944 5
1579678473 6
1579724250 7
1579727177 8
1579730378 9
1579733220 10
1579734009 11
1579734792 12
1579735590 13
1579772175 14
1579776449 15
1579778672 16
1579784270 17
1579784502 18
1579791432 19
1579792912 20
1579806529 21
1579811179 22
1579849340 23
1579854262 24
1579858590 25
1579861015 26
1579861671 27
1579872263 28
1579880211 29
1579886746 30
1579887245 31
1579898020 32
1579898093 33
1579898104 34
1579898366 35
1579899120 36
1579899597 37
1579899783 38
1579899824 39
1579900290 40
1579900500 41
1579900888 42
1579901210 43
1579901630 44
1579901916 45
1579906055 46
1579906227 47
1579906859 48
1579906939 49
1579911342 50
1579915186 51
1579915723 52
1579920712 53
1579938750 54
1579943708 55
1579946835 56
1579950615 57
1579957910 58
1579962525 59
1579964705 60
1579966349 61
1579968270 62
1579975776 63
1579976055 64
1579976177 65
1579979761 66
1579979940 67
1579982056 68
1579987781 69
1579990366 70
1579995294 71
1580036556 72
1580039617 73
1580040653 74
1580063156 75
1580072563 76
1580078790 77
1580079026 78
1580130647 79
1580134245 80
1580145999 81
1580149994 82
1580150937 83
1580163355 84
1580179150 85
1580200461 86
1580210960 87
1580214642 88
1580237499 89
1580239491 90
1580239614 91
1580240823 92
1580281426 93
1580291450 94
1580292256 95
1580293317 96
1580297046 97
1580309486 98
1580329136 99
1580372528 100
1580378199 101
1580380689 102
1580381070 103
1580386391 104
1580390124 105
1580393334 106
1580472399 107
1580478927 108
1580503648 109
1580545588 110
1580546975 111
1580547601 112
1580559931 113
1580571642 114
1580645299 115
1580724385 116
1580740545 117
1580762786 118
1580763051 119
1580802759 120
1580858244 121
1580866186 122
1580920567 123
1581070613 124
1581072844 125
1581159953 126
1581183489 127
1581193042 128
1581334312 129
1581339543 130
1581428997 131
1581429752 132
1581585241 133
1581635783 134
1581943066 135
1582377942 136
1582390772 137
1582391951 138
1582420665 139
1582423902 140
1582463236 141
1582483015 142
1582497493 143
1582546289 144
1582549914 145
1582555762 146
1582562717 147
1582563983 148
1582565759 149
1582568627 150
1582573286 151
1582573993 152
1582575979 153
1582620595 154
1582627726 155
1582628613 156
1582638763 157
1582640340 158
1582645706 159
1582665550 160
1582717298 161
1582722355 162
1582728811 163
1582781146 164
1582786046 165
1582803516 166
1582809112 167
1582809645 168
1582810821 169
1582826009 170
1582833326 171
1582836786 172
1582838314 173
1582839768 174
1582841279 175
1582847664 176
1582870865 177
1582876968 178
1582880484 179
1582887068 180
1582899158 181
1582906321 182
1582913556 183
1582918892 184
1582976265 185
1582993180 186
1582994276 187
1583005014 188
1583006481 189
1583013290 190
1583044078 191
1583082260 192
1583089711 193
1583091915 194
1583105552 195
1583136924 196
1583143847 197
1583148676 198
1583151672 199
1583155695 200
1583156047 201
1583159875 202
1583165324 203
1583176819 204
1583187874 205
1583220371 206
1583226444 207
1583238361 208
1583244336 209
1583266056 210
1583271259 211
1583317526 212
1583326851 213
1583329766 214
1583387023 215
1583391427 216
1583396050 217
1583405206 218
1583410520 219
1583411088 220
1583413520 221
1583426515 222
1583434109 223
1583438645 224
1583444894 225
1583489104 226
1583502942 227
1583506817 228
1583518309 229
1583523508 230
1583526375 231
1583587384 232
1583608959 233
1583614769 234
1583616071 235
1583663416 236
1583675607 237
1583680914 238
1583700177 239
1583703376 240
1583744788 241
1583757348 242
1583763567 243
1583791485 244
1583832986 245
1583836407 246
1583871684 247
1583912331 248
1583912883 249
1583916382 250
1583918962 251
1583933197 252
1583951652 253
1583988858 254
1584021612 255
1584036545 256
1584042253 257
1584050949 258
1584091257 259
1584105279 260
1584106094 261
1584114937 262
1584119351 263
1584137986 264
1584147330 265
1584149891 266
1584184029 267
1584186496 268
1584196519 269
1584197030 270
1584215272 271
1584217074 272
1584217661 273
1584218398 274
1584218757 275
1584220750 276
1584222407 277
1584231836 278
1584256800 279
1584261735 280
1584265334 281
1584269354 282
1584271870 283
1584271991 284
1584273731 285
1584273797 286
1584279118 287
1584284093 288
1584288969 289
1584291410 290
1584294775 291
1584302599 292
1584309219 293
1584310953 294
1584312368 295
1584346978 296
1584355923 297
1584357965 298
1584358947 299
1584364160 300
1584373996 301
1584382435 302
1584382672 303
1584388081 304
1584388104 305
1584389457 306
1584404183 307
1584439057 308
1584442072 309
1584443833 310
1584448352 311
1584456864 312
1584459663 313
1584532336 314
1584543941 315
1584548994 316
1584570380 317
1584630607 318
1584632885 319
1584703510 320
1584704650 321
1584721897 322
1584734704 323
1584749771 324
1584800258 325
1584810580 326
1584829731 327
1584870156 328
1584912895 329
1584916972 330
1584976533 331
1584987113 332
1585288515 333
1585328490 334
1585333771 335
1585356371 336
1585387998 337
1585421386 338
1585479263 339
1585479332 340
1585498217 341
1585499064 342
1585602970 343
1585655891 344
1585771679 345
1585782160 346
1585911361 347
1586024419 348
1586098273 349
1586166331 350
1586167525 351
1586180464 352
1586207756 353
1586209225 354
1586220876 355
1586287352 356
1586352309 357
1586443351 358
1586480270 359
1586623848 360
1586707820 361
1586819093 362
1586979899 363
1587402510 364
1587471890 365
1587539243 366
1587645366 367
1587891002 368
1588015992 369
1588163866 370
1588335402 371
1588964238 372
1589279565 373
1590174302 374
1590674666 375
1591271783 376
1592898386 377
1593215394 378
1594303365 379
1594821611 380
1595090195 381
1595262121 382
1595680752 383
1595886709 384
1596145097 385
1597020246 386
1597917450 387
1598216779 388
1598799027 389
1598802393 390
1598869391 391
1599039249 392
1599660548 393
1600102759 394
1600127038 395
1600390943 396
1600452959 397
1600499517 398
1600547248 399
1600683145 400
