1580083200 235 12 223
1580688000 389 29 360
1581292800 445 38 407
1581897600 480 46 434
1582502400 509 53 456
1583107200 768 73 695
1583712000 1031 124 907
1584316800 1541 264 1277
1584921600 2032 575 1457
1585526400 2197 771 1426
1586131200 2270 925 1345
1586736000 2333 1081 1252
1587340800 2398 1228 1170
1587945600 2433 1348 1085
1588550400 2457 1472 985
1589155200 2479 1609 870
1589760000 2493 1760 733
1590364800 2505 1851 654
1590969600 2516 1972 544
1591574400 2520 2080 440
1592179200 2521 2183 338
