1579611316 1
1579611555 2
1579617811 3
1579621979 4
1579622150 5
1579629367 6
1579630675 7
1579630765 8
1579631666 9
1579636944 10
1579639995 11
1579640280 12
1579640775 13
1579646008 14
1579678473 15
1579693339 16
1579724250 17
1579727123 18
1579727177 19
1579727975 20
1579730378 21
1579733220 22
1579734009 23
1579734215 24
1579734792 25
1579735590 26
1579737627 27
1579740900 28
1579760592 29
1579775467 30
1579777951 31
1579778672 32
1579778830 33
1579784057 34
1579784270 35
1579784502 36
1579792908 37
1579792912 38
1579793677 39
1579806529 40
1579811179 41
1579822944 42
1579823091 43
1579826431 44
1579840018 45
1579844499 46
1579849146 47
1579849340 48
1579852403 49
1579853947 50
1579854262 51
1579858552 52
1579858590 53
1579861015 54
1579861671 55
1579863724 56
1579870844 57
1579872263 58
1579873194 59
1579875857 60
1579880211 61
1579886544 62
1579886746 63
1579887245 64
1579888707 65
1579892037 66
1579897192 67
1579897615 68
1579898020 69
1579898093 70
1579898104 71
1579898295 72
1579898366 73
1579899120 74
1579899597 75
1579899783 76
1579899824 77
1579900037 78
1579900093 79
1579900136 80
1579900290 81
1579900351 82
1579900500 83
1579900515 84
1579900888 85
1579901083 86
1579901210 87
1579901630 88
1579901787 89
1579901886 90
1579901916 91
1579902344 92
1579903110 93
1579904655 94
1579904963 95
1579905912 96
1579906049 97
1579906055 98
1579906227 99
1579906351 100
1579906859 101
1579906939 102
1579906979 103
1579907338 104
1579908229 105
1579908293 106
1579908329 107
1579909219 108
1579911342 109
1579915723 110
1579916416 111
1579917630 112
1579919733 113
1579920712 114
1579922026 115
1579924938 116
1579934676 117
1579938071 118
1579940047 119
1579943708 120
1579943871 121
1579946835 122
1579947909 123
1579949445 124
1579949677 125
1579950615 126
1579951945 127
1579953209 128
1579957910 129
1579958330 130
1579962525 131
1579964705 132
1579966349 133
1579966383 134
1579967349 135
1579968270 136
1579969765 137
1579972896 138
1579973982 139
1579975431 140
1579975776 141
1579976055 142
1579976177 143
1579977121 144
1579978580 145
1579979761 146
1579979940 147
1579982056 148
1579982100 149
1579984623 150
1579986219 151
1579987781 152
1579990366 153
1579995294 154
1579999312 155
1580023491 156
1580025385 157
1580032617 158
1580032644 159
1580036556 160
1580037245 161
1580039617 162
1580039816 163
1580040653 164
1580044253 165
1580056459 166
1580063156 167
1580069107 168
1580072563 169
1580073364 170
1580077054 171
1580079026 172
1580081552 173
1580082532 174
1580109046 175
1580116947 176
1580119156 177
1580122138 178
1580129294 179
1580129688 180
1580130647 181
1580133359 182
1580134245 183
1580135310 184
1580135506 185
1580141917 186
1580142357 187
1580143850 188
1580145999 189
1580147519 190
1580149929 191
1580149994 192
1580150937 193
1580152565 194
1580153583 195
1580157337 196
1580162604 197
1580163235 198
1580163355 199
1580179150 200
1580180392 201
1580186044 202
1580200461 203
1580205290 204
1580208217 205
1580208891 206
1580209087 207
1580209441 208
1580209664 209
1580209714 210
1580210960 211
1580214642 212
1580215390 213
1580215430 214
1580218095 215
1580233880 216
1580237499 217
1580239491 218
1580239614 219
1580239642 220
1580242009 221
1580244435 222
1580246007 223
1580252123 224
1580281426 225
1580286821 226
1580291450 227
1580292256 228
1580293461 229
1580294692 230
1580297046 231
1580308050 232
1580309486 233
1580328596 234
1580329136 235
1580352894 236
1580372528 237
1580378199 238
1580379102 239
1580380689 240
1580381070 241
1580386391 242
1580389339 243
1580390124 244
1580396988 245
1580404348 246
1580418110 247
1580419059 248
1580420960 249
1580461280 250
1580468550 251
1580472399 252
1580473279 253
1580474163 254
1580477055 255
1580478927 256
1580484853 257
1580494200 258
1580495775 259
1580505690 260
1580545588 261
1580546975 262
1580547601 263
1580559931 264
1580563178 265
1580571642 266
1580596569 267
1580602005 268
1580611880 269
1580615662 270
1580645299 271
1580647089 272
1580654725 273
1580655562 274
1580659674 275
1580673381 276
1580682687 277
1580684741 278
1580699492 279
1580716630 280
1580721735 281
1580724385 282
1580740545 283
1580740922 284
1580762786 285
1580763051 286
1580772379 287
1580802759 288
1580825801 289
1580836548 290
1580837864 291
1580858244 292
1580866186 293
1580889641 294
1580920567 295
1580921681 296
1580921851 297
1580986937 298
1581010663 299
1581061851 300
1581070613 301
1581072844 302
1581118315 303
1581119816 304
1581158479 305
1581159381 306
1581159953 307
1581162629 308
1581177359 309
1581181207 310
1581183489 311
1581187306 312
1581193042 313
1581195345 314
1581331161 315
1581331394 316
1581334312 317
1581339543 318
1581352644 319
1581412981 320
1581414559 321
1581419656 322
1581428997 323
1581429752 324
1581435264 325
1581449554 326
1581496171 327
1581509957 328
1581612353 329
1581635783 330
1581646190 331
1581770395 332
1581771472 333
1581798034 334
1581884638 335
1581924361 336
1581943066 337
1581998295 338
1582116561 339
1582272984 340
1582282745 341
1582326576 342
1582377942 343
1582390772 344
1582391951 345
1582396817 346
1582402425 347
1582420665 348
1582423902 349
1582456071 350
1582463236 351
1582482830 352
1582483015 353
1582497493 354
1582497549 355
1582535958 356
1582537820 357
1582546289 358
1582547431 359
1582549050 360
1582549138 361
1582549914 362
1582554319 363
1582555762 364
1582561004 365
1582561573 366
1582561978 367
1582563983 368
1582565270 369
1582565759 370
1582568627 371
1582571134 372
1582573286 373
1582573993 374
1582575979 375
1582598944 376
1582614333 377
1582615975 378
1582620595 379
1582627726 380
1582628613 381
1582629053 382
1582630446 383
1582630853 384
1582631966 385
1582638763 386
1582640340 387
1582641162 388
1582645706 389
1582646299 390
1582650461 391
1582651225 392
1582655367 393
1582662828 394
1582665550 395
1582666546 396
1582673226 397
1582715238 398
1582715729 399
1582716039 400
1582717298 401
1582720744 402
1582722355 403
1582728811 404
1582730322 405
1582732492 406
1582732714 407
1582735067 408
1582735601 409
1582736182 410
1582737595 411
1582738899 412
1582739226 413
1582740609 414
1582752458 415
1582754587 416
1582755496 417
1582786046 418
1582795284 419
1582797889 420
1582803516 421
1582806431 422
1582809112 423
1582809645 424
1582810821 425
1582811752 426
1582818178 427
1582822971 428
1582826009 429
1582827871 430
1582836786 431
1582837282 432
1582838314 433
1582839768 434
1582841199 435
1582841279 436
1582842132 437
1582843507 438
1582843895 439
1582847664 440
1582849603 441
1582851554 442
1582870865 443
1582876968 444
1582879735 445
1582880484 446
1582883645 447
1582883970 448
1582884112 449
1582886279 450
1582886664 451
1582887068 452
1582888323 453
1582889001 454
1582891735 455
1582899158 456
1582899172 457
1582900772 458
1582901972 459
1582902555 460
1582903999 461
1582909276 462
1582911754 463
1582913556 464
1582918759 465
1582918892 466
1582919717 467
1582920244 468
1582922689 469
1582923317 470
1582923575 471
1582923783 472
1582931983 473
1582933156 474
1582939292 475
1582959634 476
1582960509 477
1582962507 478
1582972173 479
1582974341 480
1582976265 481
1582976268 482
1582978340 483
1582986017 484
1582987636 485
1582990379 486
1582992395 487
1582993180 488
1582994276 489
1582998494 490
1582999938 491
1583000348 492
1583002524 493
1583005014 494
1583005572 495
1583010636 496
1583010946 497
1583011724 498
1583013290 499
1583017232 500
1583018787 501
1583061724 502
1583062578 503
1583065191 504
1583072042 505
1583074110 506
1583082260 507
1583083304 508
1583084335 509
1583085795 510
1583087673 511
1583090422 512
1583090849 513
1583091164 514
1583091777 515
1583091915 516
1583093498 517
1583093841 518
1583095000 519
1583100276 520
1583101696 521
1583102192 522
1583105552 523
1583108849 524
1583115640 525
1583131695 526
1583132608 527
1583136924 528
1583143847 529
1583148676 530
1583151672 531
1583151695 532
1583154010 533
1583155665 534
1583155695 535
1583156047 536
1583157797 537
1583158490 538
1583159875 539
1583162859 540
1583165324 541
1583168212 542
1583168388 543
1583168876 544
1583170301 545
1583170657 546
1583176819 547
1583181768 548
1583184797 549
1583186026 550
1583186484 551
1583186961 552
1583187874 553
1583189093 554
1583193843 555
1583196207 556
1583198653 557
1583220371 558
1583233159 559
1583235269 560
1583238361 561
1583238806 562
1583239491 563
1583239723 564
1583240739 565
1583246002 566
1583255173 567
1583260664 568
1583265571 569
1583265761 570
1583266056 571
1583266872 572
1583268079 573
1583269982 574
1583271259 575
1583271873 576
1583278055 577
1583279920 578
1583307812 579
1583316804 580
1583317526 581
1583323546 582
1583324701 583
1583326008 584
1583326851 585
1583329766 586
1583333553 587
1583335222 588
1583337199 589
1583344069 590
1583346646 591
1583347076 592
1583352957 593
1583359476 594
1583364588 595
1583387023 596
1583390165 597
1583391427 598
1583396050 599
1583397004 600
1583398157 601
1583398264 602
1583402131 603
1583405779 604
1583407969 605
1583410520 606
1583411088 607
1583413520 608
1583415867 609
1583426515 610
1583428076 611
1583432997 612
1583434109 613
1583437042 614
1583437268 615
1583437934 616
1583438645 617
1583442074 618
1583444894 619
1583446175 620
1583448634 621
1583455362 622
1583456117 623
1583460415 624
1583476393 625
1583486516 626
1583488161 627
1583489104 628
1583489620 629
1583491793 630
1583493356 631
1583500372 632
1583502357 633
1583502776 634
1583502942 635
1583504046 636
1583504220 637
1583506817 638
1583516683 639
1583518309 640
1583523014 641
1583525044 642
1583526375 643
1583538214 644
1583543124 645
1583570868 646
1583574314 647
1583584152 648
1583587384 649
1583589852 650
1583599326 651
1583601605 652
1583604168 653
1583608959 654
1583614769 655
1583614870 656
1583615655 657
1583616071 658
1583619428 659
1583625739 660
1583660557 661
1583662122 662
1583663416 663
1583669007 664
1583673059 665
1583675607 666
1583680251 667
1583680914 668
1583690335 669
1583696359 670
1583696780 671
1583699910 672
1583700177 673
1583703376 674
1583706195 675
1583724944 676
1583734573 677
1583737708 678
1583744677 679
1583744788 680
1583757348 681
1583761852 682
1583762414 683
1583763567 684
1583768722 685
1583770805 686
1583778825 687
1583782888 688
1583784344 689
1583785090 690
1583787396 691
1583790111 692
1583790496 693
1583791485 694
1583799918 695
1583800460 696
1583801264 697
1583816476 698
1583826500 699
1583830685 700
1583832091 701
1583832986 702
1583842421 703
1583848213 704
1583849807 705
1583855713 706
1583859888 707
1583865779 708
1583912883 709
1583913184 710
1583916382 711
1583922046 712
1583931353 713
1583933197 714
1583941386 715
1583949421 716
1583949647 717
1583957008 718
1583958576 719
1583961415 720
1583961419 721
1583963329 722
1583969483 723
1583969544 724
1583970080 725
1583980767 726
1583988858 727
1583992428 728
1583998732 729
1584000090 730
1584001484 731
1584007776 732
1584009266 733
1584009297 734
1584009316 735
1584009865 736
1584011401 737
1584013582 738
1584014076 739
1584021612 740
1584022009 741
1584022269 742
1584024031 743
1584036545 744
1584039510 745
1584039668 746
1584040451 747
1584041336 748
1584042253 749
1584043275 750
1584043316 751
1584043330 752
1584043367 753
1584043391 754
1584043427 755
1584043515 756
1584043646 757
1584043738 758
1584044405 759
1584045196 760
1584045454 761
1584045733 762
1584047957 763
1584048984 764
1584049489 765
1584049823 766
1584050059 767
1584050165 768
1584051350 769
1584052927 770
1584053131 771
1584054807 772
1584055601 773
1584055645 774
1584057057 775
1584059849 776
1584060080 777
1584079568 778
1584083341 779
1584088091 780
1584088150 781
1584090231 782
1584091257 783
1584094450 784
1584095317 785
1584100275 786
1584102150 787
1584105279 788
1584106094 789
1584106438 790
1584107665 791
1584114458 792
1584114937 793
1584118451 794
1584119351 795
1584120803 796
1584125525 797
1584125944 798
1584127174 799
1584127716 800
1584132939 801
1584136241 802
1584136753 803
1584137812 804
1584137986 805
1584139102 806
1584145853 807
1584147330 808
1584149891 809
1584166434 810
1584176087 811
1584177771 812
1584179949 813
1584181985 814
1584183437 815
1584184029 816
1584184613 817
1584186496 818
1584186875 819
1584189688 820
1584190967 821
1584192993 822
1584196516 823
1584196519 824
1584197030 825
1584203493 826
1584212096 827
1584215272 828
1584215574 829
1584215953 830
1584216016 831
1584217074 832
1584217468 833
1584217510 834
1584217584 835
1584217661 836
1584217938 837
1584218926 838
1584219923 839
1584220750 840
1584220896 841
1584221080 842
1584221664 843
1584221734 844
1584222342 845
1584222407 846
1584223522 847
1584223806 848
1584224552 849
1584226387 850
1584228448 851
1584228655 852
1584231105 853
1584231127 854
1584231836 855
1584232760 856
1584234405 857
1584235846 858
1584237774 859
1584252017 860
1584256800 861
1584258453 862
1584259794 863
1584261600 864
1584261735 865
1584263727 866
1584265334 867
1584268067 868
1584268285 869
1584268451 870
1584268453 871
1584269354 872
1584271431 873
1584271621 874
1584271870 875
1584272080 876
1584272379 877
1584272453 878
1584273705 879
1584273731 880
1584273824 881
1584274228 882
1584275106 883
1584275526 884
1584279118 885
1584280143 886
1584281015 887
1584283191 888
1584284060 889
1584287018 890
1584287449 891
1584288969 892
1584289446 893
1584291410 894
1584291824 895
1584293260 896
1584293396 897
1584293788 898
1584294018 899
1584294397 900
1584294775 901
1584295551 902
1584296028 903
1584297172 904
1584299330 905
1584299433 906
1584300239 907
1584301598 908
1584302599 909
1584303737 910
1584304546 911
1584305241 912
1584305456 913
1584305965 914
1584306689 915
1584307335 916
1584309219 917
1584310057 918
1584310953 919
1584311800 920
1584311899 921
1584313412 922
1584313855 923
1584320675 924
1584322907 925
1584328789 926
1584335305 927
1584346635 928
1584346691 929
1584347607 930
1584349240 931
1584352274 932
1584353819 933
1584354266 934
1584354402 935
1584355923 936
1584356462 937
1584356886 938
1584357965 939
1584358947 940
1584359105 941
1584360103 942
1584360150 943
1584360428 944
1584362027 945
1584362632 946
1584363072 947
1584363197 948
1584364939 949
1584365561 950
1584366717 951
1584368013 952
1584369942 953
1584370980 954
1584373765 955
1584373996 956
1584374822 957
1584376760 958
1584377840 959
1584378341 960
1584378406 961
1584379994 962
1584382435 963
1584382656 964
1584382672 965
1584383414 966
1584383981 967
1584384311 968
1584384880 969
1584386768 970
1584387555 971
1584388317 972
1584388677 973
1584389086 974
1584389164 975
1584391129 976
1584392665 977
1584393686 978
1584394351 979
1584395340 980
1584395914 981
1584396782 982
1584396903 983
1584397235 984
1584397371 985
1584398021 986
1584398423 987
1584398809 988
1584399325 989
1584400031 990
1584400404 991
1584400951 992
1584401321 993
1584402626 994
1584404183 995
1584404799 996
1584425548 997
1584425562 998
1584428360 999
1584430471 1000
1584431436 1001
1584431867 1002
1584435525 1003
1584436657 1004
1584436958 1005
1584438638 1006
1584439057 1007
1584442072 1008
1584444634 1009
1584445633 1010
1584446266 1011
1584446346 1012
1584447511 1013
1584447649 1014
1584448352 1015
1584448666 1016
1584449225 1017
1584451843 1018
1584454587 1019
1584456251 1020
1584456762 1021
1584456864 1022
1584460331 1023
1584461187 1024
1584462802 1025
1584462843 1026
1584463321 1027
1584463592 1028
1584465561 1029
1584466305 1030
1584474056 1031
1584474341 1032
1584477179 1033
1584482613 1034
1584483980 1035
1584491082 1036
1584491238 1037
1584491596 1038
1584516458 1039
1584518900 1040
1584521381 1041
1584522966 1042
1584525695 1043
1584532336 1044
1584534894 1045
1584535086 1046
1584535092 1047
1584535418 1048
1584540882 1049
1584543159 1050
1584543941 1051
1584544153 1052
1584544402 1053
1584548445 1054
1584548994 1055
1584553192 1056
1584555053 1057
1584555817 1058
1584557544 1059
1584558627 1060
1584558724 1061
1584560624 1062
1584562554 1063
1584562987 1064
1584563644 1065
1584563691 1066
1584567177 1067
1584578348 1068
1584579271 1069
1584612873 1070
1584625355 1071
1584630607 1072
1584632885 1073
1584633341 1074
1584633994 1075
1584639441 1076
1584653809 1077
1584677227 1078
1584687656 1079
1584690136 1080
1584692267 1081
1584694425 1082
1584702105 1083
1584703510 1084
1584703810 1085
1584704184 1086
1584705429 1087
1584707866 1088
1584710739 1089
1584716945 1090
1584720083 1091
1584721897 1092
1584722315 1093
1584723403 1094
1584723771 1095
1584723799 1096
1584725420 1097
1584727960 1098
1584732857 1099
1584736301 1100
1584736744 1101
1584737972 1102
1584743929 1103
1584745107 1104
1584746236 1105
1584747353 1106
1584749771 1107
1584756654 1108
1584757668 1109
1584786444 1110
1584796003 1111
1584800258 1112
1584800351 1113
1584808466 1114
1584810580 1115
1584816530 1116
1584822807 1117
1584823233 1118
1584826291 1119
1584826700 1120
1584827001 1121
1584829731 1122
1584829988 1123
1584831484 1124
1584833133 1125
1584833292 1126
1584833711 1127
1584835338 1128
1584836185 1129
1584842394 1130
1584844297 1131
1584848947 1132
1584859364 1133
1584864825 1134
1584864858 1135
1584867378 1136
1584869616 1137
1584870156 1138
1584870476 1139
1584874411 1140
1584876458 1141
1584878907 1142
1584882275 1143
1584883291 1144
1584885004 1145
1584885828 1146
1584887480 1147
1584892537 1148
1584892582 1149
1584894447 1150
1584898106 1151
1584901804 1152
1584902064 1153
1584906437 1154
1584907450 1155
1584907891 1156
1584911090 1157
1584911108 1158
1584912895 1159
1584914530 1160
1584916381 1161
1584916972 1162
1584918155 1163
1584919668 1164
1584920397 1165
1584922415 1166
1584922910 1167
1584927024 1168
1584942277 1169
1584947455 1170
1584947476 1171
1584962174 1172
1584963313 1173
1584965033 1174
1584965227 1175
1584969000 1176
1584969036 1177
1584971706 1178
1584972873 1179
1584974040 1180
1584974126 1181
1584976460 1182
1584976533 1183
1584976807 1184
1584977452 1185
1584978015 1186
1584979589 1187
1584980297 1188
1584980375 1189
1584980772 1190
1584981484 1191
1584982934 1192
1584984735 1193
1584985383 1194
1584987113 1195
1584987935 1196
1584990539 1197
1584994701 1198
1584995707 1199
1584997043 1200
1584999386 1201
1585000496 1202
1585000939 1203
1585002202 1204
1585003050 1205
1585030438 1206
1585038916 1207
1585042190 1208
1585043303 1209
1585044668 1210
1585044738 1211
1585049243 1212
1585062493 1213
1585065861 1214
1585069332 1215
1585070050 1216
1585073473 1217
1585076131 1218
1585082818 1219
1585087377 1220
1585119539 1221
1585123565 1222
1585123787 1223
1585126202 1224
1585126539 1225
1585132908 1226
1585139712 1227
1585150674 1228
1585151330 1229
1585151754 1230
1585156434 1231
1585156497 1232
1585156664 1233
1585157991 1234
1585159248 1235
1585160325 1236
1585163221 1237
1585164365 1238
1585168749 1239
1585169363 1240
1585169819 1241
1585178033 1242
1585180771 1243
1585184143 1244
1585184813 1245
1585191549 1246
1585217953 1247
1585218593 1248
1585219537 1249
1585228728 1250
1585229842 1251
1585238066 1252
1585240672 1253
1585243652 1254
1585251319 1256
1585251319 1256
1585261803 1257
1585261920 1258
1585262332 1259
1585263851 1260
1585268345 1261
1585288515 1262
1585301109 1263
1585304706 1264
1585305658 1265
1585310549 1266
1585311433 1267
1585311899 1268
1585314085 1269
1585316504 1270
1585319094 1271
1585319159 1272
1585322469 1273
1585327192 1274
1585328026 1275
1585328490 1276
1585333771 1277
1585346148 1278
1585350976 1279
1585353990 1280
1585356207 1281
1585356371 1282
1585360524 1283
1585361662 1284
1585369988 1285
1585382707 1286
1585386805 1287
1585387998 1288
1585388193 1289
1585389750 1290
1585392523 1291
1585392618 1292
1585394792 1293
1585394884 1294
1585396836 1295
1585398129 1296
1585398427 1297
1585400478 1298
1585404098 1299
1585404557 1300
1585412626 1301
1585414574 1302
1585417603 1303
1585419974 1304
1585420272 1305
1585420291 1306
1585421386 1307
1585423320 1308
1585424064 1309
