1579611316 1
1579611555 2
1579621979 3
1579622150 4
1579629367 5
1579636944 6
1579639995 7
1579640280 8
1579640775 9
1579646008 10
1579678473 11
1579724250 12
1579727123 13
1579727177 14
1579730378 15
1579733220 16
1579734009 17
1579734215 18
1579734792 19
1579735590 20
1579740900 21
1579760592 22
1579772175 23
1579776449 24
1579778672 25
1579784057 26
1579784502 27
1579793640 28
1579806529 29
1579811179 30
1579827367 31
1579844499 32
1579849340 33
1579853947 34
1579854262 35
1579858590 36
1579861015 37
1579861671 38
1579870844 39
1579872263 40
1579873194 41
1579880211 42
1579886746 43
1579887245 44
1579888707 45
1579897192 46
1579897615 47
1579898093 48
1579898104 49
1579899120 50
1579899597 51
1579899783 52
1579899824 53
1579900093 54
1579900136 55
1579900290 56
1579900351 57
1579900500 58
1579900515 59
1579900888 60
1579901210 61
1579901630 62
1579901886 63
1579901916 64
1579902344 65
1579904655 66
1579905912 67
1579906049 68
1579906227 69
1579906351 70
1579906859 71
1579906939 72
1579906979 73
1579908329 74
1579911342 75
1579915723 76
1579916416 77
1579917630 78
1579919733 79
1579920712 80
1579922026 81
1579940047 82
1579943708 83
1579944323 84
1579946835 85
1579949445 86
1579949468 87
1579951945 88
1579956895 89
1579957910 90
1579961635 91
1579962525 92
1579966349 93
1579966383 94
1579967349 95
1579968270 96
1579972703 97
1579975431 98
1579975776 99
1579976055 100
1579976177 101
1579978580 102
1579979761 103
1579979940 104
1579982056 105
1579982100 106
1579984623 107
1579987781 108
1579990366 109
1579995294 110
1580025385 111
1580032644 112
1580036556 113
1580039617 114
1580039816 115
1580040653 116
1580072563 117
1580077054 118
1580079026 119
1580081552 120
1580082532 121
1580109046 122
1580121793 123
1580130647 124
1580134245 125
1580135506 126
1580142357 127
1580145999 128
1580147519 129
1580149929 130
1580150937 131
1580163355 132
1580179150 133
1580205290 134
1580209087 135
1580214642 136
1580215430 137
1580218095 138
1580234905 139
1580237499 140
1580239491 141
1580239614 142
1580239642 143
1580244435 144
1580246007 145
1580281426 146
1580292256 147
1580294692 148
1580297046 149
1580309486 150
1580328596 151
1580329136 152
1580372528 153
1580378199 154
1580380689 155
1580381070 156
1580386391 157
1580390124 158
1580404348 159
1580472399 160
1580474163 161
1580478927 162
1580484853 163
1580505690 164
1580545588 165
1580546975 166
1580547601 167
1580555486 168
1580559931 169
1580571642 170
1580596569 171
1580611880 172
1580615662 173
1580645299 174
1580647089 175
1580654725 176
1580673381 177
1580699492 178
1580721735 179
1580724385 180
1580740545 181
1580762786 182
1580763051 183
1580802759 184
1580819234 185
1580825801 186
1580920567 187
1580978260 188
1580986937 189
1581010663 190
1581061851 191
1581070613 192
1581072844 193
1581159381 194
1581159953 195
1581176407 196
1581177359 197
1581183489 198
1581187306 199
1581193042 200
1581195345 201
1581331161 202
1581331394 203
1581414559 204
1581428997 205
1581429752 206
1581496171 207
1581509957 208
1581610854 209
1581635783 210
1581770395 211
1581943066 212
1582116561 213
1582272984 214
1582377942 215
1582391951 216
1582402425 217
1582420665 218
1582423902 219
1582497493 220
1582497549 221
1582535958 222
1582546289 223
1582547431 224
1582549914 225
1582555762 226
1582558442 227
1582561004 228
1582561978 229
1582562717 230
1582563983 231
1582568627 232
1582571134 233
1582573286 234
1582575979 235
1582615975 236
1582620595 237
1582627726 238
1582628613 239
1582629053 240
1582631966 241
1582638763 242
1582641162 243
1582645706 244
1582650461 245
1582651225 246
1582666546 247
1582668436 248
1582673226 249
1582720744 250
1582722355 251
1582738899 252
1582739226 253
1582740609 254
1582752458 255
1582753999 256
1582755496 257
1582781146 258
1582786046 259
1582795284 260
1582803516 261
1582809112 262
1582809645 263
1582836786 264
1582838841 265
1582839768 266
1582841279 267
1582843507 268
1582849603 269
1582870865 270
1582876968 271
1582880893 272
1582883970 273
1582887068 274
1582888323 275
1582889001 276
1582899158 277
1582899172 278
1582906321 279
1582913556 280
1582918759 281
1582918892 282
1582919717 283
1582920244 284
1582923783 285
1582931983 286
1582939292 287
1582960509 288
1582974341 289
1582976265 290
1582976268 291
1582987636 292
1582993180 293
1582994276 294
1582999938 295
1583002524 296
1583005014 297
1583006481 298
1583010636 299
1583013290 300
1583018787 301
1583061724 302
1583072042 303
1583074110 304
1583082260 305
1583084335 306
1583087673 307
1583090422 308
1583091164 309
1583091915 310
1583095000 311
1583100276 312
1583101696 313
1583105552 314
1583108849 315
1583115640 316
1583131695 317
1583136924 318
1583143847 319
1583148676 320
1583151672 321
1583151695 322
1583155695 323
1583156047 324
1583159875 325
1583166187 326
1583168876 327
1583170301 328
1583184677 329
1583184797 330
1583186026 331
1583186961 332
1583220371 333
1583235269 334
1583238361 335
1583239723 336
1583257851 337
1583265761 338
1583266056 339
1583268079 340
1583269982 341
1583271259 342
1583271873 343
1583279920 344
1583317526 345
1583329707 346
1583329766 347
1583335222 348
1583364588 349
1583387023 350
1583391427 351
1583397004 352
1583398157 353
1583398264 354
1583399990 355
1583405206 356
1583410520 357
1583413297 358
1583413520 359
1583426515 360
1583432997 361
1583434109 362
1583437268 363
1583437934 364
1583438645 365
1583444894 366
1583451252 367
1583455362 368
1583460415 369
1583476393 370
1583486516 371
1583489104 372
1583490809 373
1583493356 374
1583502776 375
1583502942 376
1583504046 377
1583506817 378
1583526375 379
1583539557 380
1583543124 381
1583570868 382
1583580628 383
1583587384 384
1583589852 385
1583614769 386
1583614870 387
1583625739 388
1583646243 389
1583662122 390
1583680251 391
1583680914 392
1583692576 393
1583696359 394
1583699910 395
1583700177 396
1583703376 397
1583709824 398
1583724944 399
1583737708 400
1583744788 401
1583757348 402
1583763567 403
1583768722 404
1583772231 405
1583778825 406
1583784344 407
1583790111 408
1583816476 409
1583830685 410
1583832986 411
1583855713 412
1583859888 413
1583866945 414
1583916382 415
1583931353 416
1583933197 417
1583941386 418
1583958576 419
1583961415 420
1583961419 421
1583964215 422
1583969544 423
1583980767 424
1583998732 425
1584009266 426
1584009297 427
1584009865 428
1584013582 429
1584014076 430
1584035120 431
1584036545 432
1584039668 433
1584043316 434
1584043330 435
1584043391 436
1584044318 437
1584044872 438
1584045733 439
1584047957 440
1584048984 441
1584049489 442
1584050059 443
1584050165 444
1584050949 445
1584052927 446
1584055601 447
1584055645 448
1584057057 449
1584059485 450
1584060080 451
1584079568 452
1584088091 453
1584091257 454
1584102150 455
1584105279 456
1584106094 457
1584106438 458
1584107665 459
1584118451 460
1584125944 461
1584127174 462
1584136241 463
1584137812 464
1584137986 465
1584145853 466
1584147330 467
1584149891 468
1584166434 469
1584176087 470
1584181088 471
1584184029 472
1584186496 473
1584190967 474
1584192993 475
1584196516 476
1584196519 477
1584197030 478
1584215272 479
1584217074 480
1584217468 481
1584217584 482
1584218398 483
1584220750 484
1584221664 485
1584221734 486
1584222407 487
1584223121 488
1584226730 489
1584228448 490
1584231836 491
1584232760 492
1584252017 493
1584258453 494
1584261600 495
1584263125 496
1584269354 497
1584271870 498
1584273705 499
1584283191 500
1584284060 501
1584288969 502
1584291410 503
1584294018 504
1584294643 505
1584294775 506
1584297172 507
1584299330 508
1584300239 509
1584301560 510
1584301598 511
1584302599 512
1584303737 513
1584305456 514
1584305965 515
1584309219 516
1584310953 517
1584313412 518
1584346978 519
1584354266 520
1584354402 521
1584355923 522
1584356886 523
1584357965 524
1584358947 525
1584359592 526
1584360103 527
1584362027 528
1584363072 529
1584368013 530
1584370980 531
1584373996 532
1584374822 533
1584376760 534
1584378341 535
1584378406 536
1584379994 537
1584382435 538
1584382672 539
1584386768 540
1584387555 541
1584388677 542
1584389629 543
1584392665 544
1584394251 545
1584397135 546
1584397371 547
1584398021 548
1584398423 549
1584398809 550
1584400951 551
1584401321 552
1584404183 553
1584436657 554
1584436958 555
1584442072 556
1584443285 557
1584445633 558
1584446346 559
1584447649 560
1584454587 561
1584456864 562
1584457880 563
1584461187 564
1584465037 565
1584466305 566
1584477179 567
1584516458 568
1584525126 569
1584535086 570
1584540882 571
1584548445 572
1584548994 573
1584554826 574
1584555817 575
1584560624 576
1584562554 577
1584578845 578
1584612873 579
1584625355 580
1584630607 581
1584637159 582
1584639441 583
1584649964 584
1584677227 585
1584694425 586
1584698690 587
1584703510 588
1584705429 589
1584721897 590
1584722978 591
1584723771 592
1584725420 593
1584745107 594
1584749771 595
1584756654 596
1584790755 597
1584800258 598
1584800351 599
1584810580 600
1584831484 601
1584864825 602
1584870156 603
1584883291 604
1584885004 605
1584892537 606
1584892582 607
1584894447 608
1584902064 609
1584907891 610
1584912895 611
1584927024 612
1584947476 613
1584962174 614
1584971706 615
1584974040 616
1584976533 617
1584980375 618
1584980772 619
1584985383 620
1584987113 621
1584990539 622
1585000496 623
1585157991 624
1585160325 625
1585164365 626
1585178033 627
1585288515 628
1585322469 629
1585327192 630
1585328026 631
1585328490 632
1585333771 633
1585350976 634
1585356371 635
1585360524 636
1585387998 637
1585420272 638
1585421386 639
1585479263 640
1585493515 641
1585498217 642
1585509737 643
1585516106 644
1585527163 645
1585555288 646
1585655891 647
1585673758 648
1585771679 649
1585782160 650
1585840719 651
1585863545 652
1585929679 653
1585978559 654
1586018401 655
1586024419 656
1586033963 657
1586055536 658
1586096921 659
1586124149 660
1586125852 661
1586166331 662
1586167525 663
1586180464 664
1586207756 665
1586220876 666
1586287352 667
1586443351 668
1586707820 669
1586814080 670
1586819093 671
1586947331 672
1586987719 673
1587080119 674
1587139400 675
1587168594 676
1587254262 677
1587299017 678
1587402510 679
1587470648 680
1587471890 681
1587549267 682
1587592012 683
1587645366 684
1587726321 685
1587838120 686
1587846345 687
1587857274 688
1587891002 689
1587933119 690
1588015356 691
1588015992 692
1588149741 693
1588163866 694
1588181489 695
1588196144 696
1588236411 697
1588245006 698
1588245247 699
1588258162 700
1588274752 701
1588281474 702
1588290785 703
1588335402 704
1588348232 705
1588353601 706
1588422315 707
1588443322 708
1588508906 709
1588510780 710
1588553946 711
1588678574 712
1588711572 713
1588714176 714
