1580083200 234 12 222
1580688000 387 27 360
1581292800 443 36 407
1581897600 478 43 435
1582502400 507 48 459
1583107200 764 67 697
1583712000 1026 116 910
1584316800 1534 235 1299
1584921600 2023 502 1521
1585526400 2186 666 1520
1586131200 2259 793 1466
1586736000 2322 908 1414
1587340800 2387 1026 1361
1587945600 2421 1103 1318
1588550400 2445 1186 1259
1589155200 2468 1266 1202
1589760000 2482 1330 1152
1590364800 2494 1367 1127
1590969600 2505 1416 1089
1591574400 2509 1453 1056
1592179200 2510 1473 1037
1592784000 2512 1495 1017
1593388800 2520 1523 997
1593993600 2523 1536 987
1594598400 2527 1550 977
1595203200 2532 1577 955
1595808000 2539 1609 930
1596412800 2547 1629 918
1597017600 2555 1657 898
1597622400 2566 1704 862
1598227200 2577 1746 831
1598832000 2593 1806 787
1599436800 2607 1853 754
1600041600 2619 1919 700
1600646400 2628 1979 649
1601251200 2644 2090 554
1601856000 2653 2200 453
1602460800 2662 2233 429
