1579611316 1
1579611555 2
1579613366 3
1579617811 4
1579621979 5
1579622150 6
1579627499 7
1579629367 8
1579630675 9
1579630765 10
1579631666 11
1579636944 12
1579639995 13
1579640280 14
1579640775 15
1579646008 16
1579678473 17
1579693339 18
1579724250 19
1579727123 20
1579727177 21
1579727975 22
1579730378 23
1579730809 24
1579733220 25
1579734009 26
1579734215 27
1579734792 28
1579735590 29
1579737627 30
1579738363 31
1579740900 32
1579742068 33
1579760592 34
1579772175 35
1579775467 36
1579776449 37
1579777951 38
1579778672 39
1579778830 40
1579784057 41
1579784270 42
1579784502 43
1579787783 44
1579791432 45
1579792908 46
1579792912 47
1579793285 48
1579793640 49
1579793677 50
1579802143 51
1579805056 52
1579806529 53
1579811179 54
1579821659 55
1579822944 56
1579823091 57
1579826431 58
1579827367 59
1579840018 60
1579844499 61
1579849146 62
1579849340 63
1579852403 64
1579853947 65
1579854262 66
1579858552 67
1579858590 68
1579858604 69
1579861015 70
1579861671 71
1579863724 72
1579870016 73
1579870844 74
1579871363 75
1579872263 76
1579873194 77
1579874713 78
1579875857 79
1579877603 80
1579880211 81
1579880806 82
1579885751 83
1579886544 84
1579886746 85
1579887026 86
1579887245 87
1579888707 88
1579890751 89
1579892037 90
1579897192 91
1579897615 92
1579897628 93
1579898020 94
1579898093 95
1579898104 96
1579898295 97
1579898366 98
1579899120 99
1579899597 100
1579899783 101
1579899824 102
1579900037 103
1579900093 104
1579900136 105
1579900290 106
1579900351 107
1579900500 108
1579900515 109
1579900888 110
1579901083 111
1579901210 112
1579901630 113
1579901787 114
1579901886 115
1579901916 116
1579902344 117
1579903110 118
1579904004 119
1579904013 120
1579904655 121
1579904674 122
1579904963 123
1579905912 124
1579906049 125
1579906055 126
1579906227 127
1579906351 128
1579906556 129
1579906859 130
1579906939 131
1579906979 132
1579907338 133
1579908229 134
1579908293 135
1579908329 136
1579908840 137
1579909219 138
1579911342 139
1579915186 140
1579915723 141
1579916416 142
1579917298 143
1579917630 144
1579919733 145
1579920712 146
1579922026 147
1579924938 148
1579934676 149
1579938071 150
1579938750 151
1579939400 152
1579940047 153
1579943548 154
1579943708 155
1579943871 156
1579944323 157
1579944902 158
1579946835 159
1579947236 160
1579947909 161
1579949445 162
1579949468 163
1579949652 164
1579949677 165
1579950448 166
1579950615 167
1579951014 168
1579951945 169
1579953209 170
1579956895 171
1579957886 172
1579957910 173
1579958003 174
1579958330 175
1579961352 176
1579961635 177
1579962300 178
1579962525 179
1579962557 180
1579964705 181
1579966349 182
1579966383 183
1579967323 184
1579967349 185
1579968270 186
1579969765 187
1579972703 188
1579972896 189
1579973982 190
1579975431 191
1579975776 192
1579976055 193
1579976177 194
1579976762 195
1579977121 196
1579978580 197
1579979761 198
1579979940 199
1579982056 200
1579982100 201
1579984623 202
1579986219 203
1579987781 204
1579990366 205
1579995294 206
1579999312 207
1580021099 208
1580023491 209
1580025385 210
1580032617 211
1580032644 212
1580034093 213
1580036233 214
1580036556 215
1580037245 216
1580039617 217
1580039816 218
1580040653 219
1580041049 220
1580041576 221
1580044253 222
1580056459 223
1580057179 224
1580063156 225
1580065990 226
1580069107 227
1580072563 228
1580073364 229
1580077054 230
1580077921 231
1580078790 232
1580079026 233
1580081552 234
1580082532 235
1580109046 236
1580116947 237
1580118638 238
1580119156 239
1580121793 240
1580122138 241
1580129294 242
1580129688 243
1580130647 244
1580133359 245
1580134245 246
1580135310 247
1580135506 248
1580135682 249
1580137293 250
1580139983 251
1580140796 252
1580141917 253
1580142357 254
1580143850 255
1580145999 256
1580147519 257
1580148839 258
1580149825 259
1580149929 260
1580149994 261
1580150937 262
1580152565 263
1580153583 264
1580157337 265
1580157604 266
1580162604 267
1580163235 268
1580163355 269
1580179150 270
1580180392 271
1580186044 272
1580200461 273
1580204608 274
1580205290 275
1580208217 276
1580208891 277
1580209087 278
1580209441 279
1580209664 280
1580209714 281
1580210960 282
1580214064 283
1580214642 284
1580214715 285
1580215390 286
1580215430 287
1580218095 288
1580218312 289
1580233880 290
1580234905 291
1580237499 292
1580239491 293
1580239614 294
1580239642 295
1580240823 296
1580242009 297
1580242271 298
1580244435 299
1580246007 300
1580250782 301
1580252123 302
1580263337 303
1580266899 304
1580281426 305
1580286821 306
1580289227 307
1580291450 308
1580291926 309
1580292256 310
1580293317 311
1580293461 312
1580294692 313
1580295949 314
1580297046 315
1580304197 316
1580305313 317
1580308050 318
1580309486 319
1580314182 320
1580328596 321
1580329136 322
1580333196 323
1580334924 324
1580341579 325
1580352894 326
1580361242 327
1580372528 328
1580378199 329
1580378646 330
1580379102 331
1580380689 332
1580381070 333
1580381504 334
1580383871 335
1580386391 336
1580389339 337
1580390124 338
1580393334 339
1580396988 340
1580397439 341
1580404348 342
1580418110 343
1580418279 344
1580419059 345
1580420960 346
1580425672 347
1580460065 348
1580461280 349
1580464664 350
1580468550 351
1580472399 352
1580473279 353
1580474163 354
1580477055 355
1580478927 356
1580484853 357
1580487904 358
1580494200 359
1580495775 360
1580495851 361
1580497424 362
1580503648 363
1580503712 364
1580505690 365
1580518207 366
1580545588 367
1580546975 368
1580547601 369
1580549272 370
1580554637 371
1580555486 372
1580559931 373
1580563178 374
1580571642 375
1580596569 376
1580597746 377
1580602005 378
1580611880 379
1580615662 380
1580641210 381
1580641805 382
1580645299 383
1580647089 384
1580654725 385
1580655562 386
1580659674 387
1580673381 388
1580682687 389
1580684741 390
1580699492 391
1580716630 392
1580721735 393
1580724385 394
1580728884 395
1580740545 396
1580740922 397
1580744082 398
1580748471 399
1580762786 400
1580763051 401
1580768440 402
1580772379 403
1580802759 404
1580819234 405
1580825801 406
1580836548 407
1580837864 408
1580843552 409
1580858244 410
1580866186 411
1580889641 412
1580905759 413
1580913537 414
1580916749 415
1580920567 416
1580921681 417
1580921851 418
1580927084 419
1580936329 420
1580978260 421
1580986937 422
1581010663 423
1581061851 424
1581070613 425
1581072844 426
1581074277 427
1581086123 428
1581094415 429
1581098706 430
1581118315 431
1581119816 432
1581157548 433
1581158479 434
1581159381 435
1581159953 436
1581161411 437
1581162629 438
1581172511 439
1581176407 440
1581177359 441
1581181207 442
1581183489 443
1581187306 444
1581188385 445
1581193042 446
1581195345 447
1581324821 448
1581331161 449
1581331394 450
1581334312 451
1581339543 452
1581352644 453
1581357967 454
1581370515 455
1581412981 456
1581414559 457
1581419656 458
1581428997 459
1581429752 460
1581435264 461
1581442081 462
1581445993 463
1581449554 464
1581450308 465
1581496171 466
1581509957 467
1581513139 468
1581546660 469
1581581725 470
1581582731 471
1581585241 472
1581585824 473
1581594387 474
1581610854 475
1581612353 476
1581635783 477
1581646190 478
1581679386 479
1581770395 480
1581771472 481
1581798034 482
1581884638 483
1581924361 484
1581943066 485
1581953185 486
1581983608 487
1581998295 488
1582116561 489
1582141950 490
1582220672 491
1582272984 492
1582282745 493
1582284629 494
1582326576 495
1582377942 496
1582385296 497
1582390772 498
1582391951 499
1582396817 500
1582402425 501
1582410431 502
1582420665 503
1582423902 504
1582456071 505
1582457845 506
1582461884 507
1582463236 508
1582482830 509
1582483015 510
1582497493 511
1582497549 512
1582535958 513
1582537820 514
1582541025 515
1582541375 516
1582544318 517
1582546289 518
1582547431 519
1582549050 520
1582549138 521
1582549914 522
1582554319 523
1582555618 524
1582555659 525
1582555762 526
1582558310 527
1582558442 528
1582559505 529
1582561004 530
1582561573 531
1582561978 532
1582562195 533
1582562717 534
1582563983 535
1582565270 536
1582565759 537
1582568627 538
1582571134 539
1582573286 540
1582573993 541
1582575979 542
1582581666 543
1582598944 544
1582614333 545
1582615975 546
1582620595 547
1582622443 548
1582627726 549
1582628613 550
1582629053 551
1582630446 552
1582630853 553
1582631966 554
1582633462 555
1582638628 556
1582638763 557
1582640340 558
1582641162 559
1582642459 560
1582643188 561
1582645706 562
1582646299 563
1582648592 564
1582650461 565
1582651225 566
1582655012 567
1582655306 568
1582655367 569
1582659266 570
1582659301 571
1582662828 572
1582665550 573
1582666546 574
1582668436 575
1582673226 576
1582673343 577
1582702480 578
1582712684 579
1582714369 580
1582715238 581
1582715729 582
1582716039 583
1582717298 584
1582720744 585
1582722355 586
1582724283 587
1582724605 588
1582725429 589
1582728811 590
1582730322 591
1582732492 592
1582732619 593
1582732714 594
1582733528 595
1582734922 596
1582735067 597
1582735408 598
1582735601 599
1582736182 600
1582737595 601
1582738899 602
1582739226 603
1582740609 604
1582744299 605
1582745431 606
1582747271 607
1582752458 608
1582753999 609
1582754587 610
1582754765 611
1582755496 612
1582781146 613
1582785858 614
1582786046 615
1582795284 616
1582797060 617
1582797451 618
1582797889 619
1582799164 620
1582801259 621
1582802861 622
1582803516 623
1582805661 624
1582806431 625
1582809112 626
1582809645 627
1582810821 628
1582811578 629
1582811752 630
1582818178 631
1582822971 632
1582826009 633
1582827871 634
1582833326 635
1582836786 636
1582837282 637
1582838314 638
1582838841 639
1582839768 640
1582841199 641
1582841279 642
1582842132 643
1582843507 644
1582843895 645
1582846870 646
1582847664 647
1582849603 648
1582851554 649
1582854281 650
1582870865 651
1582872089 652
1582873197 653
1582876968 654
1582879735 655
1582880484 656
1582880893 657
1582882183 658
1582882889 659
1582883645 660
1582883970 661
1582884112 662
1582886279 663
1582886664 664
1582887068 665
1582888323 666
1582888836 667
1582889001 668
1582890578 669
1582891735 670
1582893249 671
1582894109 672
1582897018 673
1582897451 674
1582899158 675
1582899172 676
1582900772 677
1582901583 678
1582901972 679
1582902555 680
1582903999 681
1582906321 682
1582909276 683
1582911754 684
1582912062 685
1582913556 686
1582918759 687
1582918892 688
1582919023 689
1582919717 690
1582920244 691
1582922689 692
1582923317 693
1582923575 694
1582923783 695
1582928171 696
1582931983 697
1582933156 698
1582935651 699
1582939292 700
1582957039 701
1582959634 702
1582960509 703
1582962218 704
1582962507 705
1582967196 706
1582972173 707
1582973475 708
1582974341 709
1582976265 710
1582976268 711
1582978340 712
1582986017 713
1582986686 714
1582987636 715
1582990379 716
1582990926 717
1582992395 718
1582992628 719
1582993180 720
1582994276 721
1582998494 722
1582999938 723
1583000348 724
1583000756 725
1583002524 726
1583005014 727
1583005185 728
1583005572 729
1583006131 730
1583006155 731
1583006481 732
1583010269 733
1583010636 734
1583010946 735
1583011724 736
1583013290 737
1583013644 738
1583015969 739
1583017232 740
1583018787 741
1583021646 742
1583044078 743
1583049042 744
1583058550 745
1583061724 746
1583062578 747
1583065191 748
1583072042 749
1583074110 750
1583077462 751
1583080027 752
1583082260 753
1583083304 754
1583084335 755
1583085795 756
1583087673 757
1583089711 758
1583090422 759
1583090849 760
1583091164 761
1583091777 762
1583091915 763
1583093498 764
1583093790 765
1583093841 766
1583095000 767
1583100276 768
1583100396 769
1583101696 770
1583102192 771
1583103340 772
1583105552 773
1583108849 774
1583115640 775
1583131695 776
1583132180 777
1583132608 778
1583136924 779
1583142250 780
1583143847 781
1583148676 782
1583148926 783
1583151672 784
1583151695 785
1583151823 786
1583153334 787
1583154010 788
1583155665 789
1583155695 790
1583156047 791
1583157797 792
1583158490 793
1583159875 794
1583160067 795
1583162859 796
1583164380 797
1583165324 798
1583166187 799
1583167820 800
1583168212 801
1583168388 802
1583168876 803
1583170301 804
1583170607 805
1583170657 806
1583176121 807
1583176819 808
1583181768 809
1583184677 810
1583184726 811
1583184797 812
1583185240 813
1583186026 814
1583186484 815
1583186961 816
1583187874 817
1583189093 818
1583190945 819
1583193331 820
1583193843 821
1583196207 822
1583198653 823
1583220371 824
1583226444 825
1583228639 826
1583233159 827
1583235269 828
1583238361 829
1583238806 830
1583239491 831
1583239723 832
1583240739 833
1583241226 834
1583244336 835
1583246002 836
1583246336 837
1583247714 838
1583249219 839
1583249276 840
1583254819 841
1583255173 842
1583257851 843
1583260664 844
1583261701 845
1583265172 846
1583265571 847
1583265761 848
1583266056 849
1583266872 850
1583268079 851
1583269982 852
1583271259 853
1583271873 854
1583278055 855
1583279920 856
1583306960 857
1583307812 858
1583312153 859
1583316804 860
1583317287 861
1583317526 862
1583322666 863
1583323546 864
1583324701 865
1583326008 866
1583326796 867
1583326851 868
1583329707 869
1583329766 870
1583332387 871
1583333553 872
1583333785 873
1583335222 874
1583335783 875
1583337199 876
1583337975 877
1583338335 878
1583344069 879
1583346646 880
1583347076 881
1583348858 882
1583350184 883
1583352957 884
1583353853 885
1583359476 886
1583359624 887
1583364588 888
1583372542 889
1583380549 890
1583387023 891
1583390165 892
1583391427 893
1583396050 894
1583397004 895
1583398157 896
1583398264 897
1583399990 898
1583402131 899
1583404628 900
1583404933 901
1583405206 902
1583405779 903
1583407969 904
1583410520 905
1583410746 906
1583411088 907
1583413297 908
1583413520 909
1583415867 910
1583417396 911
1583420357 912
1583421541 913
1583423911 914
1583425391 915
1583426054 916
1583426515 917
1583428076 918
1583431629 919
1583432622 920
1583432997 921
1583434109 922
1583437042 923
1583437268 924
1583437934 925
1583438645 926
1583439390 927
1583440606 928
1583442074 929
1583444599 930
1583444894 931
1583446175 932
1583448634 933
1583451252 934
1583455362 935
1583456117 936
1583460415 937
1583476393 938
1583481795 939
1583482837 940
1583486516 941
1583487723 942
1583487750 943
1583488161 944
1583489104 945
1583489620 946
1583490809 947
1583491793 948
1583493356 949
1583494195 950
1583498447 951
1583500372 952
1583502357 953
1583502776 954
1583502942 955
1583503109 956
1583504046 957
1583504220 958
1583506390 959
1583506817 960
1583507778 961
1583507851 962
1583508542 963
1583512801 964
1583516683 965
1583518309 966
1583521633 967
1583523014 968
1583523508 969
1583525044 970
1583525210 971
1583526375 972
1583531166 973
1583533921 974
1583538214 975
1583539557 976
1583543124 977
1583548163 978
1583570868 979
1583572314 980
1583572469 981
1583574314 982
1583580628 983
1583584152 984
1583584677 985
1583587384 986
1583589852 987
1583594211 988
1583596315 989
1583599326 990
1583601605 991
1583604168 992
1583608959 993
1583609464 994
1583611726 995
1583613775 996
1583614769 997
1583614870 998
1583615655 999
1583616071 1000
1583619428 1001
1583625565 1002
1583625739 1003
1583633920 1004
1583637915 1005
1583638146 1006
1583646243 1007
1583655198 1008
1583660557 1009
1583662122 1010
1583663416 1011
1583667935 1012
1583669007 1013
1583670517 1014
1583672828 1015
1583673059 1016
1583673226 1017
1583675607 1018
1583679377 1019
1583680251 1020
1583680914 1021
1583684085 1022
1583685229 1023
1583690335 1024
1583692576 1025
1583694339 1026
1583696359 1027
1583696780 1028
1583699910 1029
1583700177 1030
1583703376 1031
1583706195 1032
1583706383 1033
1583706602 1034
1583709824 1035
1583711113 1036
1583713283 1037
1583715360 1038
1583724944 1039
1583734573 1040
1583737708 1041
1583744677 1042
1583744788 1043
1583745880 1044
1583746584 1045
1583755915 1046
1583757348 1047
1583757420 1048
1583761852 1049
1583762414 1050
1583763398 1051
1583763567 1052
1583767396 1053
1583768343 1054
1583768722 1055
1583770805 1056
1583771803 1057
1583771869 1058
1583772231 1059
1583772333 1060
1583772465 1061
1583776537 1062
1583778825 1063
1583782810 1064
1583782888 1065
1583784344 1066
1583785090 1067
1583785928 1068
1583786999 1069
1583787396 1070
1583790111 1071
1583790496 1072
1583791485 1073
1583794288 1074
1583795516 1075
1583799918 1076
1583800180 1077
1583800460 1078
1583801264 1079
1583816476 1080
1583826500 1081
1583827615 1082
1583830685 1083
1583832091 1084
1583832986 1085
1583834461 1086
1583836407 1087
1583839480 1088
1583839881 1089
1583840635 1090
1583841059 1091
1583842421 1092
1583843509 1093
1583844807 1094
1583844963 1095
1583847478 1096
1583848213 1097
1583849807 1098
1583853754 1099
1583855305 1100
1583855713 1101
1583859888 1102
1583863946 1103
1583865779 1104
1583866945 1105
1583870780 1106
1583871684 1107
1583898259 1108
1583911358 1109
1583912331 1110
1583912883 1111
1583913184 1112
1583916382 1113
1583918962 1114
1583920638 1115
1583922046 1116
1583931353 1117
1583933197 1118
1583934954 1119
1583937801 1120
1583940791 1121
1583941386 1122
1583945865 1123
1583947908 1124
1583949421 1125
1583949647 1126
1583951652 1127
1583952568 1128
1583953323 1129
1583954390 1130
1583954753 1131
1583957008 1132
1583958576 1133
1583961415 1134
1583961419 1135
1583961950 1136
1583963329 1137
1583963615 1138
1583964215 1139
1583965735 1140
1583968352 1141
1583969483 1142
1583969544 1143
1583970080 1144
1583971804 1145
1583973557 1146
1583974878 1147
1583976073 1148
1583980767 1149
1583980807 1150
1583988858 1151
1583989126 1152
1583992428 1153
1583998732 1154
1584000090 1155
1584000892 1156
1584001484 1157
1584003074 1158
1584003794 1159
1584007557 1160
1584007776 1161
1584008348 1162
1584009266 1163
1584009297 1164
1584009316 1165
1584009865 1166
1584011401 1167
1584012897 1168
1584013359 1169
1584013582 1170
1584014076 1171
1584017842 1172
1584019384 1173
1584020001 1174
1584021612 1175
1584022009 1176
1584022269 1177
1584024031 1178
1584025706 1179
1584025998 1180
1584029582 1181
1584030426 1182
1584030778 1183
1584033341 1184
1584033602 1185
1584035120 1186
1584036545 1187
1584039510 1188
1584039668 1189
1584040451 1190
1584041336 1191
1584042253 1192
1584042361 1193
1584042823 1194
1584043275 1195
1584043316 1196
1584043330 1197
1584043351 1198
1584043367 1199
1584043391 1200
1584043427 1201
1584043476 1202
1584043515 1203
1584043631 1204
1584043646 1205
1584043738 1206
1584043765 1207
1584043816 1208
1584044318 1209
1584044373 1210
1584044405 1211
1584044722 1212
1584044814 1213
1584044872 1214
1584045196 1215
1584045216 1216
1584045454 1217
1584045733 1218
1584047255 1219
1584047733 1220
1584047857 1221
1584047957 1222
1584048272 1223
1584048799 1224
1584048984 1225
1584049489 1226
1584049823 1227
1584050059 1228
1584050165 1229
1584050949 1230
1584051150 1231
1584051350 1232
1584052701 1233
1584052927 1234
1584053131 1235
1584054807 1236
1584055601 1237
1584055645 1238
1584056053 1239
1584057057 1240
1584057757 1241
1584058901 1242
1584059485 1243
1584059849 1244
1584060080 1245
1584071834 1246
1584075439 1247
1584079510 1248
1584079568 1249
1584080401 1250
1584081554 1251
1584082531 1252
1584083341 1253
1584087096 1254
1584088091 1255
1584088150 1256
1584090231 1257
1584091257 1258
1584092550 1259
1584093655 1260
1584094450 1261
1584095317 1262
1584096938 1263
1584098998 1264
1584100275 1265
1584101767 1266
1584102150 1267
1584102553 1268
1584104796 1269
1584105279 1270
1584106094 1271
1584106438 1272
1584106816 1273
1584107665 1274
1584109653 1275
1584110896 1276
1584111891 1277
1584114441 1278
1584114458 1279
1584114937 1280
1584118451 1281
1584119351 1282
1584120803 1283
1584122433 1284
1584122583 1285
1584125525 1286
1584125721 1287
1584125944 1288
1584126229 1289
1584127174 1290
1584127716 1291
1584128617 1292
1584129430 1293
1584131970 1294
1584132939 1295
1584133610 1296
1584135937 1297
1584136241 1298
1584136491 1299
1584136753 1300
1584137422 1301
1584137585 1302
1584137812 1303
1584137986 1304
1584138104 1305
1584139102 1306
1584140004 1307
1584141095 1308
1584145853 1309
1584147330 1310
1584149891 1311
1584166434 1312
1584176087 1313
1584177771 1314
1584179949 1315
1584181088 1316
1584181360 1317
1584181985 1318
1584183437 1319
1584184029 1320
1584184613 1321
1584186496 1322
1584186875 1323
1584187272 1324
1584189358 1325
1584189688 1326
1584190967 1327
1584192993 1328
1584193804 1329
1584194806 1330
1584196516 1331
1584196519 1332
1584196982 1333
1584197030 1334
1584198538 1335
1584201100 1336
1584201823 1337
1584202937 1338
1584203493 1339
1584207487 1340
1584209232 1341
1584209496 1342
1584209943 1343
1584212096 1344
1584213881 1345
1584214174 1346
1584214618 1347
1584215222 1348
1584215272 1349
1584215574 1350
1584215953 1351
1584216016 1352
1584216111 1353
1584217017 1354
1584217074 1355
1584217468 1356
1584217510 1357
1584217584 1358
1584217661 1359
1584217728 1360
1584217938 1361
1584218130 1362
1584218398 1363
1584218437 1364
1584218609 1365
1584218747 1366
1584218752 1367
1584218757 1368
1584218921 1369
1584218926 1370
1584219054 1371
1584219306 1372
1584219923 1373
1584220291 1374
1584220401 1375
1584220750 1376
1584220857 1377
1584220896 1378
1584221080 1379
1584221491 1380
1584221565 1381
1584221656 1382
1584221664 1383
1584221734 1384
1584222221 1385
1584222342 1386
1584222407 1387
1584223121 1388
1584223446 1389
1584223522 1390
1584223806 1391
1584224552 1392
1584224728 1393
1584225157 1394
1584225463 1395
1584225948 1396
1584226030 1397
1584226387 1398
1584226730 1399
1584227310 1400
1584228224 1401
1584228448 1402
1584228655 1403
1584228709 1404
1584228762 1405
1584230471 1406
1584230508 1407
1584230633 1408
1584231105 1409
1584231127 1410
1584231836 1411
1584232760 1412
1584233485 1413
1584233602 1414
1584234405 1415
1584235319 1416
1584235329 1417
1584235456 1418
1584235846 1419
1584236160 1420
1584237774 1421
1584252017 1422
1584254250 1423
1584256800 1424
1584258453 1425
1584259587 1426
1584259794 1427
1584259941 1428
1584261510 1429
1584261600 1430
1584261735 1431
1584263044 1432
1584263125 1433
1584263314 1434
1584263727 1435
1584265334 1436
1584266719 1437
1584267366 1438
1584268067 1439
1584268285 1440
1584268451 1441
1584268453 1442
1584269354 1443
1584271431 1444
1584271621 1445
1584271870 1446
1584271991 1447
1584272080 1448
1584272379 1449
1584272453 1450
1584273427 1451
1584273705 1452
1584273731 1453
1584273797 1454
1584273824 1455
1584274228 1456
1584275060 1457
1584275106 1458
1584275526 1459
1584276423 1460
1584277364 1461
1584279118 1462
1584280143 1463
1584280207 1464
1584280658 1465
1584281015 1466
1584282583 1467
1584282818 1468
1584283191 1469
1584284060 1470
1584284093 1471
1584285493 1472
1584286721 1473
1584287018 1474
1584287107 1475
1584287449 1476
1584287556 1477
1584288969 1478
1584289446 1479
1584290342 1480
1584291410 1481
1584291824 1482
1584292255 1483
1584292483 1484
1584292899 1485
1584292998 1486
1584293260 1487
1584293396 1488
1584293589 1489
1584293641 1490
1584293788 1491
1584294018 1492
1584294123 1493
1584294397 1494
1584294643 1495
1584294775 1496
1584295196 1497
1584295349 1498
1584295528 1499
1584295551 1500
1584296028 1501
1584296132 1502
1584297020 1503
1584297051 1504
1584297172 1505
1584298096 1506
1584298541 1507
1584299300 1508
1584299330 1509
1584299433 1510
1584300024 1511
1584300239 1512
1584301560 1513
1584301598 1514
1584302599 1515
1584303481 1516
1584303737 1517
1584304546 1519
1584304546 1519
1584304863 1520
1584304882 1521
1584305241 1522
1584305456 1523
1584305965 1524
1584306014 1525
1584306689 1526
1584307247 1527
1584307335 1528
1584307473 1529
1584308454 1530
1584309219 1531
1584310057 1532
1584310339 1533
1584310654 1534
1584310953 1535
1584311800 1536
1584311899 1537
1584311959 1538
1584312368 1539
1584312433 1540
1584312637 1541
1584313412 1542
1584313855 1543
1584314495 1544
1584314586 1545
1584315039 1546
1584318635 1547
1584320675 1548
1584322907 1549
1584322974 1550
1584324385 1551
1584325782 1552
1584328234 1553
1584328789 1554
1584329646 1555
1584335305 1556
1584339301 1557
1584341464 1558
1584342243 1559
1584342803 1560
1584344641 1561
1584344840 1562
1584345456 1563
1584346635 1564
1584346691 1565
1584346978 1566
1584347593 1567
1584347607 1568
1584347911 1569
1584348544 1570
1584348810 1571
1584349240 1572
1584349615 1573
1584351189 1574
1584351422 1575
1584352274 1576
1584352706 1577
1584352806 1578
1584353819 1579
1584354266 1580
1584354402 1581
1584355192 1582
1584355466 1583
1584355923 1584
1584356336 1585
1584356396 1586
1584356462 1587
1584356723 1588
1584356886 1589
1584357079 1590
1584357590 1591
1584357965 1592
1584358281 1593
1584358295 1594
1584358947 1595
1584359105 1596
1584359423 1597
1584359497 1598
1584359592 1599
1584359750 1600
1584360103 1601
1584360150 1602
1584360428 1603
1584361423 1604
1584362027 1605
1584362632 1606
1584362677 1607
1584362847 1608
1584362882 1609
1584363072 1610
1584363197 1611
1584363815 1612
1584364160 1613
1584364939 1614
1584365561 1615
1584365575 1616
1584366717 1617
1584368013 1618
1584368017 1619
1584368076 1620
1584369862 1621
1584369942 1622
1584370980 1623
1584371232 1624
1584371310 1625
1584372010 1626
1584372211 1627
1584372549 1628
1584373576 1629
1584373765 1630
1584373969 1631
1584373996 1632
1584374822 1633
1584375396 1634
1584375440 1635
1584376089 1636
1584376233 1637
1584376235 1638
1584376760 1639
1584377004 1640
1584377840 1641
1584377924 1642
1584378048 1643
1584378341 1644
1584378406 1645
1584379259 1646
1584379717 1647
1584379972 1648
1584379994 1649
1584380038 1650
1584382435 1651
1584382656 1652
1584382672 1653
1584383414 1654
1584383981 1655
1584384311 1656
1584384715 1657
1584384880 1658
1584385060 1659
1584385111 1660
1584385292 1661
1584385630 1662
1584385633 1663
1584386217 1664
1584386768 1665
1584386977 1666
1584387555 1667
1584388081 1668
1584388104 1669
1584388317 1670
1584388656 1671
1584388677 1672
1584389086 1673
1584389134 1674
1584389164 1675
1584389290 1676
1584389457 1677
1584389629 1678
1584389802 1679
1584389937 1680
1584391129 1681
1584391646 1682
1584391838 1683
1584392509 1684
1584392570 1685
1584392665 1686
1584393432 1687
1584393686 1688
1584394071 1689
1584394251 1690
1584394351 1691
1584395340 1692
1584395914 1693
1584396782 1694
1584396903 1695
1584397049 1696
1584397135 1697
1584397235 1698
1584397371 1699
1584398021 1700
1584398423 1701
1584398612 1702
1584398618 1703
1584398809 1704
1584399170 1705
1584399325 1706
1584400031 1707
1584400404 1708
1584400427 1709
1584400460 1710
1584400951 1711
1584401321 1712
1584402511 1713
1584402626 1714
1584402814 1715
1584403377 1716
1584403668 1717
1584404183 1718
1584404738 1719
1584404799 1720
1584411037 1721
1584411260 1722
1584425548 1723
1584425562 1724
1584428360 1725
1584430319 1726
1584430471 1727
1584431436 1728
1584431867 1729
1584433247 1730
1584433311 1731
1584434985 1732
1584435525 1733
1584436657 1734
1584436945 1735
1584436958 1736
1584438638 1737
1584439057 1738
1584441130 1739
1584441871 1740
1584442072 1741
1584443285 1742
1584443833 1743
1584443922 1744
1584444322 1745
1584444634 1746
1584445251 1747
1584445633 1748
1584446266 1749
1584446346 1750
1584447511 1751
1584447611 1752
1584447649 1753
1584447698 1754
1584448352 1755
1584448433 1756
1584448666 1757
1584449225 1758
1584450078 1759
1584451094 1760
1584451843 1761
1584453048 1762
1584453828 1763
1584454587 1764
1584456251 1765
1584456762 1766
1584456864 1767
1584457880 1768
1584459051 1769
1584459095 1770
1584459371 1771
1584459663 1772
1584460317 1773
1584460331 1774
1584461187 1775
1584462802 1776
1584462843 1777
1584463038 1778
1584463321 1779
1584463364 1780
1584463592 1781
1584464619 1782
1584465037 1783
1584465561 1784
1584465994 1785
1584466028 1786
1584466305 1787
1584466376 1788
1584466443 1789
1584470849 1790
1584472900 1791
1584473887 1792
1584474056 1793
1584474065 1794
1584474341 1795
1584477179 1796
1584478380 1797
1584482613 1798
1584482734 1799
1584483980 1800
1584485518 1801
1584485997 1802
1584489264 1803
1584489904 1804
1584490264 1805
1584490642 1806
1584491082 1807
1584491238 1808
1584491596 1809
1584516458 1810
1584518900 1811
1584519736 1812
1584521381 1813
1584522966 1814
1584523173 1815
1584523948 1816
1584524651 1817
1584525126 1818
1584525695 1819
1584526297 1820
1584527151 1821
1584528474 1822
1584530077 1823
1584530421 1824
1584531754 1825
1584531983 1826
1584532310 1827
1584532336 1828
1584534894 1829
1584535086 1830
1584535092 1831
1584535418 1832
1584538648 1833
1584539820 1834
1584540049 1835
1584540882 1836
1584541085 1837
1584543159 1838
1584543688 1839
1584543941 1840
1584544153 1841
1584544402 1842
1584544908 1843
1584547426 1844
1584548330 1845
1584548445 1846
1584548994 1847
1584552256 1848
1584553192 1849
1584554057 1850
1584554826 1851
1584555053 1852
1584555817 1853
1584557544 1854
1584558627 1855
1584558724 1856
1584559186 1857
1584559456 1858
1584559526 1859
1584560624 1860
1584561196 1861
1584562554 1862
1584562987 1863
1584563172 1864
1584563644 1865
1584563691 1866
1584565028 1867
1584565405 1868
1584566371 1869
1584567177 1870
1584568495 1871
1584570380 1872
1584571226 1873
1584578348 1874
1584578845 1875
1584579271 1876
1584603667 1877
1584604036 1878
1584604469 1879
1584607740 1880
1584612873 1881
1584614702 1882
1584616339 1883
1584618923 1884
1584619030 1885
1584620707 1886
1584620996 1887
1584622863 1888
1584625355 1889
1584630607 1890
1584631991 1891
1584632885 1892
1584633341 1893
1584633994 1894
1584636600 1895
1584636858 1896
1584637159 1897
1584639441 1898
1584640741 1899
1584641040 1900
1584644573 1901
1584645527 1902
1584649964 1903
1584653809 1904
1584656110 1905
1584656499 1906
1584658546 1907
1584660096 1908
1584670147 1909
1584677227 1910
1584687656 1911
1584690136 1912
1584692267 1913
1584693849 1914
1584694018 1915
1584694425 1916
1584696987 1917
1584698314 1918
1584698690 1919
1584699077 1920
1584700442 1921
1584702105 1922
1584702278 1923
1584703510 1924
1584703810 1925
1584704184 1926
1584704650 1927
1584705429 1928
1584706296 1929
1584707866 1930
