1579611316 1
1579611555 2
1579611751 3
1579621979 4
1579629367 5
1579636944 6
1579639995 7
1579640280 8
1579678473 9
1579724250 10
1579727123 11
1579727177 12
1579730378 13
1579733220 14
1579734009 15
1579734215 16
1579734792 17
1579735590 18
1579737627 19
1579760592 20
1579772175 21
1579776449 22
1579778672 23
1579784057 24
1579784270 25
1579784502 26
1579791432 27
1579792908 28
1579806529 29
1579811179 30
1579821659 31
1579823091 32
1579827367 33
1579840018 34
1579849340 35
1579852403 36
1579853947 37
1579854262 38
1579858590 39
1579861015 40
1579861671 41
1579870844 42
1579872263 43
1579880211 44
1579886746 45
1579887245 46
1579888707 47
1579890751 48
1579897615 49
1579898093 50
1579898366 51
1579899120 52
1579899597 53
1579899783 54
1579899824 55
1579900093 56
1579900351 57
1579900888 58
1579901083 59
1579901210 60
1579901630 61
1579901787 62
1579901886 63
1579901916 64
1579902344 65
1579904655 66
1579905912 67
1579906049 68
1579906055 69
1579906227 70
1579906351 71
1579906859 72
1579906939 73
1579906979 74
1579908229 75
1579908329 76
1579909219 77
1579915723 78
1579916416 79
1579917298 80
1579917630 81
1579934676 82
1579940047 83
1579943708 84
1579946835 85
1579949445 86
1579951014 87
1579953209 88
1579957910 89
1579962525 90
1579966349 91
1579968270 92
1579975776 93
1579976055 94
1579976177 95
1579979761 96
1579979940 97
1579982056 98
1579990366 99
1579995294 100
1580034093 101
1580036556 102
1580039617 103
1580039816 104
1580040653 105
1580072563 106
1580079026 107
1580116947 108
1580118638 109
1580119156 110
1580121793 111
1580130647 112
1580134245 113
1580145999 114
1580147519 115
1580149929 116
1580150937 117
1580153583 118
1580186044 119
1580214642 120
1580237499 121
1580239491 122
1580240823 123
1580244435 124
1580281426 125
1580291450 126
1580292256 127
1580293317 128
1580297046 129
1580309486 130
1580328596 131
1580329136 132
1580372528 133
1580378199 134
1580380689 135
1580386391 136
1580390124 137
1580393334 138
1580419059 139
1580472399 140
1580478927 141
1580545588 142
1580546975 143
1580547601 144
1580549272 145
1580555486 146
1580559931 147
1580571642 148
1580596569 149
1580597746 150
1580611880 151
1580647089 152
1580654725 153
1580659674 154
1580740545 155
1580740922 156
1580858244 157
1580866186 158
1580920567 159
1581070613 160
1581074277 161
1581159381 162
1581159953 163
1581172511 164
1581183489 165
1581187306 166
1581193042 167
1581334312 168
1581419656 169
1581635783 170
1581646190 171
1581770395 172
1582116561 173
1582377942 174
1582390772 175
1582391951 176
1582420665 177
1582483015 178
1582497493 179
1582546289 180
1582549914 181
1582555762 182
1582562717 183
1582563983 184
1582568627 185
1582573286 186
1582620595 187
1582627726 188
1582638763 189
1582643188 190
1582645706 191
1582651225 192
1582666546 193
1582717298 194
1582720744 195
1582722355 196
1582738899 197
1582752458 198
1582755496 199
1582781146 200
1582786046 201
1582795284 202
1582809112 203
1582809645 204
1582826009 205
1582836786 206
1582838314 207
1582839768 208
1582849603 209
1582870865 210
1582876968 211
1582883970 212
1582886664 213
1582887068 214
1582899172 215
1582900772 216
1582901972 217
1582906321 218
1582909276 219
1582918892 220
1582922689 221
1582923317 222
1582939292 223
1582976265 224
1582986686 225
1582992395 226
1582992628 227
1582993180 228
1582994276 229
1583005014 230
1583011724 231
1583013290 232
1583018787 233
1583049042 234
1583062578 235
1583065191 236
1583072042 237
1583087673 238
1583091915 239
1583131695 240
1583136924 241
1583148676 242
1583155695 243
1583156047 244
1583158490 245
1583159875 246
1583168876 247
1583181768 248
1583220371 249
1583235269 250
1583238361 251
1583239723 252
1583246002 253
1583249276 254
1583265761 255
1583266056 256
1583268079 257
1583271259 258
1583278055 259
1583326851 260
1583329707 261
1583329766 262
1583344069 263
1583364588 264
1583387023 265
1583391427 266
1583398157 267
1583399990 268
1583410520 269
1583431629 270
1583434109 271
1583437268 272
1583438645 273
1583448634 274
1583455362 275
1583489104 276
1583490809 277
1583502942 278
1583504046 279
1583518309 280
1583526375 281
1583570868 282
1583584677 283
1583589852 284
1583611726 285
1583614769 286
1583625739 287
1583662122 288
1583663416 289
1583673059 290
1583700177 291
1583703376 292
1583724944 293
1583734573 294
1583744677 295
1583744788 296
1583763398 297
1583763567 298
1583772231 299
1583778825 300
1583784344 301
1583801264 302
1583816476 303
1583826500 304
1583916382 305
1583918962 306
1583933197 307
1583951652 308
1583964215 309
1583969483 310
1584009316 311
1584009865 312
1584021612 313
1584022269 314
1584036545 315
1584039668 316
1584042253 317
1584043330 318
1584043427 319
1584043765 320
1584045733 321
1584048984 322
1584050949 323
1584051350 324
1584080401 325
1584088150 326
1584091257 327
1584102150 328
1584105279 329
1584106438 330
1584114937 331
1584125525 332
1584127174 333
1584132939 334
1584136241 335
1584137812 336
1584147330 337
1584181088 338
1584184029 339
1584186496 340
1584196519 341
1584197030 342
1584201823 343
1584203493 344
1584212096 345
1584217074 346
1584217468 347
1584217661 348
1584218398 349
1584218747 350
1584222407 351
1584223121 352
1584223806 353
1584231836 354
1584237774 355
1584256800 356
1584261735 357
1584263125 358
1584265334 359
1584269354 360
1584271870 361
1584273731 362
1584273797 363
1584279118 364
1584284060 365
1584291410 366
1584294775 367
1584303481 368
1584303737 369
1584305456 370
1584305965 371
1584309219 372
1584310953 373
1584318635 374
1584328789 375
1584348544 376
1584352806 377
1584353819 378
1584354402 379
1584355923 380
1584359750 381
1584363072 382
1584373996 383
1584376760 384
1584382435 385
1584382672 386
1584383414 387
1584384311 388
1584384880 389
1584388677 390
1584393432 391
1584396782 392
1584397135 393
1584397235 394
1584398423 395
1584404183 396
1584425562 397
1584442072 398
1584446346 399
1584463592 400
1584491238 401
1584522966 402
1584528474 403
1584532310 404
1584535086 405
1584543159 406
1584543941 407
1584570380 408
1584612873 409
1584632885 410
1584649964 411
1584658546 412
1584694425 413
1584703510 414
1584716945 415
1584723799 416
1584736744 417
1584749313 418
1584757668 419
1584800258 420
1584808466 421
1584810580 422
1584816530 423
1584827001 424
1584829731 425
1584842394 426
1584859364 427
1584870156 428
1584892537 429
1584894447 430
1584902064 431
1584912895 432
1584974040 433
1584976533 434
1584979589 435
1584980772 436
1584982934 437
1584985383 438
1584987113 439
1585000496 440
1585042190 441
1585238066 442
1585311899 443
1585322469 444
1585328026 445
1585328490 446
1585333771 447
1585356371 448
1585361662 449
1585404098 450
1585421386 451
1585479263 452
1585490235 453
1585498217 454
1585597177 455
1585655891 456
1585771679 457
1585782160 458
1585911361 459
1585922674 460
1585956148 461
1586024419 462
1586125852 463
1586166331 464
1586167525 465
1586180464 466
1586207756 467
1586352309 468
1586623848 469
1586627751 470
1586707820 471
1586815525 472
1586987719 473
1587168594 474
1587210213 475
1587402510 476
1587539243 477
1587570243 478
1587846345 479
1587891002 480
1588163866 481
1588196144 482
1588245006 483
1588335402 484
1588422315 485
1589046370 486
1589158220 487
1589315651 488
1589466719 489
1592837643 490
1592898386 491
1593215394 492
1594144217 493
1595090195 494
1596977015 495
1597020246 496
1597685005 497
1597688266 498
1598197407 499
1598869391 500
1599039249 501
1599644533 502
1600070298 503
1600499517 504
1600953505 505
1600979095 506
1601032705 507
1601039818 508
1601919560 509
1602006048 510
1602439875 511
1602851214 512
1603020178 513
1603288843 514
1603392641 515
1603658475 516
1603739185 517
1603809948 518
1603825136 519
1603968950 520
1603971522 521
1603980285 522
1603992859 523
1604122623 524
1604433116 525
1604593210 526
1604744820 527
1605092315 528
1605092599 529
1605123139 530
1605194372 531
1605203334 532
1605221989 533
1605273318 534
1605279487 535
1605318885 536
1605347688 537
1605384448 538
1605397875 539
1605406033 540
1605516390 541
1605568715 542
1605650061 543
