1579611316 1
1579629367 2
1579636944 3
1579678473 4
1579724250 5
1579727123 6
1579727177 7
1579730378 8
1579733220 9
1579734009 10
1579734792 11
1579735590 12
1579737627 13
1579760592 14
1579776449 15
1579778672 16
1579784270 17
1579784502 18
1579791432 19
1579792908 20
1579811179 21
1579821659 22
1579840018 23
1579849340 24
1579854262 25
1579858590 26
1579861015 27
1579861671 28
1579872263 29
1579880211 30
1579887245 31
1579897615 32
1579898366 33
1579899597 34
1579900351 35
1579900515 36
1579900888 37
1579901210 38
1579901630 39
1579901916 40
1579902344 41
1579904004 42
1579904013 43
1579905912 44
1579906049 45
1579906055 46
1579906939 47
1579915723 48
1579916416 49
1579934676 50
1579940047 51
1579943708 52
1579944902 53
1579946835 54
1579961352 55
1579961635 56
1579962525 57
1579966349 58
1579966383 59
1579968270 60
1579975776 61
1579978580 62
1579979761 63
1579979940 64
1579982056 65
1579982100 66
1579984623 67
1579990366 68
1580025385 69
1580034093 70
1580036556 71
1580039617 72
1580040653 73
1580069107 74
1580072563 75
1580077054 76
1580078790 77
1580079026 78
1580118638 79
1580119156 80
1580130647 81
1580134245 82
1580135310 83
1580142357 84
1580147519 85
1580149929 86
1580149994 87
1580150937 88
1580200461 89
1580214642 90
1580215430 91
1580237499 92
1580239614 93
1580244435 94
1580281426 95
1580291450 96
1580305313 97
1580309486 98
1580314182 99
1580329136 100
1580352894 101
1580372528 102
1580380689 103
1580390124 104
1580393334 105
1580404348 106
1580419059 107
1580472399 108
1580478927 109
1580494200 110
1580495851 111
1580545588 112
1580546975 113
1580547601 114
1580555486 115
1580559931 116
1580596569 117
1580597746 118
1580611880 119
1580641210 120
1580645299 121
1580647089 122
1580654725 123
1580740545 124
1580740922 125
1581010663 126
1581070613 127
1581072844 128
1581159953 129
1581193042 130
1581339543 131
1581509957 132
1581612353 133
1581635783 134
1581646190 135
1581770395 136
1582282745 137
1582390772 138
1582391951 139
1582463236 140
1582483015 141
1582546289 142
1582549914 143
1582555762 144
1582562717 145
1582563983 146
1582568627 147
1582573993 148
1582620595 149
1582627726 150
1582638763 151
1582646299 152
1582651225 153
1582714369 154
1582717298 155
1582728811 156
1582738899 157
1582809112 158
1582809645 159
1582836786 160
1582838314 161
1582839768 162
1582841279 163
1582870865 164
1582876968 165
1582887068 166
1582888323 167
1582889001 168
1582899172 169
1582902555 170
1582909276 171
1582918892 172
1582919023 173
1582920244 174
1582962218 175
1582994276 176
1582999938 177
1583005014 178
1583013290 179
1583072042 180
1583074110 181
1583082260 182
1583084335 183
1583131695 184
1583148676 185
1583155695 186
1583170657 187
1583235269 188
1583238361 189
1583249276 190
1583271873 191
1583278055 192
1583306960 193
1583329766 194
1583398157 195
1583405206 196
1583410520 197
1583413520 198
1583438645 199
1583446175 200
1583486516 201
1583489104 202
1583490809 203
1583498447 204
1583502776 205
1583518309 206
1583523508 207
1583526375 208
1583608959 209
1583614769 210
1583614870 211
1583662122 212
1583673059 213
1583680914 214
1583700177 215
1583744788 216
1583763398 217
1583763567 218
1583772231 219
1583778825 220
1583791485 221
1583799918 222
1583801264 223
1583826500 224
1583865779 225
1583871684 226
1583916382 227
1583918962 228
1583933197 229
1583941386 230
1583961415 231
1584009266 232
1584009297 233
1584009316 234
1584021612 235
1584030778 236
1584043316 237
1584043391 238
1584043631 239
1584043765 240
1584045733 241
1584048984 242
1584059485 243
1584088091 244
1584088150 245
1584091257 246
1584095317 247
1584102150 248
1584105279 249
1584106438 250
1584125525 251
1584126229 252
1584127174 253
1584147330 254
1584181985 255
1584186496 256
1584196519 257
1584197030 258
1584217074 259
1584218398 260
1584230471 261
1584231836 262
1584233485 263
1584235319 264
1584256800 265
1584259794 266
1584261600 267
1584261735 268
1584265334 269
1584271870 270
1584272453 271
1584273731 272
1584279118 273
1584282818 274
1584294775 275
1584303737 276
1584309219 277
1584313855 278
1584335305 279
1584346978 280
1584354266 281
1584355923 282
1584357965 283
1584358281 284
1584358947 285
1584360103 286
1584363072 287
1584364939 288
1584382435 289
1584383414 290
1584387555 291
1584388677 292
1584397135 293
1584398423 294
1584404183 295
1584439057 296
1584453048 297
1584459051 298
1584463592 299
1584543941 300
1584548994 301
1584578348 302
1584632885 303
1584694425 304
1584703510 305
1584704650 306
1584723799 307
1584757668 308
1584829731 309
1584870156 310
1584892537 311
1584912895 312
1584974040 313
1584976533 314
1584987113 315
1585003050 316
1585311899 317
1585328026 318
1585333771 319
1585356371 320
1585361662 321
1585421386 322
1585430645 323
1585479263 324
1585771679 325
1585782160 326
1586096921 327
1586125852 328
1586140078 329
1586166331 330
1586180464 331
1586352309 332
1586623848 333
1586819093 334
1587073381 335
1587139400 336
1587344879 337
1587402510 338
1587539243 339
1588015992 340
1588149741 341
1588335402 342
1588510780 343
1589289898 344
1589315651 345
1590060606 346
1590687933 347
1592837643 348
1592898386 349
1593215394 350
1595090195 351
1595680752 352
1595893651 353
1597020246 354
1597846742 355
1597876840 356
1598197407 357
1598216779 358
1598799027 359
1599039249 360
1599660548 361
1600070298 362
1600390943 363
1600499517 364
1600979095 365
1601919560 366
1602006048 367
1602851214 368
1603288843 369
1603817813 370
1603825136 371
1603845303 372
1604093153 373
1606742238 374
1609530183 375
1609617098 376
1609760651 377
1609788707 378
1610485024 379
1610737466 380
1611222651 381
1611272917 382
1613124153 383
1614934532 384
1615203963 385
1615935665 386
1617716449 387
1619955397 388
1620057781 389
1620733455 390
1620756136 391
1620758657 392
1620903424 393
1621073351 394
1621156586 395
1621189454 396
1621291843 397
1621323714 398
1621329551 399
1621336687 400
1621338111 401
1621343813 402
1621356092 403
1621373642 404
1621422249 405
1621435805 406
1621452906 407
1621464171 408
1621477797 409
1621524779 410
1621729164 411
1621848244 412
