1579564800 24 0 17 17
1579651200 22 0 16 13
1579737600 134 0 39 28
1579824000 630 0 114 81
1579910400 673 2 147 68
1579996800 607 0 111 27
1580083200 962 1 141 34
1580169600 1221 4 149 31
1580256000 1187 4 155 23
1580342400 1136 3 159 22
1580428800 1145 2 142 18
1580515200 633 3 113 12
1580601600 510 0 102 13
1580688000 629 3 121 13
1580774400 616 2 113 7
1580860800 480 1 108 10
1580947200 348 1 108 3
1581033600 487 0 110 8
1581120000 540 1 118 15
1581206400 372 0 87 0
1581292800 545 0 122 7
1581379200 514 0 109 10
1581465600 430 2 106 4
1581552000 763 0 123 8
1581638400 221 0 75 2
1581724800 378 4 83 3
1581811200 285 2 70 1
1581897600 239 0 76 4
1581984000 262 0 77 1
1582070400 237 2 73 2
1582156800 241 1 79 1
1582243200 200 0 70 4
1582329600 374 1 96 7
1582416000 687 1 117 10
1582502400 1008 2 199 31
1582588800 1074 6 213 34
1582675200 1730 3 244 34
1582761600 1878 4 248 35
1582848000 2354 5 293 49
1582934400 1990 4 275 42
1583020800 1991 1 269 32
1583107200 2531 3 356 47
1583193600 2691 7 335 36
1583280000 2467 2 323 32
1583366400 3487 10 385 46
1583452800 3794 2 397 40
1583539200 2834 0 308 27
1583625600 3282 1 362 34
1583712000 3454 0 415 39
1583798400 3509 3 437 31
1583884800 3664 1 444 36
1583971200 6583 8 640 96
1584057600 5924 7 609 68
1584144000 6990 5 622 97
1584230400 9270 4 800 141
1584316800 10342 17 958 169
1584403200 7427 9 800 88
1584489600 6198 9 737 69
1584576000 5649 18 697 34
1584662400 5457 9 677 55
1584748800 5759 6 644 36
1584835200 5885 16 647 38
1584921600 6948 9 667 39
1585008000 5200 7 590 15
1585094400 4805 7 613 23
1585180800 3539 1 533 15
1585267200 4325 5 583 19
1585353600 4803 9 552 32
1585440000 5343 16 574 20
1585526400 4068 4 553 13
1585612800 3908 2 510 12
1585699200 3972 6 546 8
1585785600 3738 1 526 11
1585872000 3951 4 482 12
1585958400 3093 4 430 7
1586044800 3871 4 458 10
1586131200 4225 4 530 20
1586217600 4286 5 517 10
1586304000 4014 5 484 9
1586390400 3695 0 449 4
1586476800 2994 8 413 5
1586563200 2839 3 410 5
1586649600 2615 1 384 10
1586736000 4956 5 542 19
1586822400 3673 22 481 11
1586908800 3132 2 423 6
1586995200 3103 1 391 4
1587081600 2781 5 391 6
1587168000 2531 0 351 12
1587254400 3504 5 368 7
1587340800 2114 2 345 4
1587427200 2451 6 358 6
1587513600 2894 3 363 5
1587600000 2680 2 356 3
1587686400 2054 1 332 5
1587772800 1797 6 308 5
1587859200 2301 4 290 6
1587945600 2227 3 324 1
1588032000 3859 2 427 5
1588118400 2356 1 332 4
1588204800 2126 1 330 7
1588291200 1974 2 297 3
1588377600 1934 1 263 2
1588464000 2297 1 308 2
1588550400 2480 0 321 1
1588636800 1950 1 297 3
1588723200 2010 1 290 4
1588809600 2881 5 349 3
1588896000 1747 4 264 4
1588982400 1969 1 271 4
1589068800 2690 1 315 4
1589155200 2623 1 362 6
1589241600 1671 4 268 5
1589328000 1681 0 229 0
1589414400 1364 4 229 1
1589500800 1205 1 214 0
1589587200 778 0 169 0
1589673600 789 0 184 2
1589760000 1210 2 191 3
1589846400 965 1 180 1
1589932800 905 0 178 1
1590019200 1119 0 164 2
1590105600 868 0 192 1
1590192000 758 1 187 0
1590278400 683 0 161 4
1590364800 1078 3 185 2
1590451200 1133 1 175 2
1590537600 1018 0 156 0
1590624000 1911 1 229 4
1590710400 1173 0 183 2
1590796800 561 0 126 1
1590883200 923 0 113 0
1590969600 500 0 121 2
1591056000 1072 0 143 0
1591142400 1070 0 149 0
1591228800 760 2 157 2
1591315200 1008 1 155 0
1591401600 572 0 115 0
1591488000 398 0 107 0
1591574400 510 0 114 0
1591660800 406 0 108 0
1591747200 387 0 108 0
1591833600 376 0 90 0
1591920000 369 0 105 1
1592006400 337 0 105 0
1592092800 645 0 152 0
1592179200 434 0 114 0
1592265600 488 0 129 1
1592352000 406 0 106 0
1592438400 352 1 106 1
1592524800 499 1 111 0
1592611200 390 0 90 0
1592697600 393 0 118 0
1592784000 561 0 137 1
1592870400 392 0 117 1
1592956800 996 0 151 3
1593043200 608 0 144 2
1593129600 503 0 114 1
1593216000 406 0 94 0
1593302400 250 0 83 0
1593388800 271 0 88 2
1593475200 369 0 85 0
1593561600 298 2 96 1
1593648000 306 0 100 0
1593734400 157 0 75 0
1593820800 260 0 84 0
1593907200 296 0 80 0
1593993600 257 0 95 1
1594080000 511 0 114 1
1594166400 497 0 121 0
1594252800 683 0 126 2
1594339200 443 2 111 0
1594425600 284 1 96 0
1594512000 561 0 119 0
1594598400 473 1 116 1
1594684800 755 2 137 1
1594771200 815 2 137 1
1594857600 678 0 129 0
1594944000 822 0 148 0
1595030400 401 0 103 1
1595116800 678 0 124 1
1595203200 954 0 158 1
1595289600 562 1 133 0
1595376000 492 0 128 0
1595462400 525 1 132 2
1595548800 411 0 120 1
1595635200 473 0 112 3
1595721600 463 0 110 0
1595808000 543 0 147 3
1595894400 761 0 133 1
1595980800 639 1 134 0
1596067200 572 0 125 3
1596153600 678 0 140 1
1596240000 471 0 96 0
1596326400 584 0 128 0
1596412800 995 2 153 1
1596499200 880 1 152 1
1596585600 529 0 135 1
1596672000 726 2 127 2
1596758400 484 0 122 0
1596844800 537 1 120 1
1596931200 680 0 132 2
1597017600 905 2 154 2
1597104000 872 1 149 3
1597190400 697 0 147 1
1597276800 828 0 144 0
1597363200 838 1 143 1
1597449600 565 2 138 2
1597536000 723 0 137 2
1597622400 996 1 156 3
1597708800 967 1 170 0
1597795200 1055 0 174 2
1597881600 965 0 158 1
1597968000 1012 0 151 1
1598054400 573 4 140 2
1598140800 566 0 122 2
1598227200 599 2 134 2
1598313600 619 0 135 2
1598400000 796 0 134 0
1598486400 1513 0 188 4
1598572800 1397 0 194 3
1598659200 800 0 156 0
1598745600 658 0 154 5
1598832000 972 0 159 2
1598918400 1079 0 190 6
1599004800 783 1 143 2
1599091200 529 0 141 1
1599177600 794 1 152 1
1599264000 584 1 125 0
1599350400 575 0 111 2
1599436800 1106 1 171 0
1599523200 1137 1 176 3
1599609600 1334 1 186 2
1599696000 1540 1 207 3
1599782400 1995 0 230 3
1599868800 834 1 160 1
1599955200 717 1 141 0
1600041600 1679 1 204 4
1600128000 1257 0 185 1
1600214400 1327 0 180 0
1600300800 1239 0 168 0
1600387200 1074 2 174 2
1600473600 662 0 135 2
1600560000 681 4 136 0
1600646400 1013 2 177 1
1600732800 746 0 158 1
1600819200 2207 0 226 3
1600905600 2434 0 255 2
1600992000 1546 0 225 3
1601078400 559 0 142 5
1601164800 870 1 181 1
1601251200 1241 1 195 4
1601337600 935 0 175 0
1601424000 870 1 174 2
1601510400 1396 0 184 1
1601596800 792 0 169 1
1601683200 553 2 139 0
1601769600 572 0 122 1
1601856000 1317 0 184 4
1601942400 1269 0 171 1
1602028800 1028 0 151 1
1602115200 1006 1 166 1
1602201600 1170 2 178 0
1602288000 693 0 135 0
1602374400 866 1 170 2
1602460800 1546 0 203 2
