1579611316 1
1579611555 2
1579611751 3
1579613366 4
1579617811 5
1579621979 6
1579622150 7
1579627499 8
1579629367 9
1579630675 10
1579630765 11
1579631666 12
1579636944 13
1579639995 14
1579640280 15
1579640775 16
1579646008 17
1579678473 18
1579693339 19
1579724250 20
1579727123 21
1579727177 22
1579727975 23
1579730378 24
1579730809 25
1579733220 26
1579734009 27
1579734215 28
1579734792 29
1579735590 30
1579737627 31
1579738363 32
1579740900 33
1579742068 34
1579760592 35
1579772175 36
1579775467 37
1579776449 38
1579777951 39
1579778672 40
1579778830 41
1579784057 42
1579784270 43
1579784502 44
1579787783 45
1579791432 46
1579792908 47
1579792912 48
1579793285 49
1579793640 50
1579793677 51
1579802143 52
1579805056 53
1579806529 54
1579811179 55
1579821659 56
1579822944 57
1579823091 58
1579826431 59
1579827367 60
1579840018 61
1579844499 62
1579849146 63
1579849340 64
1579852403 65
1579853947 66
1579854262 67
1579858552 68
1579858590 69
1579858604 70
1579861015 71
1579861671 72
1579863724 73
1579870016 74
1579870844 75
1579871363 76
1579872263 77
1579873194 78
1579874713 79
1579875857 80
1579877603 81
1579880211 82
1579880806 83
1579885751 84
1579886544 85
1579886746 86
1579887026 87
1579887245 88
1579888707 89
1579890751 90
1579892037 91
1579897192 92
1579897615 93
1579897628 94
1579898020 95
1579898093 96
1579898104 97
1579898295 98
1579898366 99
1579899120 100
1579899597 101
1579899783 102
1579899824 103
1579900037 104
1579900093 105
1579900136 106
1579900290 107
1579900351 108
1579900500 109
1579900515 110
1579900888 111
1579901083 112
1579901210 113
1579901630 114
1579901787 115
1579901886 116
1579901916 117
1579902344 118
1579903110 119
1579904004 120
1579904013 121
1579904655 122
1579904674 123
1579904963 124
1579905912 125
1579906049 126
1579906055 127
1579906227 128
1579906351 129
1579906556 130
1579906859 131
1579906939 132
1579906979 133
1579907338 134
1579908229 135
1579908293 136
1579908329 137
1579908840 138
1579909219 139
1579911342 140
1579915186 141
1579915723 142
1579916416 143
1579917298 144
1579917630 145
1579919733 146
1579920712 147
1579922026 148
1579924938 149
1579934676 150
1579938071 151
1579938750 152
1579939400 153
1579940047 154
1579943548 155
1579943708 156
1579943871 157
1579944323 158
1579944902 159
1579946835 160
1579947236 161
1579947909 162
1579949445 163
1579949468 164
1579949652 165
1579949677 166
1579950448 167
1579950615 168
1579951014 169
1579951945 170
1579953209 171
1579956895 172
1579957886 173
1579957910 174
1579958003 175
1579958330 176
1579961352 177
1579961635 178
1579962300 179
1579962525 180
1579962557 181
1579964705 182
1579966349 183
1579966383 184
1579967323 185
1579967349 186
1579968270 187
1579969765 188
1579972703 189
1579972896 190
1579973982 191
1579975431 192
1579975776 193
1579976055 194
1579976177 195
1579976762 196
1579977121 197
1579978580 198
1579979761 199
1579979940 200
1579982056 201
1579982100 202
1579984623 203
1579986219 204
1579987781 205
1579990366 206
1579995294 207
1579999312 208
1580021099 209
1580023491 210
1580025385 211
1580032617 212
1580032644 213
1580034093 214
1580036233 215
1580036556 216
1580037245 217
1580039617 218
1580039816 219
1580040653 220
1580041049 221
1580041576 222
1580044253 223
1580056459 224
1580063156 225
1580065990 226
1580069107 227
1580072563 228
1580073364 229
1580077054 230
1580077921 231
1580078790 232
1580079026 233
1580081552 234
1580082532 235
1580109046 236
1580116947 237
1580118638 238
1580119156 239
1580121793 240
1580122138 241
1580129294 242
1580129688 243
1580130647 244
1580133359 245
1580134245 246
1580135310 247
1580135506 248
1580135682 249
1580137293 250
1580139983 251
1580140796 252
1580141917 253
1580142357 254
1580143850 255
1580145999 256
1580147519 257
1580148839 258
1580149825 259
1580149929 260
1580149994 261
1580150937 262
1580152565 263
1580153583 264
1580157337 265
1580157604 266
1580162604 267
1580163235 268
1580163355 269
1580179150 270
1580180392 271
1580186044 272
1580200461 273
1580204608 274
1580205290 275
1580208217 276
1580208891 277
1580209087 278
1580209441 279
1580209664 280
1580209714 281
1580210960 282
1580214064 283
1580214642 284
1580214715 285
1580215430 286
1580218095 287
1580218312 288
1580234905 289
1580237499 290
1580239491 291
1580239614 292
1580239642 293
1580240823 294
1580242009 295
1580242271 296
1580244435 297
1580246007 298
1580250782 299
1580252123 300
1580263337 301
1580266899 302
1580281426 303
1580286821 304
1580289227 305
1580291450 306
1580291926 307
1580292256 308
1580293317 309
1580293461 310
1580294692 311
1580295949 312
1580297046 313
1580304197 314
1580305313 315
1580308050 316
1580309486 317
1580314182 318
1580328596 319
1580329136 320
1580333196 321
1580334924 322
1580341579 323
1580352894 324
1580361242 325
1580372528 326
1580378199 327
1580378646 328
1580379102 329
1580380689 330
1580381070 331
1580381504 332
1580383871 333
1580386391 334
1580389339 335
1580390124 336
1580393334 337
1580396988 338
1580397439 339
1580404348 340
1580418110 341
1580418279 342
1580419059 343
1580420960 344
1580425672 345
1580460065 346
1580461280 347
1580464664 348
1580468550 349
1580472399 350
1580473279 351
1580474163 352
1580477055 353
1580478927 354
1580484853 355
1580487904 356
1580494200 357
1580495775 358
1580495851 359
1580497424 360
1580503648 361
1580503712 362
1580505690 363
1580518207 364
1580545588 365
1580546975 366
1580547601 367
1580549272 368
1580554637 369
1580555486 370
1580559931 371
1580563178 372
1580571642 373
1580596569 374
1580597746 375
1580602005 376
1580611880 377
1580615662 378
1580641210 379
1580641805 380
1580645299 381
1580647089 382
1580654725 383
1580655562 384
1580659674 385
1580673381 386
1580682687 387
1580684741 388
1580699492 389
1580716630 390
1580721735 391
1580724385 392
1580728884 393
1580740545 394
1580740922 395
1580744082 396
1580748471 397
1580762786 398
1580763051 399
1580768440 400
1580772379 401
1580802759 402
1580819234 403
1580825801 404
1580836548 405
1580837864 406
1580843552 407
1580858244 408
1580866186 409
1580889641 410
1580905759 411
1580913537 412
1580916749 413
1580920567 414
1580921681 415
1580921851 416
1580927084 417
1580936329 418
1580978260 419
1580986937 420
1581010663 421
1581061851 422
1581070613 423
1581072844 424
1581074277 425
1581086123 426
1581094415 427
1581098706 428
1581118315 429
1581157548 430
1581158479 431
1581159381 432
1581159953 433
1581161411 434
1581162629 435
1581172511 436
1581176407 437
1581177359 438
1581181207 439
1581183489 440
1581187306 441
1581188385 442
1581193042 443
1581195345 444
1581324821 445
1581331161 446
1581331394 447
1581334312 448
1581339543 449
1581357967 450
1581370515 451
1581412981 452
1581414559 453
1581419656 454
1581428997 455
1581429752 456
1581435264 457
1581442081 458
1581445993 459
1581449554 460
1581450308 461
1581496171 462
1581509957 463
1581513139 464
1581546660 465
1581581725 466
1581582731 467
1581585241 468
1581585824 469
1581594387 470
1581610854 471
1581612353 472
1581635783 473
1581646190 474
1581679386 475
1581770395 476
1581771472 477
1581798034 478
1581884638 479
1581924361 480
1581943066 481
1581953185 482
1581983608 483
1581998295 484
1582116561 485
1582141950 486
1582220672 487
1582272984 488
1582282745 489
1582284629 490
1582326576 491
1582377942 492
1582385296 493
1582390772 494
1582391951 495
1582396817 496
1582402425 497
1582410431 498
1582420665 499
1582423902 500
1582456071 501
1582457845 502
1582461884 503
1582463236 504
1582482830 505
1582483015 506
1582497493 507
1582497549 508
1582535958 509
1582537820 510
1582541025 511
1582541375 512
1582544318 513
1582546289 514
1582547431 515
1582549050 516
1582549138 517
1582549914 518
1582554319 519
1582555618 520
1582555659 521
1582555762 522
1582558310 523
1582558442 524
1582559505 525
1582561004 526
1582561573 527
1582561978 528
1582562195 529
1582562717 530
1582563983 531
1582565270 532
1582565759 533
1582568627 534
1582571134 535
1582573286 536
1582573993 537
1582575979 538
1582581666 539
1582598944 540
1582614333 541
1582615975 542
1582620595 543
1582622443 544
1582627726 545
1582628613 546
1582629053 547
1582630446 548
1582630853 549
1582631966 550
1582633462 551
1582638628 552
1582638763 553
1582640340 554
1582641162 555
1582642459 556
1582643188 557
1582645706 558
1582646299 559
1582648592 560
1582650461 561
1582651225 562
1582655012 563
1582655306 564
1582655367 565
1582659266 566
1582659301 567
1582662828 568
1582665550 569
1582666546 570
1582668436 571
1582673226 572
1582673343 573
1582702480 574
1582712684 575
1582714369 576
1582715238 577
1582715729 578
1582716039 579
1582717298 580
1582720744 581
1582722355 582
1582724283 583
1582724605 584
1582725429 585
1582728811 586
1582730322 587
1582732492 588
1582732619 589
1582732714 590
1582733528 591
1582734922 592
1582735067 593
1582735408 594
1582735601 595
1582736182 596
1582737595 597
1582738899 598
1582739226 599
1582740609 600
1582744299 601
1582745431 602
1582747271 603
1582752458 604
1582753999 605
1582754587 606
1582754765 607
1582755496 608
1582781146 609
1582785858 610
1582786046 611
1582795284 612
1582797060 613
1582797451 614
1582797889 615
1582799164 616
1582801259 617
1582802861 618
1582803516 619
1582805661 620
1582806431 621
1582809112 622
1582809645 623
1582810821 624
1582811578 625
1582811752 626
1582818178 627
1582822971 628
1582826009 629
1582827871 630
1582833326 631
1582836786 632
1582837282 633
1582838314 634
1582838841 635
1582839768 636
1582841199 637
1582841279 638
1582842132 639
1582843507 640
1582843895 641
1582846870 642
1582847664 643
1582849603 644
1582851554 645
1582854281 646
1582870865 647
1582872089 648
1582873197 649
1582876968 650
1582879735 651
1582880484 652
1582880893 653
1582882183 654
1582883645 655
1582883970 656
1582884112 657
1582886279 658
1582886664 659
1582887068 660
1582888323 661
1582888836 662
1582889001 663
1582890578 664
1582891735 665
1582893249 666
1582894109 667
1582897018 668
1582899158 669
1582899172 670
1582900772 671
1582901583 672
1582901972 673
1582902555 674
1582903999 675
1582906321 676
1582909276 677
1582911754 678
1582912062 679
1582913556 680
1582918759 681
1582918892 682
1582919023 683
1582919717 684
1582920244 685
1582922689 686
1582923317 687
1582923575 688
1582923783 689
1582928171 690
1582931983 691
1582933156 692
1582935651 693
1582939292 694
1582957039 695
1582959634 696
1582960509 697
1582962218 698
1582962507 699
1582967196 700
1582973475 701
1582974341 702
1582976265 703
1582976268 704
1582978340 705
1582986017 706
1582986686 707
1582987636 708
1582990379 709
1582990926 710
1582992395 711
1582992628 712
1582993180 713
1582994276 714
1582998494 715
1582999938 716
1583000348 717
1583000756 718
1583002524 719
1583005014 720
1583005185 721
1583005572 722
1583006131 723
1583006155 724
1583006481 725
1583010269 726
1583010636 727
1583010946 728
1583011724 729
1583013290 730
1583013644 731
1583015969 732
1583017232 733
1583018787 734
1583021646 735
1583044078 736
1583049042 737
1583058550 738
1583061724 739
1583062578 740
1583065191 741
1583072042 742
1583074110 743
1583077462 744
1583080027 745
1583082260 746
1583083304 747
1583084335 748
1583085795 749
1583087673 750
1583089711 751
1583090422 752
1583090849 753
1583091164 754
1583091777 755
1583091915 756
1583093498 757
1583093790 758
1583093841 759
1583095000 760
1583100276 761
1583100396 762
1583101696 763
1583102192 764
1583103340 765
1583105552 766
1583108849 767
1583115640 768
1583131695 769
1583132180 770
1583132608 771
1583136924 772
1583142250 773
1583143847 774
1583148676 775
1583148926 776
1583151672 777
1583151695 778
1583151823 779
1583153334 780
1583154010 781
1583155665 782
1583155695 783
1583156047 784
1583157797 785
1583158490 786
1583159875 787
1583160067 788
1583162859 789
1583164380 790
1583165324 791
1583166187 792
1583167820 793
1583168212 794
1583168388 795
1583168876 796
1583170301 797
1583170607 798
1583170657 799
1583176121 800
1583176819 801
1583181768 802
1583184677 803
1583184726 804
1583184797 805
1583185240 806
1583186026 807
1583186484 808
1583186961 809
1583187874 810
1583189093 811
1583190945 812
1583193331 813
1583193843 814
1583196207 815
1583198653 816
1583220371 817
1583226444 818
1583228639 819
1583233159 820
1583235269 821
1583238361 822
1583238806 823
1583239491 824
1583239723 825
1583240739 826
1583241226 827
1583244336 828
1583246002 829
1583246336 830
1583247714 831
1583249219 832
1583249276 833
1583254819 834
1583255173 835
1583257851 836
1583260664 837
1583261701 838
1583265172 839
1583265571 840
1583265761 841
1583266056 842
1583266872 843
1583268079 844
1583269982 845
1583271259 846
1583271873 847
1583278055 848
1583279920 849
1583306960 850
1583307812 851
1583312153 852
1583316804 853
1583317287 854
1583317526 855
1583322666 856
1583323546 857
1583324701 858
1583326008 859
1583326796 860
1583326851 861
1583329707 862
1583329766 863
1583332387 864
1583333553 865
1583333785 866
1583335222 867
1583335783 868
1583337199 869
1583337975 870
1583338335 871
1583344069 872
1583346646 873
1583347076 874
1583348858 875
1583350184 876
1583352957 877
1583353853 878
1583359476 879
1583359624 880
1583364588 881
1583372542 882
1583380549 883
1583387023 884
1583390165 885
1583391427 886
1583396050 887
1583397004 888
1583398157 889
1583398264 890
1583399990 891
1583402131 892
1583404628 893
1583404933 894
1583405206 895
1583405779 896
1583407969 897
1583410520 898
1583410746 899
1583411088 900
1583413297 901
1583413520 902
1583415867 903
1583417396 904
1583420357 905
1583421541 906
1583423911 907
1583425391 908
1583426054 909
1583426515 910
1583428076 911
1583431629 912
1583432622 913
1583432997 914
1583434109 915
1583437042 916
1583437268 917
1583437934 918
1583438645 919
1583439390 920
1583440606 921
1583442074 922
1583444599 923
1583444894 924
1583446175 925
1583448634 926
1583451252 927
1583455362 928
1583456117 929
1583460415 930
1583481795 931
1583482837 932
1583486516 933
1583487723 934
1583487750 935
1583488161 936
1583489104 937
1583489620 938
1583490809 939
1583491793 940
1583493356 941
1583494195 942
1583498447 943
1583500372 944
1583502357 945
1583502776 946
1583502942 947
1583503109 948
1583504046 949
1583504220 950
1583506390 951
1583506817 952
1583507778 953
1583507851 954
1583508542 955
1583512801 956
1583516683 957
1583518309 958
1583521633 959
1583523014 960
1583523508 961
1583525044 962
1583525210 963
1583526375 964
1583531166 965
1583533921 966
1583538214 967
1583539557 968
1583543124 969
1583548163 970
1583570868 971
1583572314 972
1583572469 973
1583574314 974
1583580628 975
1583584152 976
1583584677 977
1583587384 978
1583589852 979
1583594211 980
1583596315 981
1583599326 982
1583601605 983
1583604168 984
1583608959 985
1583609464 986
1583611726 987
1583613775 988
1583614769 989
1583614870 990
1583615655 991
1583616071 992
1583619428 993
1583625565 994
1583625739 995
1583633920 996
1583637915 997
1583638146 998
1583646243 999
1583655198 1000
1583660557 1001
1583662122 1002
1583663416 1003
1583667935 1004
1583669007 1005
1583670517 1006
1583672828 1007
1583673059 1008
1583673226 1009
1583675607 1010
1583679377 1011
1583680251 1012
1583680914 1013
1583684085 1014
1583685229 1015
1583690335 1016
1583692576 1017
1583694339 1018
1583696359 1019
1583696780 1020
1583699910 1021
1583700177 1022
1583703376 1023
1583706195 1024
1583706383 1025
1583706602 1026
1583709824 1027
1583711113 1028
1583713283 1029
1583715360 1030
1583724944 1031
1583734573 1032
1583737708 1033
1583744677 1034
1583744788 1035
1583745880 1036
1583746584 1037
1583755915 1038
1583757348 1039
1583757420 1040
1583761852 1041
1583762414 1042
1583763398 1043
1583763567 1044
1583767396 1045
1583768343 1046
1583768722 1047
1583770805 1048
1583771803 1049
1583771869 1050
1583772231 1051
1583772333 1052
1583772465 1053
1583776537 1054
1583778825 1055
1583782810 1056
1583782888 1057
1583784344 1058
1583785090 1059
1583785928 1060
1583786999 1061
1583787396 1062
1583790111 1063
1583790496 1064
1583791485 1065
1583794288 1066
1583795516 1067
1583799918 1068
1583800180 1069
1583800460 1070
1583801264 1071
1583816476 1072
1583826500 1073
1583827615 1074
1583832091 1075
1583832986 1076
1583834461 1077
1583836407 1078
1583839480 1079
1583839881 1080
1583840635 1081
1583841059 1082
1583842421 1083
1583843509 1084
1583844807 1085
1583844963 1086
1583847478 1087
1583848213 1088
1583849807 1089
1583853754 1090
1583855305 1091
1583855713 1092
1583859888 1093
1583863946 1094
1583865779 1095
1583866945 1096
1583870780 1097
1583871684 1098
1583898259 1099
1583911358 1100
1583912331 1101
1583912883 1102
1583913184 1103
1583916382 1104
1583918962 1105
1583920638 1106
1583922046 1107
1583933197 1108
1583934954 1109
1583937801 1110
1583940791 1111
1583941386 1112
1583945865 1113
1583947908 1114
1583949421 1115
1583949647 1116
1583951652 1117
1583952568 1118
1583953323 1119
1583954390 1120
1583954753 1121
1583957008 1122
1583958576 1123
1583961415 1124
1583961419 1125
1583961950 1126
1583963329 1127
1583963615 1128
1583964215 1129
1583965735 1130
1583968352 1131
1583969483 1132
1583969544 1133
1583970080 1134
1583971804 1135
1583973557 1136
1583974878 1137
1583976073 1138
1583980767 1139
1583980807 1140
1583988858 1141
1583989126 1142
1583992428 1143
1583998732 1144
1584000090 1145
1584000892 1146
1584001484 1147
1584003074 1148
1584003794 1149
1584007557 1150
1584007776 1151
1584008348 1152
1584009266 1153
1584009297 1154
1584009316 1155
1584009865 1156
1584011401 1157
1584012897 1158
1584013359 1159
1584013582 1160
1584014076 1161
1584017842 1162
1584019384 1163
1584020001 1164
1584021612 1165
1584022009 1166
1584022269 1167
1584024031 1168
1584025706 1169
1584025998 1170
1584029582 1171
1584030426 1172
1584030778 1173
1584033341 1174
1584033602 1175
1584035120 1176
1584036545 1177
1584039510 1178
1584039668 1179
1584040451 1180
1584041336 1181
1584042253 1182
1584042361 1183
1584042823 1184
1584043275 1185
1584043316 1186
1584043330 1187
1584043351 1188
1584043367 1189
1584043391 1190
1584043427 1191
1584043476 1192
1584043515 1193
1584043631 1194
1584043646 1195
1584043738 1196
1584043765 1197
1584043816 1198
1584044318 1199
1584044373 1200
1584044405 1201
1584044722 1202
1584044814 1203
1584044872 1204
1584045196 1205
1584045216 1206
1584045454 1207
1584045733 1208
1584047255 1209
1584047733 1210
1584047857 1211
1584047957 1212
1584048272 1213
1584048799 1214
1584048984 1215
1584049489 1216
1584049823 1217
1584050059 1218
1584050165 1219
1584050949 1220
1584051150 1221
1584051350 1222
1584052701 1223
1584052927 1224
1584053131 1225
1584054807 1226
1584055601 1227
1584055645 1228
1584056053 1229
1584057057 1230
1584057757 1231
1584058901 1232
1584059485 1233
1584059849 1234
1584060080 1235
1584071834 1236
1584075439 1237
1584079510 1238
1584079568 1239
1584080401 1240
1584081554 1241
1584082531 1242
1584083341 1243
1584087096 1244
1584088091 1245
1584088150 1246
1584090231 1247
1584091257 1248
1584092550 1249
1584093655 1250
1584094450 1251
1584095317 1252
1584096938 1253
1584098998 1254
1584100275 1255
1584101767 1256
1584102150 1257
1584102553 1258
1584104796 1259
1584105279 1260
1584106094 1261
1584106438 1262
1584106816 1263
1584107665 1264
1584109653 1265
1584110896 1266
1584111891 1267
1584114441 1268
1584114458 1269
1584114937 1270
1584118451 1271
1584119351 1272
1584120803 1273
1584122433 1274
1584122583 1275
1584125525 1276
1584125721 1277
1584125944 1278
1584126229 1279
1584127174 1280
1584127716 1281
1584128617 1282
1584129430 1283
1584131970 1284
1584132939 1285
1584133610 1286
1584135937 1287
1584136241 1288
1584136491 1289
1584136753 1290
1584137422 1291
1584137585 1292
1584137812 1293
1584137986 1294
1584138104 1295
1584139102 1296
1584140004 1297
1584141095 1298
1584145853 1299
1584147330 1300
1584149891 1301
1584166434 1302
1584176087 1303
1584177771 1304
1584179949 1305
1584181088 1306
1584181360 1307
1584181985 1308
1584183437 1309
1584184029 1310
1584184613 1311
1584186496 1312
1584186875 1313
1584187272 1314
1584189358 1315
1584189688 1316
1584190967 1317
1584192993 1318
1584193804 1319
1584194806 1320
1584196516 1321
1584196519 1322
1584196982 1323
1584197030 1324
1584198538 1325
1584201100 1326
1584201823 1327
1584202937 1328
1584203493 1329
1584207487 1330
1584209232 1331
1584209496 1332
1584209943 1333
1584212096 1334
1584213881 1335
1584214174 1336
1584214618 1337
1584215222 1338
1584215272 1339
1584215574 1340
1584215953 1341
1584216016 1342
1584216111 1343
1584217017 1344
1584217074 1345
1584217468 1346
1584217510 1347
1584217584 1348
1584217661 1349
1584217728 1350
1584217938 1351
1584218130 1352
1584218398 1353
1584218437 1354
1584218609 1355
1584218747 1356
1584218752 1357
1584218757 1358
1584218921 1359
1584218926 1360
1584219054 1361
1584219306 1362
1584219923 1363
1584220291 1364
1584220401 1365
1584220750 1366
1584220857 1367
1584220896 1368
1584221080 1369
1584221491 1370
1584221565 1371
1584221656 1372
1584221664 1373
1584221734 1374
1584222221 1375
1584222342 1376
1584222407 1377
1584223121 1378
1584223446 1379
1584223522 1380
1584223806 1381
1584224552 1382
1584224728 1383
1584225157 1384
1584225463 1385
1584225948 1386
1584226030 1387
1584226387 1388
1584226730 1389
1584227310 1390
1584228224 1391
1584228448 1392
1584228655 1393
1584228709 1394
1584228762 1395
1584230471 1396
1584230508 1397
1584230633 1398
1584231105 1399
1584231127 1400
1584231836 1401
1584232760 1402
1584233485 1403
1584233602 1404
1584234405 1405
1584235319 1406
1584235329 1407
1584235456 1408
1584235846 1409
1584236160 1410
1584237774 1411
1584252017 1412
1584254250 1413
1584256800 1414
1584258453 1415
1584259587 1416
1584259794 1417
1584259941 1418
1584261510 1419
1584261600 1420
1584261735 1421
1584263044 1422
1584263125 1423
1584263314 1424
1584263727 1425
1584265334 1426
1584266719 1427
1584267366 1428
1584268067 1429
1584268285 1430
1584268451 1431
1584268453 1432
1584269354 1433
1584271431 1434
1584271621 1435
1584271870 1436
1584271991 1437
1584272080 1438
1584272379 1439
1584272453 1440
1584273427 1441
1584273705 1442
1584273731 1443
1584273797 1444
1584273824 1445
1584274228 1446
1584275060 1447
1584275106 1448
1584275526 1449
1584276423 1450
1584277364 1451
1584279118 1452
1584280143 1453
1584280207 1454
1584280658 1455
1584281015 1456
1584282583 1457
1584282818 1458
1584283191 1459
1584284060 1460
1584284093 1461
1584285493 1462
1584286721 1463
1584287018 1464
1584287107 1465
1584287449 1466
1584287556 1467
1584288969 1468
1584289446 1469
1584290342 1470
1584291410 1471
1584291824 1472
1584292255 1473
1584292483 1474
1584292899 1475
1584292998 1476
1584293260 1477
1584293396 1478
1584293589 1479
1584293641 1480
1584293788 1481
1584294018 1482
1584294123 1483
1584294397 1484
1584294643 1485
1584294775 1486
1584295196 1487
1584295349 1488
1584295528 1489
1584295551 1490
1584296028 1491
1584296132 1492
1584297020 1493
1584297051 1494
1584297172 1495
1584298096 1496
1584298541 1497
1584299300 1498
1584299330 1499
1584299433 1500
1584300024 1501
1584300239 1502
1584301560 1503
1584301598 1504
1584302599 1505
1584303481 1506
1584303737 1507
1584304546 1508
1584304546 1509
1584304863 1510
1584304882 1511
1584305241 1512
1584305456 1513
1584305965 1514
1584306014 1515
1584306689 1516
1584307247 1517
1584307335 1518
1584307473 1519
1584308454 1520
1584309219 1521
1584310057 1522
1584310339 1523
1584310654 1524
1584310953 1525
1584311800 1526
1584311899 1527
1584311959 1528
1584312368 1529
1584312433 1530
1584312637 1531
1584313412 1532
1584313855 1533
1584314495 1534
1584314586 1535
1584315039 1536
1584318635 1537
1584320675 1538
1584322907 1539
1584322974 1540
1584324385 1541
1584325782 1542
1584328234 1543
1584328789 1544
1584329646 1545
1584335305 1546
1584339301 1547
1584341464 1548
1584342243 1549
1584342803 1550
1584344641 1551
1584344840 1552
1584345456 1553
1584346635 1554
1584346691 1555
1584346978 1556
1584347593 1557
1584347607 1558
1584347911 1559
1584348544 1560
1584348810 1561
1584349240 1562
1584349615 1563
1584351189 1564
1584351422 1565
1584352274 1566
1584352706 1567
1584352806 1568
1584353819 1569
1584354266 1570
1584354402 1571
1584355192 1572
1584355466 1573
1584355923 1574
1584356336 1575
1584356396 1576
1584356462 1577
1584356723 1578
1584356886 1579
1584357079 1580
1584357590 1581
1584357965 1582
1584358281 1583
1584358295 1584
1584358947 1585
1584359105 1586
1584359423 1587
1584359497 1588
1584359592 1589
1584359750 1590
1584360103 1591
1584360150 1592
1584360428 1593
1584361423 1594
1584362027 1595
1584362632 1596
1584362677 1597
1584362847 1598
1584362882 1599
1584363072 1600
1584363197 1601
1584363815 1602
1584364160 1603
1584364939 1604
1584365561 1605
1584365575 1606
1584366717 1607
1584368013 1608
1584368017 1609
1584368076 1610
1584369862 1611
1584369942 1612
1584370980 1613
1584371232 1614
1584371310 1615
1584372010 1616
1584372211 1617
1584372549 1618
1584373576 1619
1584373765 1620
1584373969 1621
1584373996 1622
1584374822 1623
1584375396 1624
1584375440 1625
1584376089 1626
1584376233 1627
1584376235 1628
1584376760 1629
1584377004 1630
1584377840 1631
1584377924 1632
1584378048 1633
1584378341 1634
1584378406 1635
1584379259 1636
1584379717 1637
1584379972 1638
1584379994 1639
1584380038 1640
1584382435 1641
1584382656 1642
1584382672 1643
1584383414 1644
1584383981 1645
1584384311 1646
1584384715 1647
1584384880 1648
1584385060 1649
1584385111 1650
1584385292 1651
1584385630 1652
1584385633 1653
1584386217 1654
1584386768 1655
1584386977 1656
1584387555 1657
1584388081 1658
1584388104 1659
1584388317 1660
1584388656 1661
1584388677 1662
1584389086 1663
1584389134 1664
1584389164 1665
1584389290 1666
1584389457 1667
1584389629 1668
1584389802 1669
1584389937 1670
1584391129 1671
1584391646 1672
1584391838 1673
1584392509 1674
1584392570 1675
1584392665 1676
1584393432 1677
1584393686 1678
1584394071 1679
1584394251 1680
1584394351 1681
1584395340 1682
1584395914 1683
1584396782 1684
1584396903 1685
1584397049 1686
1584397135 1687
1584397235 1688
1584397371 1689
1584398021 1690
1584398423 1691
1584398612 1692
1584398618 1693
1584398809 1694
1584399170 1695
1584399325 1696
1584400031 1697
1584400404 1698
1584400427 1699
1584400460 1700
1584400951 1701
1584401321 1702
1584402511 1703
1584402626 1704
1584402814 1705
1584403377 1706
1584403668 1707
1584404183 1708
1584404738 1709
1584404799 1710
1584411037 1711
1584411260 1712
1584425548 1713
1584425562 1714
1584428360 1715
1584430319 1716
1584430471 1717
1584431436 1718
1584431867 1719
1584433247 1720
1584433311 1721
1584434985 1722
1584435525 1723
1584436657 1724
1584436945 1725
1584436958 1726
1584438638 1727
1584439057 1728
1584441130 1729
1584441871 1730
1584442072 1731
1584443285 1732
1584443833 1733
1584443922 1734
1584444322 1735
1584444634 1736
1584445251 1737
1584445633 1738
1584446266 1739
1584446346 1740
1584447511 1741
1584447611 1742
1584447649 1743
1584447698 1744
1584448352 1745
1584448433 1746
1584448666 1747
1584449225 1748
1584450078 1749
1584451094 1750
1584451843 1751
1584453048 1752
1584453828 1753
1584454587 1754
1584456251 1755
1584456762 1756
1584456864 1757
1584457880 1758
1584459051 1759
1584459095 1760
1584459371 1761
1584459663 1762
1584460317 1763
1584460331 1764
1584461187 1765
1584462802 1766
1584462843 1767
1584463038 1768
1584463321 1769
1584463364 1770
1584463592 1771
1584464619 1772
1584465037 1773
1584465561 1774
1584465994 1775
1584466028 1776
1584466305 1777
1584466376 1778
1584466443 1779
1584470849 1780
1584472900 1781
1584473887 1782
1584474056 1783
1584474065 1784
1584474341 1785
1584477179 1786
1584478380 1787
1584482613 1788
1584482734 1789
1584483980 1790
1584485518 1791
1584485997 1792
1584489264 1793
1584489904 1794
1584490264 1795
1584490642 1796
1584491082 1797
1584491238 1798
1584491596 1799
1584516458 1800
1584518900 1801
1584519736 1802
1584521381 1803
1584522966 1804
1584523173 1805
1584523948 1806
1584524651 1807
1584525126 1808
1584525695 1809
1584526297 1810
1584527151 1811
1584528474 1812
1584530077 1813
1584530421 1814
1584531754 1815
1584531983 1816
1584532310 1817
1584532336 1818
1584534894 1819
1584535086 1820
1584535092 1821
1584535418 1822
1584538648 1823
1584539820 1824
1584540049 1825
1584540882 1826
1584541085 1827
1584543159 1828
1584543688 1829
1584543941 1830
1584544153 1831
1584544402 1832
1584544908 1833
1584547426 1834
1584548330 1835
1584548445 1836
1584548994 1837
1584552256 1838
1584553192 1839
1584554057 1840
1584554826 1841
1584555053 1842
1584555817 1843
1584557544 1844
1584558627 1845
1584558724 1846
1584559186 1847
1584559456 1848
1584559526 1849
1584560624 1850
1584561196 1851
1584562554 1852
1584562987 1853
1584563172 1854
1584563644 1855
1584563691 1856
1584565028 1857
1584565405 1858
1584566371 1859
1584567177 1860
1584568495 1861
1584570380 1862
1584571226 1863
1584578348 1864
1584578845 1865
1584579271 1866
1584603667 1867
1584604036 1868
1584604469 1869
1584607740 1870
1584612873 1871
1584614702 1872
1584616339 1873
1584618923 1874
1584619030 1875
1584620707 1876
1584620996 1877
1584622863 1878
1584625355 1879
1584630607 1880
1584631991 1881
1584632885 1882
1584633341 1883
1584633994 1884
1584636600 1885
1584636858 1886
1584637159 1887
1584639441 1888
1584640741 1889
1584641040 1890
1584644573 1891
1584645527 1892
1584649964 1893
1584653809 1894
1584656110 1895
1584656499 1896
1584658546 1897
1584660096 1898
1584670147 1899
1584677227 1900
1584687656 1901
1584690136 1902
1584692267 1903
1584693849 1904
1584694018 1905
1584694425 1906
1584696987 1907
1584698314 1908
1584698690 1909
1584699077 1910
1584700442 1911
1584702105 1912
1584702278 1913
1584703510 1914
1584703810 1915
1584704184 1916
1584704650 1917
1584705429 1918
1584706296 1919
1584707866 1920
1584710739 1921
1584712099 1922
1584716945 1923
1584718199 1924
1584720083 1925
1584720838 1926
1584721897 1927
1584722315 1928
1584722978 1929
1584723403 1930
1584723771 1931
1584723799 1932
1584724486 1933
1584725420 1934
1584727860 1935
1584727960 1936
1584732857 1937
1584734243 1938
1584734344 1939
1584734704 1940
1584735101 1941
1584736301 1942
1584736744 1943
1584737966 1944
1584737972 1945
1584738023 1946
1584740330 1947
1584740400 1948
1584740682 1949
1584743929 1950
1584745107 1951
1584746236 1952
1584747353 1953
1584749313 1954
1584749771 1955
1584755096 1956
1584756654 1957
1584756675 1958
1584757668 1959
1584771988 1960
1584776215 1961
1584776360 1962
1584785020 1963
1584786444 1964
1584790755 1965
1584793983 1966
1584794520 1967
1584796003 1968
1584800258 1969
1584800351 1970
1584800485 1971
1584808466 1972
1584810580 1973
1584816006 1974
1584816530 1975
1584816715 1976
1584820419 1977
1584820638 1978
1584822807 1979
1584823233 1980
1584826291 1981
1584826700 1982
1584827001 1983
1584829731 1984
1584829988 1985
1584831484 1986
1584833133 1987
1584833292 1988
1584833711 1989
1584835338 1990
1584836185 1991
1584842394 1992
1584844297 1993
1584848947 1994
1584859364 1995
1584864825 1996
1584864858 1997
1584867378 1998
1584869616 1999
1584870156 2000
1584870476 2001
1584874411 2002
1584876458 2003
1584878907 2004
1584882275 2005
1584883291 2006
1584885004 2007
1584885828 2008
1584887480 2009
1584892537 2010
1584892582 2011
1584894447 2012
1584898106 2013
1584901804 2014
1584902064 2015
1584906437 2016
1584907450 2017
1584907891 2018
1584911090 2019
1584911108 2020
1584912895 2021
1584914530 2022
1584916381 2023
1584916972 2024
1584918155 2025
1584919668 2026
1584920397 2027
1584922415 2028
1584922910 2029
1584927024 2030
1584942277 2031
1584947455 2032
1584947476 2033
1584962174 2034
1584963313 2035
1584965033 2036
1584965227 2037
1584969000 2038
1584969036 2039
1584971706 2040
1584972873 2041
1584974040 2042
1584974126 2043
1584976460 2044
1584976533 2045
1584976807 2046
1584977452 2047
1584978015 2048
1584979589 2049
1584980297 2050
1584980375 2051
1584980772 2052
1584981484 2053
1584982934 2054
1584984735 2055
1584985383 2056
1584987113 2057
1584987935 2058
1584990539 2059
1584994701 2060
1584995707 2061
1584997043 2062
1584999386 2063
1585000496 2064
1585000939 2065
1585002202 2066
1585003050 2067
1585030438 2068
1585038916 2069
1585042190 2070
1585043303 2071
1585044668 2072
1585044738 2073
1585049243 2074
1585062493 2075
1585065861 2076
1585069332 2077
1585070050 2078
1585073473 2079
1585076131 2080
1585082818 2081
1585087377 2082
1585119539 2083
1585123565 2084
1585123787 2085
1585126202 2086
1585126539 2087
1585132908 2088
1585139712 2089
1585150674 2090
1585151330 2091
1585151754 2092
1585156434 2093
1585156497 2094
1585156664 2095
1585157991 2096
1585159248 2097
1585160325 2098
1585163221 2099
1585164365 2100
1585168749 2101
1585169363 2102
1585169819 2103
1585178033 2104
1585180771 2105
1585184143 2106
1585191549 2107
1585217953 2108
1585218593 2109
1585219537 2110
1585228728 2111
1585229842 2112
1585238066 2113
1585240672 2114
1585243652 2115
1585251319 2116
1585251319 2117
1585261803 2118
1585262332 2119
1585263851 2120
1585268345 2121
1585288515 2122
1585301109 2123
1585304706 2124
1585305658 2125
1585310549 2126
1585311433 2127
1585311899 2128
1585314085 2129
1585316504 2130
1585319094 2131
1585319159 2132
1585322469 2133
1585327192 2134
1585328026 2135
1585328490 2136
1585333771 2137
1585346148 2138
1585350976 2139
1585353990 2140
1585356207 2141
1585356371 2142
1585360524 2143
1585361662 2144
1585369988 2145
1585382707 2146
1585386805 2147
1585387998 2148
1585388193 2149
1585389750 2150
1585392523 2151
1585392618 2152
1585394792 2153
1585394884 2154
1585396836 2155
1585398129 2156
1585398427 2157
1585400478 2158
1585404098 2159
1585404557 2160
1585412626 2161
1585414574 2162
1585417603 2163
1585419974 2164
1585420272 2165
1585420291 2166
1585421386 2167
1585423320 2168
1585424064 2169
1585430555 2170
1585430645 2171
1585443960 2172
1585445651 2173
1585472433 2174
1585476346 2175
1585479210 2176
1585479263 2177
1585479332 2178
1585483132 2179
1585487616 2180
1585490235 2181
1585490932 2182
1585493515 2183
1585498217 2184
1585499064 2185
1585500286 2186
1585509737 2187
1585514615 2188
1585516106 2189
1585519706 2190
1585524810 2191
1585527163 2192
1585555288 2193
1585556713 2194
1585559913 2195
1585565813 2196
1585570161 2197
1585573744 2198
1585589129 2199
1585596575 2200
1585597177 2201
1585602471 2202
1585602970 2203
1585612585 2204
1585630900 2205
1585648520 2206
1585655891 2207
1585656637 2208
1585657363 2209
1585658180 2210
1585663394 2211
1585663771 2212
1585669104 2213
1585671581 2214
1585673758 2215
1585683070 2216
1585734524 2217
1585747126 2218
1585753528 2219
1585754670 2220
1585771679 2221
1585779285 2222
1585782160 2223
1585784845 2224
1585788319 2225
1585819439 2226
1585824580 2227
1585828269 2228
1585839586 2229
1585845237 2230
1585850566 2231
1585851896 2232
1585863545 2233
1585868544 2234
1585870417 2235
1585896732 2236
1585909362 2237
1585911361 2238
1585922674 2239
1585923276 2240
1585929679 2241
1585930158 2242
1585933597 2243
1585938272 2244
1585956132 2245
1585956148 2246
1585958224 2247
1585958903 2248
1585978559 2249
1585990855 2250
1586018401 2251
1586022561 2252
1586024419 2253
1586033963 2254
1586055536 2255
1586084722 2256
1586094239 2257
1586096921 2258
1586098273 2259
1586106175 2260
1586116282 2261
1586117364 2262
1586124149 2263
1586125852 2264
1586140078 2265
1586166331 2266
1586167324 2267
1586167525 2268
1586173488 2269
1586178654 2270
1586180464 2271
1586180827 2272
1586180969 2273
1586185203 2274
1586196788 2275
1586198448 2276
1586201201 2277
1586204953 2278
1586207756 2279
1586209225 2280
1586209803 2281
1586215370 2282
1586215990 2283
1586217136 2284
1586220876 2285
1586257436 2286
1586257636 2287
1586257793 2288
1586263293 2289
1586267032 2290
1586273011 2291
1586287352 2292
1586291159 2293
1586296495 2294
1586340034 2295
1586344691 2296
1586352309 2297
1586353198 2298
1586366562 2299
1586369200 2300
1586372256 2301
1586374570 2302
1586380714 2303
1586443351 2304
1586444161 2305
1586469718 2306
1586473546 2307
1586480270 2308
1586483090 2309
1586502196 2310
1586526174 2311
1586546792 2312
1586619429 2313
1586623787 2314
1586623848 2315
1586627751 2316
1586628030 2317
1586653267 2318
1586654915 2319
1586688618 2320
1586688908 2321
1586695295 2322
1586696313 2323
1586707820 2324
1586707993 2325
1586711928 2326
1586720951 2327
1586742804 2328
1586768656 2329
1586774139 2330
1586776882 2331
1586808336 2332
1586808458 2333
1586809248 2334
1586809543 2335
1586810787 2336
1586811360 2337
1586812405 2338
1586813743 2339
1586814080 2340
1586814428 2341
1586815525 2342
1586817822 2343
1586819093 2344
1586820709 2345
1586822306 2346
1586822802 2347
1586827138 2348
1586827865 2349
1586861284 2350
1586869759 2351
1586870050 2352
1586872137 2353
1586886578 2354
1586891379 2355
1586893337 2356
1586904795 2357
1586947331 2358
1586950857 2359
1586958467 2360
1586977822 2361
1586979899 2362
1586987719 2363
1587029238 2364
1587059746 2365
1587073381 2366
1587080119 2367
1587136721 2368
1587138812 2369
1587139400 2370
1587140673 2371
1587140774 2372
1587149305 2373
1587168594 2374
1587175508 2375
1587200619 2376
1587208834 2377
1587210213 2378
1587220757 2379
1587223103 2380
1587235686 2381
1587235704 2382
1587238887 2383
1587239610 2384
1587254262 2385
1587261679 2386
1587299017 2387
1587306140 2388
1587320496 2389
1587320779 2390
1587324792 2391
1587339383 2392
1587344879 2393
1587397051 2394
1587402510 2395
1587403093 2396
1587461283 2397
1587471890 2398
1587495926 2399
1587498763 2400
1587499959 2401
1587511870 2402
1587539243 2403
1587549267 2404
1587570243 2405
1587592012 2406
1587595194 2407
1587644363 2408
1587645366 2409
1587647615 2410
1587724929 2411
1587726321 2412
1587729615 2413
1587742326 2414
1587762593 2415
1587819968 2416
1587838120 2417
1587846345 2418
1587856384 2419
1587857274 2420
1587859442 2421
1587860616 2422
1587891002 2423
1587913492 2424
1587933119 2425
1587945481 2426
1588015992 2427
1588086561 2428
1588089493 2429
1588090888 2430
1588093201 2431
1588113491 2432
1588149741 2433
1588163866 2434
1588181489 2435
1588196144 2436
1588236411 2437
1588245006 2438
1588245247 2439
1588258162 2440
1588274752 2441
1588281474 2442
1588290785 2443
1588335402 2444
1588348232 2445
1588353601 2446
1588422315 2447
1588443322 2448
1588508906 2449
1588510780 2450
1588553946 2451
1588678574 2452
1588711572 2453
1588714176 2454
1588756707 2455
1588764674 2456
1588765228 2457
1588800382 2458
1588868510 2459
1588868688 2460
1588873336 2461
1588945360 2462
1588960193 2463
1588964238 2464
1589031904 2465
1589046370 2466
1589052771 2467
1589054435 2468
1589122640 2469
1589142107 2470
1589147525 2471
1589151966 2472
1589158220 2473
1589185295 2474
1589196756 2475
1589199978 2476
1589202262 2477
1589240803 2478
1589279565 2479
1589283745 2480
1589289898 2481
1589300676 2482
1589315651 2483
1589466719 2484
1589712998 2485
1589717842 2486
1589797025 2487
1589815205 2488
1589838154 2489
1589888721 2490
1590000499 2491
1590056110 2492
1590060606 2493
1590174302 2494
1590311890 2495
1590317795 2496
1590320194 2497
1590364234 2498
1590392359 2499
1590434559 2500
1590488619 2501
1590528518 2502
1590674666 2503
1590685472 2504
1590687762 2505
1590687933 2506
1590761553 2507
1590782132 2508
1590844281 2509
1590976337 2510
1591042554 2511
1591230086 2512
1591271783 2513
1591966267 2514
1592331989 2515
1592485322 2516
1592837643 2517
1592898386 2518
1593015879 2519
1593017013 2520
1593038373 2521
1593090633 2522
1593128449 2523
1593215394 2524
1593447713 2525
1593459816 2526
1593605710 2527
1593627817 2528
1594024819 2529
1594144217 2530
1594285384 2531
1594303365 2532
1594632323 2533
1594723510 2534
1594821611 2535
1595090195 2536
1595148222 2537
1595262121 2538
1595513781 2539
1595537065 2540
1595584791 2541
1595638088 2542
1595669522 2543
1595680752 2544
1595843992 2545
1595886709 2546
1595893651 2547
1595943850 2548
1596069774 2549
1596131843 2550
1596145097 2551
1596231560 2552
1596464543 2553
