1420801529 344
1421336256 345
1421848831 346
1422448642 347
1422879553 348
1423147330 349
1423822002 350
1424438180 351
1425041031 352
1425990064 353
1426257818 354
1426691258 355
1427120877 356
1427716751 357
1427984662 358
1428664139 359
1429197110 360
1429704771 361
1430225870 362
1430744350 363
1431006214 364
1431523483 365
1432134997 366
1432736628 367
1433339181 368
1434014539 369
1434719538 370
1435671841 371
1436343991 372
1437124633 373
1437722881 374
1438678579 375
1439367606 376
1439891963 377
1440414531 378
1440683696 379
1441187355 380
1441618891 381
1442242627 382
1442835486 383
1443193728 384
1443723404 385
1444295936 386
1444833439 387
1445347029 388
1445605879 389
1446042148 390
1446727532 391
1447329251 392
1448296110 393
1449053295 394
1449740223 395
1450456105 396
1451322970 397
