1283182868 1
1283454529 2
1283808277 3
1284042648 4
1284364138 5
1284499367 6
1284571241 7
1284725790 8
1284762676 9
1284998877 10
1285148744 11
1285241451 12
1285593942 13
1285778051 14
1286019732 15
1286458419 16
1287061550 17
1287406324 18
1287762511 19
1288706844 20
1289296553 21
1289913221 22
1290432092 23
1290625989 24
1290788299 25
1291199232 26
1291643433 27
1292164883 28
1292499299 29
1292947035 30
1293971870 31
1294397130 32
1294937626 33
1295348044 34
1295631787 35
1296490613 36
1296826190 37
1297184324 38
1297675751 39
1297955057 40
1299095359 41
1300116065 42
1300975313 43
1301555990 44
1302186539 45
1302688458 46
1303143318 47
1303993049 48
1305539074 49
1306937211 50
1308755179 51
1309354576 52
1310028183 53
1311161745 54
1311596660 55
1311764373 56
1312206949 57
1312444975 58
1312573031 59
1312977746 60
1313081443 61
1313160430 62
1313680676 63
1314261007 64
1314792695 65
1314966463 66
1315298324 67
1315401074 68
1315487241 69
1315574327 70
1315839719 71
1315931810 72
1316165811 73
1316514883 74
1316621749 75
1316773469 76
1317127867 77
1317280384 78
1317632952 79
1317882913 80
1318000135 81
1318345147 82
1318516086 83
1318944931 84
1319206991 85
1319633970 86
1320332521 87
1321283919 88
1321612574 89
1322129442 90
1323083119 91
1323427444 92
1324026938 93
1325669726 94
1326702025 95
1326983961 96
1327409897 97
1327676518 98
1328169620 99
1328709580 100
1329143244 101
1329320533 102
1329913002 103
1330939856 104
1331157291 105
1331821711 106
1332764617 107
1333109529 108
1334069300 109
1334578509 110
1334909249 111
1335533083 112
1336124212 113
1336554477 114
1336726618 115
1337154182 116
1337608767 117
1337848212 118
1338375065 119
1338560061 120
1339056272 121
1339489921 122
1339671451 123
1340037147 124
1340295614 125
1340721671 126
1341234690 127
1341403875 128
1341498652 129
1341850081 130
1342101903 131
1342451026 132
1342604777 133
1342702848 134
1342790140 135
1343115658 136
1343214535 137
1343304098 138
1343652534 139
1343829971 140
1343931479 141
1344259823 142
1344420138 143
1344597927 144
1344861248 145
1345103497 146
1345206693 147
1345546115 148
1345646091 149
1345735915 150
1345815402 151
1346076053 152
1346231355 153
1346333157 154
1346673462 155
1346853137 156
1347263736 157
1347608604 158
1348131582 159
1348653062 160
1348836936 161
1349248128 162
1349434922 163
1349704278 164
1349970664 165
1350391521 166
1350561680 167
1350986123 168
1351265263 169
1351613856 170
1352199927 171
1352377556 172
1352728697 173
1352986204 174
1353425057 175
1353678167 176
1354030505 177
1354194488 178
1354545446 179
1354788692 180
1355157581 181
1355406073 182
1355822126 183
1356085225 184
1357815835 185
1358512593 186
1358944752 187
1359471754 188
1359725054 189
1360155409 190
1360590007 191
1360919230 192
1361367932 193
1361972508 194
1362492879 195
1363091301 196
1363346067 197
1363787338 198
1364286776 199
1364908528 200
1365427740 201
1365775975 202
1366274635 203
1366625085 204
1366898535 205
1367922043 206
1369226440 207
1370331969 208
1370877642 209
1371479451 210
1372065671 211
1372405684 212
1372773967 213
1373357427 214
1374134643 215
1374672268 216
1375103517 217
1375344013 218
1375778925 219
1375973841 220
1376400833 221
1377082808 222
1377266822 223
1377767477 224
1378287909 225
1378791868 226
1378979228 227
1379511153 228
1379687063 229
1380029806 230
1380192534 231
1380620485 232
1380796056 233
1381240760 234
1381495338 235
1381836672 236
1381995576 237
1382105918 238
1382526625 239
1382693484 240
1383124891 241
1383584697 242
1383904635 243
1384346264 244
1384789521 245
1385028170 246
1385395093 247
1385570008 248
1385972215 249
1386147242 250
1386250593 251
1386683982 252
1386845670 253
1387371616 254
1387796005 255
1388737602 256
1389202594 257
1389635044 258
1389861806 259
1390230781 260
1390404790 261
1390830987 262
1391073001 263
1391507336 264
1391679671 265
1392026829 266
1392214445 267
1392387681 268
1392728717 269
1392826436 270
1392994734 271
1393407059 272
1393840800 273
1394035028 274
1394447969 275
1394699852 276
1395051019 277
1395226824 278
1395328149 279
1395657565 280
1395760406 281
1396024801 282
1396447843 283
1396877284 284
1397116904 285
1397555157 286
1397735172 287
1398246206 288
1398423792 289
1398844577 290
1399468075 291
1400074273 292
1400482964 293
1400750885 294
1401195088 295
1401714131 296
1401873672 297
1402067907 298
1402576890 299
1402935286 300
1403104275 301
1403596631 302
1403779327 303
1404214980 304
1404467743 305
1404892462 306
1405070950 307
1405590623 308
1406039602 309
1406626954 310
1406819171 311
1407321527 312
1407828622 313
1408372816 314
1408616698 315
1408973846 316
1409213902 317
1409660126 318
1410187178 319
1410790229 320
1411377756 321
1411550771 322
1411985562 323
1412238219 324
1412772019 325
1413278301 326
1413466887 327
1413817814 328
1414071625 329
1414493449 330
1414674621 331
1415019020 332
1415183414 333
1415352127 334
1415886523 335
1416302846 336
1416566578 337
1416990888 338
1417426564 339
1417702332 340
1418223200 341
1418810040 342
1419441426 343
